3.059180974960327148e+00
7.391935586929321289e-01
9.583049416542053223e-01
7.061169147491455078e-01
6.987386345863342285e-01
6.933049559593200684e-01
6.932370662689208984e-01
6.931881308555603027e-01
6.931024193763732910e-01
6.930380463600158691e-01
6.929900646209716797e-01
6.929521560668945312e-01
6.928321123123168945e-01
6.926705241203308105e-01
6.923851966857910156e-01
6.919246912002563477e-01
6.915088891983032227e-01
6.911569833755493164e-01
6.909691095352172852e-01
6.908669471740722656e-01
6.907607913017272949e-01
6.906917095184326172e-01
6.906785964965820312e-01
6.906433701515197754e-01
6.905952692031860352e-01
6.905195713043212891e-01
6.903886198997497559e-01
6.901736259460449219e-01
6.898642182350158691e-01
6.985039114952087402e-01
6.894299983978271484e-01
6.885517835617065430e-01
6.886609196662902832e-01
6.881156563758850098e-01
6.881301403045654297e-01
6.877849102020263672e-01
6.874237060546875000e-01
6.872461438179016113e-01
6.871554851531982422e-01
6.871165633201599121e-01
6.870753765106201172e-01
6.869252920150756836e-01
6.866032481193542480e-01
6.857402324676513672e-01
6.845877170562744141e-01
6.833543777465820312e-01
6.820303201675415039e-01
6.831656694412231445e-01
6.815876960754394531e-01
6.808022856712341309e-01
6.769714951515197754e-01
6.858683228492736816e-01
6.684808135032653809e-01
1.298947265625000000e+03
1.697051763534545898e+00
6.649832725524902344e-01
6.482380032539367676e-01
7.865122985839843750e+01
7.736175060272216797e-01
6.314759254455566406e-01
6.801100969314575195e-01
6.060221791267395020e-01
5.744436383247375488e-01
6.687823534011840820e-01
5.261698961257934570e-01
6.515580415725708008e-01
5.010450482368469238e-01
4.577754139900207520e-01
4.337495565414428711e-01
4.543405175209045410e-01
4.125660061836242676e-01
3.788186907768249512e-01
3.565642833709716797e-01
3.650591373443603516e-01
3.481210768222808838e-01
3.371790647506713867e-01
3.277336955070495605e-01
3.094335198402404785e-01
2.810868620872497559e-01
2.700009346008300781e-01
2.668938636779785156e-01
2.640016973018646240e-01
2.591756880283355713e-01
2.475724220275878906e-01
2.421942800283432007e-01
2.457441687583923340e-01
2.387959808111190796e-01
2.377185672521591187e-01
2.365390658378601074e-01
2.342691719532012939e-01
2.321847379207611084e-01
2.291399836540222168e-01
2.257518470287322998e-01
2.251497358083724976e-01
2.240458428859710693e-01
2.201194167137145996e-01
2.130285203456878662e-01
2.152102589607238770e-01
2.084316164255142212e-01
2.020708918571472168e-01
1.952659785747528076e-01
1.914376020431518555e-01
1.903053522109985352e-01
1.872188895940780640e-01
1.853920221328735352e-01
1.828112900257110596e-01
1.750485152006149292e-01
1.821328103542327881e-01
1.663412600755691528e-01
1.676842123270034790e-01
1.559273451566696167e-01
1.519184857606887817e-01
1.515800654888153076e-01
1.505905687808990479e-01
1.498520374298095703e-01
1.483426690101623535e-01
1.473653465509414673e-01
1.457238495349884033e-01
1.417229622602462769e-01
1.335398554801940918e-01
1.296724379062652588e-01
1.271701604127883911e-01
1.227094531059265137e-01
1.200020015239715576e-01
1.181423217058181763e-01
1.155086979269981384e-01
1.132201924920082092e-01
1.104250401258468628e-01
1.066256910562515259e-01
1.034391000866889954e-01
1.008243113756179810e-01
9.950245171785354614e-02
9.857864677906036377e-02
9.780766814947128296e-02
9.469991177320480347e-02
9.153646975755691528e-02
8.917029201984405518e-02
8.811853826045989990e-02
8.801053464412689209e-02
8.761128783226013184e-02
8.727746456861495972e-02
8.709227293729782104e-02
8.677890896797180176e-02
8.623757213354110718e-02
8.492583036422729492e-02
8.193632960319519043e-02
7.870309054851531982e-02
7.958805561065673828e-02
7.691133767366409302e-02
7.551768422126770020e-02
7.334222644567489624e-02
7.365309447050094604e-02
7.264278829097747803e-02
7.198565453290939331e-02
7.153434306383132935e-02
7.112705707550048828e-02
7.128839194774627686e-02
7.087003439664840698e-02
7.057687640190124512e-02
7.024131715297698975e-02
6.969518959522247314e-02
6.893776357173919678e-02
6.766083836555480957e-02
6.482447683811187744e-02
6.267817318439483643e-02
6.122779846191406250e-02
5.978435650467872620e-02
5.899192392826080322e-02
5.844762176275253296e-02
5.810131877660751343e-02
5.774170905351638794e-02
5.712805688381195068e-02
5.643616616725921631e-02
5.596309155225753784e-02
5.570665374398231506e-02
5.535689741373062134e-02
5.437027662992477417e-02
5.249377340078353882e-02
5.048983916640281677e-02
4.964806139469146729e-02
4.931003600358963013e-02
4.920727759599685669e-02
4.913176596164703369e-02
4.909034073352813721e-02
4.896858334541320801e-02
4.864151030778884888e-02
4.816752672195434570e-02
4.726685956120491028e-02
4.652253538370132446e-02
4.618075862526893616e-02
4.598958790302276611e-02
4.591785371303558350e-02
4.586337134242057800e-02
4.580521583557128906e-02
4.566935077309608459e-02
4.551053419709205627e-02
4.536379873752593994e-02
4.527109116315841675e-02
4.517145454883575439e-02
4.501753300428390503e-02
4.434553161263465881e-02
4.356966912746429443e-02
4.275194555521011353e-02
4.260826855897903442e-02
4.238614439964294434e-02
4.213050007820129395e-02
4.208027571439743042e-02
4.205184057354927063e-02
4.202025383710861206e-02
4.193229973316192627e-02
4.184692353010177612e-02
4.167845100164413452e-02
4.149469733238220215e-02
4.126321524381637573e-02
4.099257290363311768e-02
4.047865420579910278e-02
4.006266593933105469e-02
3.969220072031021118e-02
3.947872668504714966e-02
3.938950598239898682e-02
3.934133797883987427e-02
3.929150849580764771e-02
3.920719772577285767e-02
3.902162611484527588e-02
3.864046931266784668e-02
3.800833225250244141e-02
3.711900115013122559e-02
3.649451583623886108e-02
3.578812628984451294e-02
3.548808395862579346e-02
3.537992388010025024e-02
3.507414460182189941e-02
3.482645750045776367e-02
3.466534987092018127e-02
3.451951593160629272e-02
3.447019681334495544e-02
3.443166241049766541e-02
3.441176190972328186e-02
3.437898308038711548e-02
3.432360291481018066e-02
3.418045118451118469e-02
3.433286398649215698e-02
3.404849022626876831e-02
3.372784703969955444e-02
3.338783979415893555e-02
3.319161385297775269e-02
3.323227539658546448e-02
3.310639783740043640e-02
3.297388926148414612e-02
3.281684964895248413e-02
3.273019939661026001e-02
3.264824301004409790e-02
3.257996961474418640e-02
3.251577913761138916e-02
3.246535360813140869e-02
3.243238478899002075e-02
3.237162530422210693e-02
3.229593485593795776e-02
3.212439268827438354e-02
3.196873143315315247e-02
3.186421841382980347e-02
3.179969638586044312e-02
3.175295144319534302e-02
3.162510693073272705e-02
3.132304921746253967e-02
3.090348653495311737e-02
3.063667193055152893e-02
3.036532737314701080e-02
3.026476129889488220e-02
3.020303882658481598e-02
3.017928451299667358e-02
3.014766611158847809e-02
3.012858331203460693e-02
3.010189533233642578e-02
3.006244637072086334e-02
3.001638501882553101e-02
2.994510531425476074e-02
2.970944717526435852e-02
2.940779924392700195e-02
2.914747223258018494e-02
2.911263704299926758e-02
2.898994833230972290e-02
2.891825698316097260e-02
2.882444113492965698e-02
2.868678793311119080e-02
2.863795310258865356e-02
2.856287918984889984e-02
2.849408797919750214e-02
2.840374410152435303e-02
2.833312004804611206e-02
2.825000323355197906e-02
2.817533910274505615e-02
2.806125581264495850e-02
2.786222472786903381e-02
2.766363136470317841e-02
2.741628885269165039e-02
2.712208777666091919e-02
2.697073295712471008e-02
2.690432965755462646e-02
2.687342651188373566e-02
2.685171738266944885e-02
2.684267610311508179e-02
2.683502435684204102e-02
2.681933902204036713e-02
2.678631991147994995e-02
2.670570835471153259e-02
2.660476416349411011e-02
2.651971392333507538e-02
2.643157914280891418e-02
2.630244567990303040e-02
2.614350803196430206e-02
2.594829723238945007e-02
2.580442279577255249e-02
2.573827095329761505e-02
2.567919716238975525e-02
2.564709633588790894e-02
2.562178298830986023e-02
2.559441328048706055e-02
2.557612583041191101e-02
2.554501034319400787e-02
2.545572444796562195e-02
2.530419267714023590e-02
2.503581345081329346e-02
2.476043254137039185e-02
2.741915732622146606e-02
2.471490763127803802e-02
2.457033842802047729e-02
2.448453009128570557e-02
2.443207241594791412e-02
2.436618506908416748e-02
2.430386841297149658e-02
2.427684515714645386e-02
2.425783500075340271e-02
2.424928545951843262e-02
2.423761785030364990e-02
2.422749623656272888e-02
2.421245165169239044e-02
2.419615164399147034e-02
2.417339012026786804e-02
2.414795011281967163e-02
2.408947423100471497e-02
2.399055846035480499e-02
2.379504591226577759e-02
2.357061207294464111e-02
2.433718927204608917e-02
2.340779080986976624e-02
2.312736213207244873e-02
2.291600778698921204e-02
2.281411737203598022e-02
2.270400524139404297e-02
2.262563258409500122e-02
2.253848128020763397e-02
2.248083055019378662e-02
2.244329266250133514e-02
2.241130173206329346e-02
2.239007875323295593e-02
2.237389609217643738e-02
2.235616557300090790e-02
2.230541408061981201e-02
2.223514765501022339e-02
2.212585881352424622e-02
2.170823514461517334e-02
2.137384191155433655e-02
2.122033014893531799e-02
2.100777253508567810e-02
2.094469219446182251e-02
2.080998197197914124e-02
2.062509953975677490e-02
2.054765075445175171e-02
2.046753279864788055e-02
2.038891986012458801e-02
2.035229653120040894e-02
2.029994130134582520e-02
2.027173712849617004e-02
2.024769783020019531e-02
2.022230252623558044e-02
2.019294910132884979e-02
2.016025781631469727e-02
2.011596970260143280e-02
2.002576738595962524e-02
1.993079669773578644e-02
1.988206990063190460e-02
1.981475390493869781e-02
1.975297927856445312e-02
1.965597644448280334e-02
1.958980038762092590e-02
1.938164234161376953e-02
1.920130476355552673e-02
1.911794021725654602e-02
1.904445886611938477e-02
1.900526694953441620e-02
1.892849802970886230e-02
1.880624331533908844e-02
1.873416081070899963e-02
1.868777349591255188e-02
1.864876411855220795e-02
1.860727369785308838e-02
1.850758492946624756e-02
1.843230426311492920e-02
1.837169192731380463e-02
1.832275278866291046e-02
1.828292943537235260e-02
1.822822354733943939e-02
1.818488352000713348e-02
1.816368661820888519e-02
1.814145594835281372e-02
1.812571287155151367e-02
1.809764280915260315e-02
1.806461811065673828e-02
1.801915653049945831e-02
1.797806285321712494e-02
1.793628931045532227e-02
1.787189394235610962e-02
1.779493317008018494e-02
1.766028627753257751e-02
1.852692849934101105e-02
1.760785281658172607e-02
1.746669411659240723e-02
1.741381175816059113e-02
1.740187779068946838e-02
1.738779433071613312e-02
1.738032884895801544e-02
1.736588403582572937e-02
1.734261214733123779e-02
1.731494814157485962e-02
1.727664656937122345e-02
1.722745597362518311e-02
1.720214262604713440e-02
1.717712171375751495e-02
1.712807081639766693e-02
1.706820726394653320e-02
1.699329912662506104e-02
1.746362447738647461e-02
1.696782186627388000e-02
1.689435914158821106e-02
1.682975888252258301e-02
1.676843687891960144e-02
1.670649647712707520e-02
1.664934307336807251e-02
1.661700196564197540e-02
1.658733747899532318e-02
1.656319014728069305e-02
1.653515174984931946e-02
1.651432178914546967e-02
1.650302484631538391e-02
1.649211533367633820e-02
1.648261584341526031e-02
1.647450216114521027e-02
1.646557450294494629e-02
1.645197719335556030e-02
1.642991602420806885e-02
1.638233661651611328e-02
1.635719463229179382e-02
1.632810384035110474e-02
1.629399880766868591e-02
1.624715700745582581e-02
1.619902439415454865e-02
1.614555902779102325e-02
1.611248031258583069e-02
1.609668321907520294e-02
1.608673110604286194e-02
1.607616618275642395e-02
1.605851761996746063e-02
1.607484184205532074e-02
1.604917272925376892e-02
1.603912562131881714e-02
1.600838452577590942e-02
1.598668098449707031e-02
1.596295647323131561e-02
1.594565808773040771e-02
1.592854037880897522e-02
1.590174250304698944e-02
1.586917042732238770e-02
1.581204310059547424e-02
1.573876664042472839e-02
1.565533503890037537e-02
1.553171593695878983e-02
1.545000635087490082e-02
1.533457078039646149e-02
1.533264853060245514e-02
1.528179273009300232e-02
1.521143969148397446e-02
1.514238119125366211e-02
1.509165763854980469e-02
1.504921354353427887e-02
1.503281481564044952e-02
1.502550300210714340e-02
1.502041239291429520e-02
1.501356810331344604e-02
1.500209234654903412e-02
1.499063149094581604e-02
1.497916691005229950e-02
1.495695114135742188e-02
1.493497379124164581e-02
1.490725018084049225e-02
1.487033534795045853e-02
1.483420282602310181e-02
1.480036415159702301e-02
1.475878804922103882e-02
1.468284428119659424e-02
1.457964908331632614e-02
1.447502151131629944e-02
1.435038540512323380e-02
1.433950103819370270e-02
1.426370255649089813e-02
1.416800357401371002e-02
1.416119001805782318e-02
1.410770043730735779e-02
1.403844356536865234e-02
1.397801283746957779e-02
1.392061077058315277e-02
1.384597364813089371e-02
1.379322446882724762e-02
1.372088957577943802e-02
1.369086652994155884e-02
1.366130914539098740e-02
1.363763120025396347e-02
1.360991410911083221e-02
1.359957549721002579e-02
1.358460634946823120e-02
1.356268581002950668e-02
1.354561373591423035e-02
1.353119499981403351e-02
1.349885575473308563e-02
1.348791643977165222e-02
1.346841454505920410e-02
1.345165446400642395e-02
1.343236863613128662e-02
1.339923311024904251e-02
1.336896233260631561e-02
1.333556137979030609e-02
1.330615673214197159e-02
1.327489037066698074e-02
1.324908249080181122e-02
1.321671623736619949e-02
1.318145357072353363e-02
1.315087825059890747e-02
1.309880241751670837e-02
1.301328837871551514e-02
1.288276538252830505e-02
1.281540188938379288e-02
1.277904771268367767e-02
1.275244168937206268e-02
1.271842047572135925e-02
1.269812602549791336e-02
1.266999356448650360e-02
1.265306398272514343e-02
1.263539586216211319e-02
1.259926520287990570e-02
1.255349442362785339e-02
1.245737448334693909e-02
1.234091445803642273e-02
1.219560019671916962e-02
1.210046000778675079e-02
1.205392181873321533e-02
1.201630756258964539e-02
1.197520457208156586e-02
1.194958016276359558e-02
1.193775236606597900e-02
1.192574389278888702e-02
1.190656330436468124e-02
1.185515150427818298e-02
1.183022372424602509e-02
1.180237997323274612e-02
1.179234869778156281e-02
1.178800966590642929e-02
1.177400536835193634e-02
1.176452916115522385e-02
1.175472233444452286e-02
1.174034550786018372e-02
1.172475330531597137e-02
1.170642860233783722e-02
1.167706213891506195e-02
1.163810305297374725e-02
1.159182563424110413e-02
1.156112086027860641e-02
1.149742212146520615e-02
1.145564019680023193e-02
1.139788236469030380e-02
1.592128723859786987e-02
1.138043310493230820e-02
1.132959313690662384e-02
1.127708610147237778e-02
1.124174147844314575e-02
1.121226511895656586e-02
1.117325667291879654e-02
1.108815427869558334e-02
1.097243465483188629e-02
1.088030263781547546e-02
1.082826964557170868e-02
1.078567747026681900e-02
1.074750907719135284e-02
1.070750225335359573e-02
1.066678948700428009e-02
1.063272729516029358e-02
1.060093194246292114e-02
1.057049445807933807e-02
1.054122019559144974e-02
1.049609947949647903e-02
1.043917238712310791e-02
1.036138180643320084e-02
1.028107572346925735e-02
1.021732296794652939e-02
1.014313288033008575e-02
1.011503301560878754e-02
1.004477310925722122e-02
9.992191568017005920e-03
9.930301457643508911e-03
9.978631511330604553e-03
9.875480085611343384e-03
9.820765815675258636e-03
9.785032831132411957e-03
9.699465706944465637e-03
9.681697934865951538e-03
9.594523347914218903e-03
9.541386738419532776e-03
9.456980042159557343e-03
9.400843642652034760e-03
9.331785142421722412e-03
9.304979816079139709e-03
9.264266118407249451e-03
9.229104034602642059e-03
9.201125241816043854e-03
9.169326163828372955e-03
9.147047996520996094e-03
9.122768417000770569e-03
9.095082990825176239e-03
9.045445360243320465e-03
8.995770476758480072e-03
8.961890824139118195e-03
8.936086669564247131e-03
8.915139362215995789e-03
8.870142512023448944e-03
8.840734139084815979e-03
8.801032789051532745e-03
8.757462725043296814e-03
8.695262484252452850e-03
8.636996150016784668e-03
8.580180816352367401e-03
8.522713556885719299e-03
8.492323569953441620e-03
8.467906154692173004e-03
8.449238725006580353e-03
8.423254825174808502e-03
8.382512256503105164e-03
8.297147229313850403e-03
8.473694324493408203e-03
8.266234770417213440e-03
8.185289800167083740e-03
8.675618097186088562e-03
8.176498115062713623e-03
8.149089291691780090e-03
8.134247735142707825e-03
8.111164905130863190e-03
8.068291470408439636e-03
8.023926988244056702e-03
7.978940382599830627e-03
7.933858782052993774e-03
7.887709885835647583e-03
7.831476628780364990e-03
7.779594976454973221e-03
7.736475206911563873e-03
7.707495242357254028e-03
7.685901131480932236e-03
7.666062097996473312e-03
7.646271958947181702e-03
7.622529752552509308e-03
7.591367699205875397e-03
7.552075199782848358e-03
7.517360150814056396e-03
7.479696534574031830e-03
7.440615445375442505e-03
7.449959404766559601e-03
7.390373386442661285e-03
7.329786662012338638e-03
7.285618688911199570e-03
7.259476929903030396e-03
7.225292734801769257e-03
7.187969516962766647e-03
7.143178023397922516e-03
7.113161496818065643e-03
7.069775369018316269e-03
7.027254439890384674e-03
6.962080486118793488e-03
6.927614565938711166e-03
6.899007130414247513e-03
6.881440989673137665e-03
6.873958278447389603e-03
6.857768632471561432e-03
6.844999268651008606e-03
6.822750903666019440e-03
6.803722120821475983e-03
6.785099860280752182e-03
6.769632920622825623e-03
6.757346447557210922e-03
6.741093005985021591e-03
6.737442687153816223e-03
6.713062990456819534e-03
6.701988168060779572e-03
6.682295817881822586e-03
6.646556779742240906e-03
6.598383188247680664e-03
6.555916741490364075e-03
6.507134065032005310e-03
6.454319227486848831e-03
6.429383996874094009e-03
6.414277013391256332e-03
6.404672283679246902e-03
6.396509706974029541e-03
6.388953886926174164e-03
6.379771046340465546e-03
6.370837800204753876e-03
6.359305698424577713e-03
6.351654417812824249e-03
6.336698308587074280e-03
6.321516819298267365e-03
6.305536255240440369e-03
6.291411817073822021e-03
6.270903162658214569e-03
6.255521439015865326e-03
6.237948313355445862e-03
6.220895797014236450e-03
6.204585079103708267e-03
6.187356542795896530e-03
6.171068642288446426e-03
6.151142064481973648e-03
6.123560480773448944e-03
6.092376075685024261e-03
6.061322987079620361e-03
6.042538210749626160e-03
6.034079007804393768e-03
6.020567379891872406e-03
6.006955169141292572e-03
5.994085222482681274e-03
6.006089039146900177e-03
5.986832082271575928e-03
5.972231272608041763e-03
5.958725698292255402e-03
5.952469073235988617e-03
5.949154030531644821e-03
5.944995675235986710e-03
5.940083879977464676e-03
5.963032133877277374e-03
5.937010515481233597e-03
5.929061211645603180e-03
5.920873954892158508e-03
5.913885310292243958e-03
5.907320417463779449e-03
5.902484990656375885e-03
5.892076529562473297e-03
5.878534168004989624e-03
5.867742002010345459e-03
5.858246702700853348e-03
5.835154093801975250e-03
5.793037824332714081e-03
5.736680701375007629e-03
5.671164020895957947e-03
5.612855777144432068e-03
5.563485436141490936e-03
5.517418961971998215e-03
5.458124913275241852e-03
5.407447926700115204e-03
5.556371528655290604e-03
5.392507184296846390e-03
5.352519452571868896e-03
5.333712324500083923e-03
5.315384827554225922e-03
5.301760509610176086e-03
5.279635079205036163e-03
5.259712226688861847e-03
5.239869467914104462e-03
5.225580185651779175e-03
5.212082993239164352e-03
5.195668432861566544e-03
5.173290148377418518e-03
5.157656967639923096e-03
5.140936933457851410e-03
5.121396388858556747e-03
5.108323413878679276e-03
5.085287615656852722e-03
5.068932194262742996e-03
5.057527683675289154e-03
5.033396650105714798e-03
5.006517283618450165e-03
5.011017434298992157e-03
4.992896690964698792e-03
4.983681254088878632e-03
4.965302534401416779e-03
4.952055402100086212e-03
4.941266961395740509e-03
4.927557893097400665e-03
4.926321096718311310e-03
4.918156191706657410e-03
4.905427806079387665e-03
4.891586489975452423e-03
4.884496331214904785e-03
4.877292551100254059e-03
4.867429845035076141e-03
4.857303574681282043e-03
4.847953096032142639e-03
4.839796107262372971e-03
4.835249856114387512e-03
4.831612575799226761e-03
4.826520569622516632e-03
4.817713517695665359e-03
4.809250123798847198e-03
4.801166243851184845e-03
4.790192469954490662e-03
4.780201241374015808e-03
4.763369448482990265e-03
4.735622089356184006e-03
4.715697839856147766e-03
4.662713501602411270e-03
4.603490233421325684e-03
4.552277736365795135e-03
4.648746922612190247e-03
4.520275630056858063e-03
4.493207670748233795e-03
4.465632140636444092e-03
4.460962954908609390e-03
4.444629885256290436e-03
4.430767614394426346e-03
4.419968463480472565e-03
4.404119215905666351e-03
4.386631306260824203e-03
4.372959025204181671e-03
4.365261178463697433e-03
4.342542029917240143e-03
4.323776345700025558e-03
4.311140626668930054e-03
4.301479551941156387e-03
4.288774449378252029e-03
4.283252637833356857e-03
4.276939667761325836e-03
4.272404592484235764e-03
4.263195674866437912e-03
4.259073175489902496e-03
4.257138352841138840e-03
4.252878949046134949e-03
4.245838150382041931e-03
4.241066984832286835e-03
4.229027777910232544e-03
4.221549723297357559e-03
4.215504042804241180e-03
4.212058149278163910e-03
4.207265563309192657e-03
4.209298640489578247e-03
4.205520730465650558e-03
4.201350267976522446e-03
4.196424037218093872e-03
4.192480817437171936e-03
4.188005346804857254e-03
4.183811135590076447e-03
4.179936368018388748e-03
4.176977090537548065e-03
4.173719324171543121e-03
4.169371910393238068e-03
4.159482195973396301e-03
4.151697270572185516e-03
4.137641750276088715e-03
4.124157130718231201e-03
4.114562645554542542e-03
4.108529072254896164e-03
4.102570470422506332e-03
4.094511270523071289e-03
4.083950072526931763e-03
4.074953496456146240e-03
4.065913148224353790e-03
4.058883059769868851e-03
4.054372198879718781e-03
4.062070511281490326e-03
4.050516523420810699e-03
4.044006112962961197e-03
4.040089435875415802e-03
4.037757869809865952e-03
4.035617224872112274e-03
4.033497534692287445e-03
4.030101001262664795e-03
4.025275819003582001e-03
4.024599213153123856e-03
4.022499080747365952e-03
4.017871338874101639e-03
4.012055695056915283e-03
4.005574621260166168e-03
3.994476050138473511e-03
4.041797481477260590e-03
3.991876263171434402e-03
3.981310874223709106e-03
3.975900355726480484e-03
3.973230253905057907e-03
3.970902413129806519e-03
3.966784104704856873e-03
3.961458336561918259e-03
3.978950902819633484e-03
3.958222921937704086e-03
3.951449878513813019e-03
3.939261659979820251e-03
3.927687183022499084e-03
3.915950655937194824e-03
3.903631586581468582e-03
3.904603421688079834e-03
3.897622227668762207e-03
3.887316677719354630e-03
3.881779033690690994e-03
3.877619747072458267e-03
3.875892376527190208e-03
3.873070236295461655e-03
3.870145883411169052e-03
3.866035956889390945e-03
3.861329518258571625e-03
3.858127165585756302e-03
3.851697314530611038e-03
3.846287494525313377e-03
3.840205725282430649e-03
3.833790775388479233e-03
3.830309491604566574e-03
3.826052416115999222e-03
3.822560887783765793e-03
3.817673772573471069e-03
3.810339607298374176e-03
3.808636218309402466e-03
3.804418724030256271e-03
3.802383784204721451e-03
3.800228703767061234e-03
3.798073157668113708e-03
3.794495481997728348e-03
3.790984861552715302e-03
3.787313122302293777e-03
3.783875610679388046e-03
3.780611325055360794e-03
3.776934463530778885e-03
3.771688789129257202e-03
3.766419366002082825e-03
3.760167863219976425e-03
3.747774753719568253e-03
3.735747188329696655e-03
3.729386022314429283e-03
3.724980633705854416e-03
3.722725436091423035e-03
3.719771280884742737e-03
3.720627166330814362e-03
3.717464627698063850e-03
3.713804762810468674e-03
3.708545351400971413e-03
3.702247049659490585e-03
3.690656740218400955e-03
3.698466112837195396e-03
3.681712783873081207e-03
3.670637030154466629e-03
3.656544256955385208e-03
3.650975646451115608e-03
3.645204938948154449e-03
3.634315915405750275e-03
3.623771015554666519e-03
3.614380490034818649e-03
3.606679383665323257e-03
3.596473950892686844e-03
3.584121353924274445e-03
3.567608539015054703e-03
3.559642471373081207e-03
3.557359334081411362e-03
3.549204207956790924e-03
3.545458894222974777e-03
3.540331264957785606e-03
3.534641116857528687e-03
3.528154455125331879e-03
3.518813289701938629e-03
3.492332529276609421e-03
3.466919530183076859e-03
3.437117673456668854e-03
3.425466595217585564e-03
3.409135155379772186e-03
3.402253147214651108e-03
3.390469122678041458e-03
3.372481325641274452e-03
3.352079074829816818e-03
3.332770895212888718e-03
3.320647869259119034e-03
3.314501140266656876e-03
3.309636376798152924e-03
3.300006268545985222e-03
3.285249229520559311e-03
3.279876429587602615e-03
3.264902625232934952e-03
3.256591968238353729e-03
3.246748121455311775e-03
3.237024880945682526e-03
3.230951027944684029e-03
3.226289059966802597e-03
3.215060569345951080e-03
3.224501851946115494e-03
3.211460076272487640e-03
3.205957822501659393e-03
3.199924249202013016e-03
3.196388017386198044e-03
3.191802650690078735e-03
3.187514375895261765e-03
3.184021450579166412e-03
3.181480802595615387e-03
3.178541781380772591e-03
3.172630444169044495e-03
3.165968693792819977e-03
3.159211250022053719e-03
3.152282442897558212e-03
3.145942930132150650e-03
3.139767330139875412e-03
3.133483696728944778e-03
3.126627998426556587e-03
3.122376278042793274e-03
3.119247034192085266e-03
3.115881700068712234e-03
3.111797617748379707e-03
3.106632269918918610e-03
3.100431757047772408e-03
3.098058514297008514e-03
3.091468708589673042e-03
3.086013020947575569e-03
3.081641159951686859e-03
3.076730994507670403e-03
3.071632236242294312e-03
3.067333949729800224e-03
3.063147421926259995e-03
3.059530397877097130e-03
3.055604174733161926e-03
3.046227851882576942e-03
3.038785886019468307e-03
3.033463843166828156e-03
3.030434716492891312e-03
3.028130158782005310e-03
3.026152495294809341e-03
3.025448415428400040e-03
3.022151999175548553e-03
3.020531963557004929e-03
3.017036709934473038e-03
3.012933302670717239e-03
3.010708838701248169e-03
3.002486191689968109e-03
2.995705930516123772e-03
2.989057684317231178e-03
2.982259728014469147e-03
2.983899088576436043e-03
2.978437114506959915e-03
2.974979113787412643e-03
2.972482703626155853e-03
2.970801666378974915e-03
2.969486638903617859e-03
2.967035165056586266e-03
2.963086357340216637e-03
2.958065364509820938e-03
2.950652735307812691e-03
2.951166126877069473e-03
2.945906482636928558e-03
2.937295939773321152e-03
2.930683549493551254e-03
2.926668152213096619e-03
2.922255778685212135e-03
2.916515339165925980e-03
2.916286000981926918e-03
2.913622651249170303e-03
2.909222152084112167e-03
2.904822584241628647e-03
2.900036051869392395e-03
2.896010177209973335e-03
2.891235984861850739e-03
2.931580180302262306e-03
2.889362629503011703e-03
2.885601948946714401e-03
2.880347892642021179e-03
2.875456120818853378e-03
2.871712204068899155e-03
2.868339419364929199e-03
2.885845024138689041e-03
2.867160364985466003e-03
2.863063942641019821e-03
2.854035468772053719e-03
2.841739682480692863e-03
2.838285174220800400e-03
2.826878800988197327e-03
2.821946516633033752e-03
2.815187443047761917e-03
2.809986937791109085e-03
2.804777119308710098e-03
2.800566144287586212e-03
2.796066924929618835e-03
2.789580728858709335e-03
2.782875904813408852e-03
2.774448599666357040e-03
2.769000362604856491e-03
2.760832430794835091e-03
2.748717786744236946e-03
2.737897448241710663e-03
2.741248346865177155e-03
2.733150264248251915e-03
2.726503880694508553e-03
2.714787842705845833e-03
2.707007573917508125e-03
2.696691779419779778e-03
2.688738284632563591e-03
2.685273997485637665e-03
2.675568219274282455e-03
2.670589834451675415e-03
2.665546722710132599e-03
2.659741323441267014e-03
2.650890266522765160e-03
2.641534898430109024e-03
2.630842383950948715e-03
2.623483538627624512e-03
2.618495607748627663e-03
2.613417804241180420e-03
2.608071547001600266e-03
2.603573957458138466e-03
2.597301732748746872e-03
2.598676830530166626e-03
2.592093776911497116e-03
2.584924455732107162e-03
2.577174920588731766e-03
2.571663819253444672e-03
2.581939566880464554e-03
2.569618169218301773e-03
2.566281706094741821e-03
2.563290530815720558e-03
2.557698870077729225e-03
2.553169382736086845e-03
2.550102071836590767e-03
2.545904833823442459e-03
2.543098991736769676e-03
2.537115942686796188e-03
2.531484700739383698e-03
2.521836198866367340e-03
2.515459433197975159e-03
2.512346487492322922e-03
2.510356716811656952e-03
2.507015829905867577e-03
2.503187861293554306e-03
2.498603891581296921e-03
2.494680229574441910e-03
2.492087893187999725e-03
2.488179365172982216e-03
2.485191216692328453e-03
2.479844726622104645e-03
2.474610228091478348e-03
2.473640721291303635e-03
2.467046491801738739e-03
2.463496290147304535e-03
2.458567731082439423e-03
2.453369554132223129e-03
2.448743674904108047e-03
2.446448430418968201e-03
2.444416284561157227e-03
2.442335709929466248e-03
2.439030911773443222e-03
2.435871399939060211e-03
2.432633424177765846e-03
2.430540043860673904e-03
2.425919286906719208e-03
2.422968158498406410e-03
2.419337397441267967e-03
2.414276357740163803e-03
2.406483981758356094e-03
2.393932780250906944e-03
2.403524471446871758e-03
2.386751584708690643e-03
2.377761993557214737e-03
2.373642753809690475e-03
2.371101407334208488e-03
2.369740512222051620e-03
2.368355635553598404e-03
2.366565633565187454e-03
2.364470157772302628e-03
2.362550934776663780e-03
2.360163256525993347e-03
2.357299672439694405e-03
2.355456352233886719e-03
2.350663067772984505e-03
2.345600631088018417e-03
2.337611746042966843e-03
2.329870359972119331e-03
2.320901956409215927e-03
2.312594326213002205e-03
2.303517889231443405e-03
2.286494709551334381e-03
2.280234824866056442e-03
2.271639183163642883e-03
2.267335075885057449e-03
2.263566013425588608e-03
2.259986475110054016e-03
2.257096348330378532e-03
2.251889789476990700e-03
2.246978692710399628e-03
2.240380505099892616e-03
2.233131090179085732e-03
2.218403387814760208e-03
2.203423995524644852e-03
2.198225120082497597e-03
2.179870381951332092e-03
2.173370914533734322e-03
2.166782971471548080e-03
2.161411102861166000e-03
2.157202921807765961e-03
2.150716492906212807e-03
2.147257095202803612e-03
2.144061028957366943e-03
2.141822827979922295e-03
2.140101976692676544e-03
2.138582989573478699e-03
2.134509850293397903e-03
2.131086774170398712e-03
2.126294188201427460e-03
2.121755620464682579e-03
2.116151154041290283e-03
2.110192552208900452e-03
2.104022540152072906e-03
2.096791053190827370e-03
2.089603804051876068e-03
2.083124360069632530e-03
2.079249825328588486e-03
2.076991368085145950e-03
2.075758995488286018e-03
2.074387855827808380e-03
2.073281910270452499e-03
2.071348018944263458e-03
2.068395493552088737e-03
2.066325629130005836e-03
2.070443471893668175e-03
2.064874861389398575e-03
2.061901614069938660e-03
2.059909747913479805e-03
2.057796344161033630e-03
2.054738579317927361e-03
2.050800248980522156e-03
2.048436552286148071e-03
2.043522661551833153e-03
2.039199462160468102e-03
2.035606419667601585e-03
2.032082527875900269e-03
2.026315778493881226e-03
2.020704559981822968e-03
2.011742442846298218e-03
2.003422239795327187e-03
1.999122556298971176e-03
1.993563957512378693e-03
1.990335760638117790e-03
1.985489623621106148e-03
1.981515670195221901e-03
1.976472558453679085e-03
1.972602680325508118e-03
1.968592870980501175e-03
1.964377239346504211e-03
1.958070090040564537e-03
1.955845626071095467e-03
1.948522636666893959e-03
1.945849508047103882e-03
1.944169751368463039e-03
1.943085808306932449e-03
1.942288712598383427e-03
1.939100446179509163e-03
1.936905668117105961e-03
1.932792714796960354e-03
1.928640413098037243e-03
1.924106618389487267e-03
1.915209693834185600e-03
1.915907603688538074e-03
1.907487865537405014e-03
1.897469861432909966e-03
1.885899924673140049e-03
1.880285912193357944e-03
1.875028712674975395e-03
1.870035426691174507e-03
1.865140278823673725e-03
1.861546887084841728e-03
1.858447445556521416e-03
1.856342772953212261e-03
1.854279078543186188e-03
1.851990353316068649e-03
1.847496256232261658e-03
1.838863827288150787e-03
1.843361882492899895e-03
1.836330164223909378e-03
1.830728491768240929e-03
1.826600171625614166e-03
1.820643665269017220e-03
1.815256662666797638e-03
1.809963956475257874e-03
1.805451000109314919e-03
1.802026294171810150e-03
1.799412770196795464e-03
1.795493764802813530e-03
1.790243084542453289e-03
1.788438996300101280e-03
1.786887412890791893e-03
1.784775289706885815e-03
1.783506711944937706e-03
1.781359780579805374e-03
1.779149519279599190e-03
1.776876160874962807e-03
1.774830045178532600e-03
1.773050753399729729e-03
1.771840266883373260e-03
1.769015332683920860e-03
1.765292836353182793e-03
1.776202581822872162e-03
1.762286177836358547e-03
1.759717008098959923e-03
1.756282756105065346e-03
1.753545249812304974e-03
1.753001706674695015e-03
1.750672119669616222e-03
1.747380709275603294e-03
1.745794084854424000e-03
1.743982546031475067e-03
1.742109656333923340e-03
1.739433966577053070e-03
1.737056765705347061e-03
1.735428697429597378e-03
1.734039979055523872e-03
1.732753706164658070e-03
1.731368014588952065e-03
1.729537500068545341e-03
1.726963906548917294e-03
1.723971450701355934e-03
1.721587497740983963e-03
1.719660707749426365e-03
1.718484214507043362e-03
1.717497711069881916e-03
1.715615391731262207e-03
1.713128993287682533e-03
1.709991833195090294e-03
1.705994363874197006e-03
1.700930413790047169e-03
1.697683939710259438e-03
1.694714417681097984e-03
1.692623482085764408e-03
1.690384116955101490e-03
1.687427284196019173e-03
1.685875817202031612e-03
1.682473113760352135e-03
1.678411383181810379e-03
1.675917068496346474e-03
1.673216349445283413e-03
1.748263137415051460e-03
1.671383506618440151e-03
1.668591052293777466e-03
1.666568452492356300e-03
1.665553078055381775e-03
1.664596842601895332e-03
1.662456779740750790e-03
1.660753157921135426e-03
1.658617053180932999e-03
1.656029256992042065e-03
1.654622377827763557e-03
1.653439132496714592e-03
1.650836318731307983e-03
1.648945268243551254e-03
1.647024415433406830e-03
1.644232776015996933e-03
1.642819959670305252e-03
1.641726819798350334e-03
1.640697475522756577e-03
1.638990826904773712e-03
1.636948669329285622e-03
1.636209432035684586e-03
1.633785199373960495e-03
1.632294850423932076e-03
1.630103215575218201e-03
1.627577817998826504e-03
1.624202472157776356e-03
1.621052157133817673e-03
1.617504516616463661e-03
1.613422646187245846e-03
1.606845296919345856e-03
1.607389189302921295e-03
1.604987075552344322e-03
1.603243872523307800e-03
1.599848270416259766e-03
1.598143950104713440e-03
1.595791429281234741e-03
1.594274654053151608e-03
1.592806773260235786e-03
1.591081498190760612e-03
1.588553190231323242e-03
1.585979247465729713e-03
1.584149082191288471e-03
1.580414013005793095e-03
1.576639828272163868e-03
1.573197776451706886e-03
1.569188782013952732e-03
1.566688297316431999e-03
1.563260331749916077e-03
1.561125041916966438e-03
1.558475429192185402e-03
1.556864241138100624e-03
1.553448964841663837e-03
1.550290500745177269e-03
1.543919555842876434e-03
1.541714766062796116e-03
1.539444085210561752e-03
1.537384465336799622e-03
1.535316929221153259e-03
1.533024478703737259e-03
1.529955072328448296e-03
1.538828480988740921e-03
1.529045868664979935e-03
1.526816515251994133e-03
1.525630825199186802e-03
1.524609047919511795e-03
1.523584127426147461e-03
1.522500650025904179e-03
1.520727528259158134e-03
1.517690136097371578e-03
1.517042052000761032e-03
1.514255534857511520e-03
1.513043651357293129e-03
1.511427573859691620e-03
1.508127665147185326e-03
1.502227736636996269e-03
1.496998593211174011e-03
1.493115327320992947e-03
1.491692382842302322e-03
1.490487949922680855e-03
1.489537651650607586e-03
1.487906323745846748e-03
1.486029592342674732e-03
1.482257386669516563e-03
1.478334888815879822e-03
1.475889934226870537e-03
1.473887939937412739e-03
1.471882918849587440e-03
1.469105482101440430e-03
1.466803718358278275e-03
1.465601380914449692e-03
1.464356901124119759e-03
1.463186927139759064e-03
1.461547333747148514e-03
1.459645922295749187e-03
1.456925179809331894e-03
1.455224701203405857e-03
1.453808974474668503e-03
1.452799420803785324e-03
1.451413263566792011e-03
1.449351431801915169e-03
1.448265742510557175e-03
1.447401940822601318e-03
1.446953392587602139e-03
1.446502166800200939e-03
1.446025678887963295e-03
1.445246627554297447e-03
1.450411742553114891e-03
1.444812980480492115e-03
1.443972345441579819e-03
1.442801672965288162e-03
1.441191183403134346e-03
1.438035862520337105e-03
1.433932920917868614e-03
1.435314537957310677e-03
1.431949436664581299e-03
1.428805990144610405e-03
1.427022856660187244e-03
1.424325164407491684e-03
1.421708147972822189e-03
1.419287174940109253e-03
1.417167484760284424e-03
1.415348728187382221e-03
1.413051155395805836e-03
1.409728080034255981e-03
1.409308519214391708e-03
1.405088929459452629e-03
1.402983674779534340e-03
1.400529174134135246e-03
1.397354528307914734e-03
1.392484293319284916e-03
1.387904398143291473e-03
1.383765949867665768e-03
1.380562549456954002e-03
1.378339948132634163e-03
1.375771360471844673e-03
1.371961552649736404e-03
1.369469566270709038e-03
1.367332995869219303e-03
1.365776057355105877e-03
1.363909803330898285e-03
1.361542963422834873e-03
1.359177753329277039e-03
1.356282504275441170e-03
1.352647668682038784e-03
1.351459417492151260e-03
1.350282924249768257e-03
1.358947018161416054e-03
1.349936821497976780e-03
1.349355443380773067e-03
1.348396879620850086e-03
1.347347511909902096e-03
1.345672411844134331e-03
1.343037933111190796e-03
1.339291571639478207e-03
1.334747299551963806e-03
1.329450635239481926e-03
1.330131897702813148e-03
1.327912090346217155e-03
1.326147001236677170e-03
1.324363751336932182e-03
1.323481788858771324e-03
1.322644879110157490e-03
1.321950927376747131e-03
1.320992363616824150e-03
1.320309704169631004e-03
1.319019705988466740e-03
1.318241935223340988e-03
1.317190937697887421e-03
1.316813286393880844e-03
1.316387555561959743e-03
1.315985340625047684e-03
1.315413508564233780e-03
1.314240042120218277e-03
1.313770771957933903e-03
1.311808824539184570e-03
1.311065163463354111e-03
1.309878192842006683e-03
1.308902399614453316e-03
1.308004138991236687e-03
1.306674443185329437e-03
1.305153826251626015e-03
1.304100500419735909e-03
1.302680582739412785e-03
1.301599666476249695e-03
1.300253556109964848e-03
1.298623858019709587e-03
1.297481823712587357e-03
1.295638270676136017e-03
1.293628709390759468e-03
1.292026834562420845e-03
1.290760003030300140e-03
1.290316227823495865e-03
1.288917846977710724e-03
1.288031460717320442e-03
1.286840997636318207e-03
1.285838196054100990e-03
1.285499194636940956e-03
1.282837940379977226e-03
1.280983095057308674e-03
1.278133830055594444e-03
1.275836839340627193e-03
1.274236477911472321e-03
1.272730878554284573e-03
1.271016197279095650e-03
1.269454485736787319e-03
1.268592197448015213e-03
1.266093924641609192e-03
1.264667836949229240e-03
1.262836623936891556e-03
1.261367695406079292e-03
1.263936050236225128e-03
1.260368386283516884e-03
1.258853822946548462e-03
1.256647869013249874e-03
1.255481503903865814e-03
1.253690570592880249e-03
1.251278677955269814e-03
1.249443273991346359e-03
1.249266555532813072e-03
1.248318701982498169e-03
1.246971776708960533e-03
1.245363266207277775e-03
1.244459883309900761e-03
1.243079663254320621e-03
1.243293983861804008e-03
1.242320169694721699e-03
1.241059857420623302e-03
1.237324089743196964e-03
1.235454343259334564e-03
1.234004274010658264e-03
1.231603207997977734e-03
1.227791421115398407e-03
1.225453801453113556e-03
1.223530154675245285e-03
1.222598482854664326e-03
1.221771002747118473e-03
1.220979262143373489e-03
1.220400677993893623e-03
1.219630939885973930e-03
1.229438814334571362e-03
1.219481579028069973e-03
1.218933961354196072e-03
1.218057819642126560e-03
1.217092853039503098e-03
1.216174336150288582e-03
1.215102151036262512e-03
1.213662791997194290e-03
1.212790608406066895e-03
1.209862413816154003e-03
1.207924331538379192e-03
1.205015461891889572e-03
1.202766899950802326e-03
1.200791797600686550e-03
1.198245328851044178e-03
1.195073244161903858e-03
1.190097187645733356e-03
1.187099725939333439e-03
1.184001797810196877e-03
1.180486520752310753e-03
1.178324571810662746e-03
1.176669495180249214e-03
1.182848238386213779e-03
1.176339341327548027e-03
1.175919082015752792e-03
1.175451907329261303e-03
1.175090204924345016e-03
1.174554228782653809e-03
1.173466211184859276e-03
1.172329531982541084e-03
1.170784700661897659e-03
1.169319031760096550e-03
1.167612383142113686e-03
1.165828434750437737e-03
1.160570653155446053e-03
1.158530823886394501e-03
1.154348719865083694e-03
1.152420183643698692e-03
1.150132738985121250e-03
1.148434123024344444e-03
1.146977418102324009e-03
1.144078560173511505e-03
1.144379144534468651e-03
1.143219182267785072e-03
1.142002176493406296e-03
1.140624750405550003e-03
1.139871077612042427e-03
1.138974679633975029e-03
1.138877123594284058e-03
1.137999235652387142e-03
1.137574319727718830e-03
1.136955339461565018e-03
1.136440434493124485e-03
1.135824713855981827e-03
1.134806079789996147e-03
1.133582089096307755e-03
1.130378223024308681e-03
1.128830830566585064e-03
1.124919392168521881e-03
1.122220885008573532e-03
1.119747874327003956e-03
1.117667183279991150e-03
1.115577411837875843e-03
1.113115809857845306e-03
1.110697863623499870e-03
1.108299125917255878e-03
1.106637180782854557e-03
1.105015398934483528e-03
1.103506307117640972e-03
1.101983012631535530e-03
1.104234717786312103e-03
1.100976835004985332e-03
1.099440269172191620e-03
1.098526641726493835e-03
1.096716267056763172e-03
1.096077612601220608e-03
1.094527542591094971e-03
1.093321712687611580e-03
1.092499820515513420e-03
1.091986545361578465e-03
1.091680373065173626e-03
1.091428101062774658e-03
1.090967678464949131e-03
1.090209116227924824e-03
1.089058117941021919e-03
1.087807817384600639e-03
1.085886149667203426e-03
1.083758310414850712e-03
1.081679598428308964e-03
1.080100191757082939e-03
1.081770751625299454e-03
1.079605193808674812e-03
1.078812871128320694e-03
1.078404835425317287e-03
1.077842898666858673e-03
1.077233115211129189e-03
1.076107961125671864e-03
1.074427855201065540e-03
1.073227962478995323e-03
1.070980448275804520e-03
1.069055753760039806e-03
1.067191362380981445e-03
1.065621967427432537e-03
1.065554795786738396e-03
1.064508804120123386e-03
1.062760478816926479e-03
1.061745686456561089e-03
1.060912967659533024e-03
1.060182694345712662e-03
1.058985595591366291e-03
1.057248329743742943e-03
1.056471373885869980e-03
1.053548883646726608e-03
1.051935018040239811e-03
1.050297520123422146e-03
1.048676203936338425e-03
1.047483528964221478e-03
1.046391203999519348e-03
1.045183045789599419e-03
1.044204458594322205e-03
1.043473952449858189e-03
1.042798161506652832e-03
1.042013522237539291e-03
1.041061710566282272e-03
1.039782306179404259e-03
1.038065413013100624e-03
1.036507543176412582e-03
1.035351655445992947e-03
1.034490996971726418e-03
1.033538253977894783e-03
1.031878637149930000e-03
1.029011327773332596e-03
1.027302118018269539e-03
1.027869060635566711e-03
1.026595593430101871e-03
1.025171251967549324e-03
1.023807562887668610e-03
1.022790558636188507e-03
1.021945383399724960e-03
1.022797194309532642e-03
1.021263888105750084e-03
1.020580646581947803e-03
1.019690185785293579e-03
1.019042450934648514e-03
1.017446164041757584e-03
1.015596091747283936e-03
1.013475586660206318e-03
1.011030049994587898e-03
1.009641797281801701e-03
1.007765647955238819e-03
1.006504171527922153e-03
1.005299389362335205e-03
1.004548510536551476e-03
1.003176555968821049e-03
1.002059201709926128e-03
1.001021242700517178e-03
9.998315945267677307e-04
9.979878086596727371e-04
9.944729972630739212e-04
9.973691776394844055e-04
9.927984792739152908e-04
9.893012465909123421e-04
9.892515372484922409e-04
9.877912234514951706e-04
9.858285775408148766e-04
9.842830477282404900e-04
9.827472968026995659e-04
9.809150360524654388e-04
9.793274803087115288e-04
9.848541812971234322e-04
9.788135066628456116e-04
9.776304941624403000e-04
9.761751862242817879e-04
9.748433367349207401e-04
9.732780163176357746e-04
9.712273604236543179e-04
9.698168141767382622e-04
9.679243667051196098e-04
9.672211017459630966e-04
9.654978057369589806e-04
9.645302197895944118e-04
9.636771865189075470e-04
9.626928367651998997e-04
9.609595872461795807e-04
9.593764552846550941e-04
9.577111341059207916e-04
9.560701437294483185e-04
9.543471387587487698e-04
9.538574377074837685e-04
9.514285484328866005e-04
9.501712047494947910e-04
9.486913913860917091e-04
9.474655380472540855e-04
9.455217514187097549e-04
9.426388423889875412e-04
9.394357912242412567e-04
9.369765757583081722e-04
9.349392494186758995e-04
9.328353335149586201e-04
9.324115235358476639e-04
9.300431702286005020e-04
9.289961308240890503e-04
9.275332558900117874e-04
9.258756181225180626e-04
9.224952082149684429e-04
9.284768020734190941e-04
9.205322712659835815e-04
9.170942357741296291e-04
9.149425895884633064e-04
9.131692931987345219e-04
9.123183554038405418e-04
9.110128739848732948e-04
9.101235773414373398e-04
9.092062828131020069e-04
9.076249552890658379e-04
9.059424628503620625e-04
9.036989067681133747e-04
9.008005727082490921e-04
8.988743065856397152e-04
8.958348771557211876e-04
8.941055857576429844e-04
8.928012684918940067e-04
8.920361869968473911e-04
8.910762844607234001e-04
8.902492700144648552e-04
8.889870368875563145e-04
8.874157210811972618e-04
8.862976101227104664e-04
8.854795014485716820e-04
8.843832765705883503e-04
8.834080072119832039e-04
8.822532836347818375e-04
8.808962884359061718e-04
8.795922040008008480e-04
8.783377124927937984e-04
8.769117412157356739e-04
8.753254078328609467e-04
8.742145728319883347e-04
8.735126466490328312e-04
8.725345833227038383e-04
8.711989503353834152e-04
8.698279852978885174e-04
8.687025401741266251e-04
8.677867590449750423e-04
8.671648101881146431e-04
8.662719046697020531e-04
8.652884280309081078e-04
8.641805616207420826e-04
8.631583768874406815e-04
8.627566858194768429e-04
8.625186746940016747e-04
8.622397435829043388e-04
8.619931177236139774e-04
8.615958504378795624e-04
8.612005622126162052e-04
8.609769865870475769e-04
8.604780305176973343e-04
8.602344896644353867e-04
8.599965949542820454e-04
8.597400737926363945e-04
8.593340171501040459e-04
8.587101474404335022e-04
8.579066488891839981e-04
8.570125792175531387e-04
8.558328263461589813e-04
8.545664604753255844e-04
8.539062691852450371e-04
8.516763919033110142e-04
8.502561249770224094e-04
8.493528002873063087e-04
8.485781727358698845e-04
8.477996452711522579e-04
8.482252014800906181e-04
8.469176245853304863e-04
8.462814148515462875e-04
8.456363575533032417e-04
8.453368209302425385e-04
8.451165631413459778e-04
8.446118445135653019e-04
8.439390221610665321e-04
8.428056607954204082e-04
8.431501337327063084e-04
8.422491373494267464e-04
8.414697367697954178e-04
8.410793961957097054e-04
8.406828274019062519e-04
8.403134997934103012e-04
8.396363700740039349e-04
8.392130257561802864e-04
8.387650013901293278e-04
8.385209948755800724e-04
8.379503851756453514e-04
8.371013100259006023e-04
8.360458305105566978e-04
8.343747467733919621e-04
8.326263050548732281e-04
8.307831012643873692e-04
8.284022333100438118e-04
8.256993023678660393e-04
8.231638348661363125e-04
8.217002032324671745e-04
8.207278442569077015e-04
8.206325001083314419e-04
8.198212599381804466e-04
8.194526890292763710e-04
8.190367370843887329e-04
8.186780032701790333e-04
8.181579760275781155e-04
8.184004109352827072e-04
8.177861454896628857e-04
8.170694345608353615e-04
8.165148319676518440e-04
8.167840423993766308e-04
8.161484147422015667e-04
8.155655814334750175e-04
8.151642396114766598e-04
8.145237225107848644e-04
8.140561403706669807e-04
8.137186523526906967e-04
8.128085755743086338e-04
8.118884288705885410e-04
8.106154855340719223e-04
8.092569187283515930e-04
8.073920034803450108e-04
8.166222833096981049e-04
8.057160302996635437e-04
8.035515784285962582e-04
8.013964979909360409e-04
8.007065625861287117e-04
7.997622597031295300e-04
7.982758106663823128e-04
7.968947757035493851e-04
7.956443587318062782e-04
7.951206061989068985e-04
7.947861449792981148e-04
7.944704848341643810e-04
7.941026706248521805e-04
7.934051100164651871e-04
7.927606347948312759e-04
7.928513805381953716e-04
7.925463141873478889e-04
7.921065553091466427e-04
7.918840274214744568e-04
7.914634770713746548e-04
7.909795385785400867e-04
7.899917545728385448e-04
7.887213723734021187e-04
7.879587356001138687e-04
7.898348849266767502e-04
7.870215922594070435e-04
7.862353813834488392e-04
7.852528360672295094e-04
7.848576642572879791e-04
7.841365877538919449e-04
7.833873387426137924e-04
7.826325017958879471e-04
7.820663158781826496e-04
7.815446006134152412e-04
7.808223599568009377e-04
7.797268917784094810e-04
7.794974371790885925e-04
7.774734986014664173e-04
7.765588234178721905e-04
7.743458263576030731e-04
7.727335323579609394e-04
7.711462676525115967e-04
7.689275080338120461e-04
7.671148050576448441e-04
7.651405758224427700e-04
8.168680360540747643e-04
7.648563478142023087e-04
7.640817202627658844e-04
7.631964981555938721e-04
7.623367127962410450e-04
7.616773946210741997e-04
7.606978178955614567e-04
7.592280744574964046e-04
7.581489626318216324e-04
7.567455759271979332e-04
7.557562785223126411e-04
7.543826941400766373e-04
7.522967644035816193e-04
7.500483770854771137e-04
7.504185196012258530e-04
7.488147821277379990e-04
7.467422401532530785e-04
7.456912426277995110e-04
7.446821546182036400e-04
7.440251065418124199e-04
7.435925654135644436e-04
7.431334815919399261e-04
7.426409283652901649e-04
7.417722954414784908e-04
7.404242642223834991e-04
7.387960795313119888e-04
7.375961868092417717e-04
7.414121064357459545e-04
7.372733671218156815e-04
7.366983336396515369e-04
7.357151480391621590e-04
7.357596186921000481e-04
7.347140344791114330e-04
7.320852018892765045e-04
7.290265057235956192e-04
7.276621763594448566e-04
7.270195637829601765e-04
7.263831794261932373e-04
7.246736204251646996e-04
7.252995274029672146e-04
7.235318771563470364e-04
7.224318105727434158e-04
7.214774377644062042e-04
7.206730078905820847e-04
7.189047173596918583e-04
7.220169063657522202e-04
7.173765916377305984e-04
7.156307692639529705e-04
7.134805782698094845e-04
7.124668336473405361e-04
7.123860996216535568e-04
7.115264888852834702e-04
7.107091369107365608e-04
7.102488889358937740e-04
7.096655317582190037e-04
7.086457335390150547e-04
7.083428208716213703e-04
7.069471757858991623e-04
7.061739452183246613e-04
7.063286611810326576e-04
7.057501352392137051e-04
7.048811530694365501e-04
7.042108336463570595e-04
7.029965636320412159e-04
7.017432944849133492e-04
7.005423540249466896e-04
6.998226745054125786e-04
6.994968862272799015e-04
6.990839028730988503e-04
6.987450760789215565e-04
6.984245846979320049e-04
6.979557801969349384e-04
6.974401185289025307e-04
6.968895904719829559e-04
6.955451099202036858e-04
6.946175708435475826e-04
6.933871773071587086e-04
6.918684812262654305e-04
6.929829251021146774e-04
6.910021766088902950e-04
6.895698606967926025e-04
6.889658397994935513e-04
6.884651957079768181e-04
6.879891152493655682e-04
6.871424848213791847e-04
6.859192508272826672e-04
7.036674651317298412e-04
6.854819948785007000e-04
6.841353024356067181e-04
6.832534563727676868e-04
6.841981085017323494e-04
6.826111348345875740e-04
6.818552501499652863e-04
6.808692705817520618e-04
6.797026144340634346e-04
6.779385730624198914e-04
6.763422861695289612e-04
6.750491447746753693e-04
6.742655532434582710e-04
6.735693314112722874e-04
6.727927247993648052e-04
6.721633835695683956e-04
6.714733317494392395e-04
6.710981251671910286e-04
6.707175052724778652e-04
6.701131351292133331e-04
6.694840267300605774e-04
6.688928697258234024e-04
6.682997336611151695e-04
6.678266217932105064e-04
6.674079922959208488e-04
6.666376721113920212e-04
6.661197403445839882e-04
6.652411539107561111e-04
6.647219997830688953e-04
6.635740865021944046e-04
6.626768154092133045e-04
6.620113272219896317e-04
6.612939178012311459e-04
6.601376808248460293e-04
6.592028657905757427e-04
6.580917397513985634e-04
6.572757265530526638e-04
6.568409153260290623e-04
6.562886410392820835e-04
6.555813015438616276e-04
6.552761769853532314e-04
6.549806566908955574e-04
6.546440999954938889e-04
6.541887996718287468e-04
6.540615577250719070e-04
6.538809393532574177e-04
6.534204585477709770e-04
6.532632978633046150e-04
6.533911218866705894e-04
6.530424579977989197e-04
6.526149809360504150e-04
6.522573530673980713e-04
6.517288275063037872e-04
6.512398831546306610e-04
6.504233460873365402e-04
6.580468034371733665e-04
6.502674659714102745e-04
6.497195572592318058e-04
6.491795647889375687e-04
6.486158818006515503e-04
6.477606948465108871e-04
6.469857180491089821e-04
6.461257580667734146e-04
6.451802910305559635e-04
6.452269153669476509e-04
6.447808118537068367e-04
6.440358702093362808e-04
6.434273673221468925e-04
6.426755571737885475e-04
6.420353893190622330e-04
6.413990049622952938e-04
6.415838142856955528e-04
6.407527253031730652e-04
6.400952115654945374e-04
6.395176751539111137e-04
6.389578920789062977e-04
6.379487458616495132e-04
6.375304074026644230e-04
6.371155614033341408e-04
6.366664310917258263e-04
6.363525753840804100e-04
6.360227707773447037e-04
6.356865633279085159e-04
6.353677017614245415e-04
6.349214236252009869e-04
6.347778835333883762e-04
6.339211831800639629e-04
6.334162899293005466e-04
6.330106407403945923e-04
6.328020244836807251e-04
6.326732691377401352e-04
6.324688438326120377e-04
6.322415429167449474e-04
6.318053347058594227e-04
6.314396159723401070e-04
6.310532335191965103e-04
6.306405994109809399e-04
6.303511327132582664e-04
6.301694666035473347e-04
6.299355300143361092e-04
6.297948420979082584e-04
6.297977524809539318e-04
6.294923950918018818e-04
6.293095648288726807e-04
6.291538011282682419e-04
6.289256853051483631e-04
6.287228316068649292e-04
6.284684059210121632e-04
6.281110690906643867e-04
6.279590306803584099e-04
6.276781787164509296e-04
6.327334558591246605e-04
6.275664782151579857e-04
6.271375459618866444e-04
6.266045966185629368e-04
6.261687376536428928e-04
6.299689412117004395e-04
6.260985392145812511e-04
6.258403882384300232e-04
6.255527259781956673e-04
6.254332838580012321e-04
6.253474275581538677e-04
6.252205930650234222e-04
6.250363076105713844e-04
6.248194258660078049e-04
6.245193653739988804e-04
6.240692455321550369e-04
6.242690724320709705e-04
6.239182548597455025e-04
6.235681939870119095e-04
6.233492167666554451e-04
6.228322745300829411e-04
6.221293006092309952e-04
6.213126471266150475e-04
6.207438418641686440e-04
6.201795185916125774e-04
6.197807961143553257e-04
6.195242167450487614e-04
6.193582084961235523e-04
6.192531436681747437e-04
6.191445281729102135e-04
6.190049462020397186e-04
6.187862600199878216e-04
6.185288075357675552e-04
6.181626231409609318e-04
6.180466152727603912e-04
6.170632550492882729e-04
6.164937512949109077e-04
6.160755874589085579e-04
6.158021278679370880e-04
6.153765134513378143e-04
6.148217944428324699e-04
6.143879145383834839e-04
6.141000194475054741e-04
6.137982127256691456e-04
6.136466399766504765e-04
6.135656731203198433e-04
6.134931463748216629e-04
6.134333088994026184e-04
6.133444840088486671e-04
6.132271955721080303e-04
6.129484390839934349e-04
6.127870874479413033e-04
6.126210209913551807e-04
6.123828934505581856e-04
6.122025661170482635e-04
6.118672317825257778e-04
6.116418517194688320e-04
6.111979600973427296e-04
6.109144305810332298e-04
6.106973160058259964e-04
6.104587810114026070e-04
6.101656472310423851e-04
6.096136057749390602e-04
6.094788550399243832e-04
6.087957299314439297e-04
6.084767519496381283e-04
6.080949096940457821e-04
6.077417638152837753e-04
6.072598043829202652e-04
6.075798883102834225e-04
6.069957744330167770e-04
6.065039196982979774e-04
6.056941929273307323e-04
6.045933114364743233e-04
6.032500532455742359e-04
6.021690787747502327e-04
6.012697704136371613e-04
6.004669703543186188e-04
5.999804707244038582e-04
5.994467064738273621e-04
5.986955948173999786e-04
5.980313871987164021e-04
6.007860647514462471e-04
5.976189277134835720e-04
5.975351086817681789e-04
5.971500067971646786e-04
5.966894095763564110e-04
5.961029091849923134e-04
5.955114611424505711e-04
5.945044686086475849e-04
5.937198293395340443e-04
5.925636505708098412e-04
5.912754568271338940e-04
6.015234393998980522e-04
5.909277242608368397e-04
5.898687522858381271e-04
5.894546047784388065e-04
5.891901091672480106e-04
5.886693834327161312e-04
5.880435928702354431e-04
5.877268267795443535e-04
5.868401494808495045e-04
5.864711711183190346e-04
5.861049285158514977e-04
5.854477640241384506e-04
5.846504936926066875e-04
5.841696984134614468e-04
5.836052587255835533e-04
5.830925074405968189e-04
5.822374369017779827e-04
5.820124642923474312e-04
5.814455216750502586e-04
5.808311980217695236e-04
5.803416715934872627e-04
5.798832280561327934e-04
5.795044125989079475e-04
5.791992298327386379e-04
5.786161636933684349e-04
5.778011982329189777e-04
5.766658578068017960e-04
5.797735648229718208e-04
5.759797641076147556e-04
5.749299889430403709e-04
5.738929612562060356e-04
5.729806143790483475e-04
5.714575527235865593e-04
5.701789632439613342e-04
5.692266277037560940e-04
5.685730138793587685e-04
5.680352915078401566e-04
5.674969870597124100e-04
5.668650264851748943e-04
5.662941839545965195e-04
5.656899884343147278e-04
5.651093088090419769e-04
5.651488900184631348e-04
5.648013902828097343e-04
5.641783354803919792e-04
5.637859576381742954e-04
5.633883411064743996e-04
5.628352519124746323e-04
5.621137097477912903e-04
5.610566586256027222e-04
5.633528344333171844e-04
5.607461207546293736e-04
5.598876741714775562e-04
5.591487279161810875e-04
5.584045429714024067e-04
5.578577402047812939e-04
5.574325332418084145e-04
5.571044748649001122e-04
5.568399210460484028e-04
5.566885229200124741e-04
5.565980100072920322e-04
5.564888124354183674e-04
5.563265876844525337e-04
5.559590063057839870e-04
5.555772804655134678e-04
5.552541115321218967e-04
5.553883966058492661e-04
5.550892092287540436e-04
5.548463086597621441e-04
5.545639432966709137e-04
5.543990409933030605e-04
5.541251739487051964e-04
5.535366362892091274e-04
5.530256312340497971e-04
5.524809239432215691e-04
5.520750419236719608e-04
5.518130492419004440e-04
5.514463409781455994e-04
5.519731785170733929e-04
5.513081559911370277e-04
5.510339979082345963e-04
5.507103051058948040e-04
5.503811407834291458e-04
5.501065170392394066e-04
5.498566897585988045e-04
5.497081438079476357e-04
5.495752557180821896e-04
5.494499346241354942e-04
5.491737392731010914e-04
5.487691960297524929e-04
5.482024280354380608e-04
5.474528879858553410e-04
5.467660957947373390e-04
5.462949629873037338e-04
5.460558459162712097e-04
5.459018284454941750e-04
5.454565980471670628e-04
5.455907667055726051e-04
5.450100870802998543e-04
5.444920388981699944e-04
5.441612447611987591e-04
5.437835934571921825e-04
5.435174680314958096e-04
5.433577462099492550e-04
5.432047182694077492e-04
5.430993624031543732e-04
5.429948796518146992e-04
5.428650765679776669e-04
5.426756106317043304e-04
5.439450615085661411e-04
5.424936534836888313e-04
5.422892281785607338e-04
5.421272944658994675e-04
5.421367823146283627e-04
5.420829402282834053e-04
5.419880617409944534e-04
5.416378844529390335e-04
5.414088955149054527e-04
5.416041240096092224e-04
5.412968457676470280e-04
5.411238525994122028e-04
5.409198347479104996e-04
5.406385753303766251e-04
5.402973620221018791e-04
5.400953814387321472e-04
5.396652268245816231e-04
5.393346655182540417e-04
5.390160949900746346e-04
5.390642909333109856e-04
5.387787241488695145e-04
5.382609087973833084e-04
5.371071747504174709e-04
5.360036739148199558e-04
5.351872532628476620e-04
5.339506897144019604e-04
5.333808949217200279e-04
5.327389808371663094e-04
5.323464283719658852e-04
5.315823364071547985e-04
5.324294907040894032e-04
5.311031709425151348e-04
5.300411721691489220e-04
5.296481540426611900e-04
5.292012356221675873e-04
5.287841195240616798e-04
5.284679937176406384e-04
5.280236946418881416e-04
5.275841685943305492e-04
5.273189744912087917e-04
5.270860274322330952e-04
5.267786327749490738e-04
5.264283390715718269e-04
5.260079633444547653e-04
5.256049335002899170e-04
5.252896808087825775e-04
5.250069079920649529e-04
5.245978245511651039e-04
5.240358877927064896e-04
5.253135459497570992e-04
5.237742443569004536e-04
5.233334377408027649e-04
5.228361696936190128e-04
5.221366882324218750e-04
5.212040850892663002e-04
5.202963948249816895e-04
5.195282865315675735e-04
5.189028452150523663e-04
5.184226902201771736e-04
5.174202378839254379e-04
5.171555094420909882e-04
5.168198258616030216e-04
5.166414775885641575e-04
5.164531175978481770e-04
5.162665620446205139e-04
5.160353612154722214e-04
5.158288404345512390e-04
5.156210390850901604e-04
5.154369864612817764e-04
5.151922814548015594e-04
5.149196367710828781e-04
5.147380288690328598e-04
5.144039751030504704e-04
5.140723078511655331e-04
5.135389510542154312e-04
5.130507634021341801e-04
5.127579788677394390e-04
5.124470917508006096e-04
5.123651935718953609e-04
5.120590212754905224e-04
5.119241541251540184e-04
5.116564570926129818e-04
5.113061633892357349e-04
5.110125057399272919e-04
5.108157638460397720e-04
5.106863682158291340e-04
5.104896845296025276e-04
5.105965537950396538e-04
5.103525472804903984e-04
5.101746064610779285e-04
5.099035915918648243e-04
5.097863031551241875e-04
5.096885142847895622e-04
5.095561500638723373e-04
5.094569060020148754e-04
5.092875799164175987e-04
5.112740909680724144e-04
5.092216306366026402e-04
5.090808845125138760e-04
5.088606267236173153e-04
5.086983437649905682e-04
5.086374585516750813e-04
5.084081203676760197e-04
5.083521828055381775e-04
5.082535790279507637e-04
5.081634153611958027e-04
5.080343689769506454e-04
5.078677786514163017e-04
5.077859968878328800e-04
5.076166708022356033e-04
5.074911750853061676e-04
5.074130021966993809e-04
5.073131760582327843e-04
5.071706837043166161e-04
5.069816834293305874e-04
5.084830336272716522e-04
5.069235339760780334e-04
5.067583988420665264e-04
5.066492594778537750e-04
5.065794684924185276e-04
5.065347650088369846e-04
5.064473953098058701e-04
5.063337157480418682e-04
5.061430856585502625e-04
5.065161967650055885e-04
5.060479161329567432e-04
5.058470997028052807e-04
5.057934322394430637e-04
5.055805668234825134e-04
5.054788780398666859e-04
5.055146175436675549e-04
5.053928471170365810e-04
5.051234038546681404e-04
5.047164158895611763e-04
5.043932469561696053e-04
5.040575633756816387e-04
5.036910297349095345e-04
5.033070337958633900e-04
5.028877058066427708e-04
5.024442216381430626e-04
5.025881691835820675e-04
5.022736149840056896e-04
5.019762320443987846e-04
5.016751820221543312e-04
5.013727932237088680e-04
5.016251234337687492e-04
5.012177280150353909e-04
5.008261650800704956e-04
5.000404198653995991e-04
5.062869167886674404e-04
4.997105570510029793e-04
4.991558380424976349e-04
4.983867402188479900e-04
4.980590892955660820e-04
4.976972122676670551e-04
4.985960549674928188e-04
4.976046038791537285e-04
4.973951727151870728e-04
4.971547168679535389e-04
4.969635629095137119e-04
4.967512795701622963e-04
4.965490079484879971e-04
4.960778169333934784e-04
4.956362536177039146e-04
4.948045825585722923e-04
4.941225633956491947e-04
4.935830365866422653e-04
4.930140567012131214e-04
4.926568944938480854e-04
4.924133536405861378e-04
4.919937928207218647e-04
4.915881436318159103e-04
4.911878495477139950e-04
4.907367983832955360e-04
4.906020476482808590e-04
4.899151972495019436e-04
4.896834143437445164e-04
4.894286394119262695e-04
4.891510470770299435e-04
4.888620460405945778e-04
4.885165835730731487e-04
4.881723434664309025e-04
4.878370673395693302e-04
4.876262973994016647e-04
4.873625584878027439e-04
4.870064731221646070e-04
4.865973314736038446e-04
4.860336193814873695e-04
4.855184815824031830e-04
4.851099511142820120e-04
4.846914962399750948e-04
4.849273245781660080e-04
4.844791255891323090e-04
4.842030757572501898e-04
4.838944587390869856e-04
4.836833977606147528e-04
4.834843566641211510e-04
4.832847043871879578e-04
4.834147111978381872e-04
4.831673577427864075e-04
4.829982062801718712e-04
4.825616197194904089e-04
4.823890631087124348e-04
4.821217444259673357e-04
4.821435431949794292e-04
4.820463072974234819e-04
4.818955203518271446e-04
4.817624867428094149e-04
4.814023268409073353e-04
4.810659738723188639e-04
4.818578890990465879e-04
4.809618694707751274e-04
4.806760407518595457e-04
4.805399512406438589e-04
4.804377676919102669e-04
4.803260962944477797e-04
4.801382892765104771e-04
4.798935842700302601e-04
4.794370906893163919e-04
4.789001541212201118e-04
4.785076889675110579e-04
4.782039322890341282e-04
4.779010778293013573e-04
4.774199915118515491e-04
4.767648642882704735e-04
4.763355536852031946e-04
4.760294395964592695e-04
4.759136354550719261e-04
4.755191621370613575e-04
4.753511166200041771e-04
4.751369124278426170e-04
4.748530918732285500e-04
4.746949998661875725e-04
4.745253245346248150e-04
4.743620520457625389e-04
4.742066375911235809e-04
4.740348376799374819e-04
4.738199640996754169e-04
4.736739501822739840e-04
4.734554677270352840e-04
4.730958025902509689e-04
4.726049664895981550e-04
4.724805476143956184e-04
4.715110699180513620e-04
4.709614440798759460e-04
4.705223254859447479e-04
4.703060549218207598e-04
4.700398712884634733e-04
4.697446420323103666e-04
4.694026720244437456e-04
4.692459187936037779e-04
4.690596833825111389e-04
4.688726621679961681e-04
4.685748426709324121e-04
4.681765858549624681e-04
4.676930257119238377e-04
4.680252168327569962e-04
4.673760267905890942e-04
4.670283524319529533e-04
4.666784079745411873e-04
4.662755818571895361e-04
4.657263052649796009e-04
4.652251373045146465e-04
4.648105823434889317e-04
4.645984154194593430e-04
4.642121202778071165e-04
4.638420068658888340e-04
4.634910437744110823e-04
4.629081231541931629e-04
4.739990981761366129e-04
4.627591697499155998e-04
4.622396663762629032e-04
4.618478124029934406e-04
4.614416975528001785e-04
4.610859323292970657e-04
4.607971641235053539e-04
4.606349975802004337e-04
4.604999558068811893e-04
4.602245462592691183e-04
4.597190127242356539e-04
4.600634274538606405e-04
4.595097852870821953e-04
4.589892923831939697e-04
4.583681293297559023e-04
4.578657099045813084e-04
4.572846228256821632e-04
4.568148287944495678e-04
4.560335655696690083e-04
4.553822509478777647e-04
4.546894342638552189e-04
4.543726972769945860e-04
4.541020898614078760e-04
4.538228386081755161e-04
4.535206244327127934e-04
4.530907026492059231e-04
4.527998971752822399e-04
4.525172407738864422e-04
4.521001537796109915e-04
4.519016656558960676e-04
4.513738094829022884e-04
4.510349244810640812e-04
4.506242985371500254e-04
4.511358856689184904e-04
4.505005781538784504e-04
4.501785733737051487e-04
4.498765338212251663e-04
4.491821746341884136e-04
4.484773962758481503e-04
4.477554466575384140e-04
4.480247152969241142e-04
4.473851877264678478e-04
4.472178989090025425e-04
4.470825660973787308e-04
4.470422863960266113e-04
4.469497362151741982e-04
4.468944098334759474e-04
4.467381222639232874e-04
4.466619575396180153e-04
4.464426019694656134e-04
4.462662327568978071e-04
4.460245836526155472e-04
4.457311006262898445e-04
4.475046880543231964e-04
4.455368034541606903e-04
4.452565626706928015e-04
4.448220424819737673e-04
4.445174708962440491e-04
4.440445627551525831e-04
4.433969734236598015e-04
4.426313098520040512e-04
4.419776378199458122e-04
4.411863046698272228e-04
4.402484046295285225e-04
4.399065801408141851e-04
4.390595131553709507e-04
4.385744396131485701e-04
4.383233317639678717e-04
4.379785677883774042e-04
4.374048730824142694e-04
4.376872093416750431e-04
4.369757371023297310e-04
4.365004133433103561e-04
4.358583828434348106e-04
4.351172246970236301e-04
4.352710675448179245e-04
4.346338391769677401e-04
4.339428269304335117e-04
4.335712874308228493e-04
4.332907556090503931e-04
4.331186646595597267e-04
4.328616778366267681e-04
4.328687791712582111e-04
4.327471251599490643e-04
4.326173220761120319e-04
4.324473557062447071e-04
4.322903987485915422e-04
4.320158623158931732e-04
4.316534905228763819e-04
4.312368109822273254e-04
4.307226627133786678e-04
4.304511239752173424e-04
4.298856074456125498e-04
4.293828387744724751e-04
4.288999480195343494e-04
4.283958114683628082e-04
4.278529086150228977e-04
4.275392566341906786e-04
4.273548547644168139e-04
4.272000223863869905e-04
4.276700783520936966e-04
4.271003999747335911e-04
4.269533674232661724e-04
4.268184711690992117e-04
4.267060139682143927e-04
4.264176532160490751e-04
4.265211464371532202e-04
4.263035662006586790e-04
4.261165449861437082e-04
4.259937268216162920e-04
4.257815016899257898e-04
4.255260864738374949e-04
4.250743659213185310e-04
4.252014914527535439e-04
4.247828910592943430e-04
4.243293078616261482e-04
4.238993569742888212e-04
4.235578235238790512e-04
4.231288912706077099e-04
4.225262673571705818e-04
4.218456451781094074e-04
4.214218934066593647e-04
4.207553865853697062e-04
4.203420539852231741e-04
4.200348339509218931e-04
4.194950452074408531e-04
4.192877095192670822e-04
4.191834013909101486e-04
4.190809559077024460e-04
4.191095940768718719e-04
4.189478349871933460e-04
4.187629092484712601e-04
4.185033612884581089e-04
4.183870041742920876e-04
4.182842094451189041e-04
4.182328120805323124e-04
4.180287942290306091e-04
4.178119706921279430e-04
4.174150817561894655e-04
4.171237233094871044e-04
4.165011923760175705e-04
4.159928066655993462e-04
4.154086927883327007e-04
4.164020065218210220e-04
4.151813918724656105e-04
4.147489380557090044e-04
4.143844998907297850e-04
4.142792895436286926e-04
4.141934332437813282e-04
4.144938429817557335e-04
4.141458193771541119e-04
4.141012323088943958e-04
4.139960510656237602e-04
4.139650263823568821e-04
4.138683434575796127e-04
4.138179647270590067e-04
4.137579235248267651e-04
4.136812349315732718e-04
4.136915667913854122e-04
4.136379866395145655e-04
4.135636845603585243e-04
4.134193877689540386e-04
4.133541660849004984e-04
4.132108879275619984e-04
4.132323956582695246e-04
4.131625173613429070e-04
4.130730521865189075e-04
4.129783483222126961e-04
4.128370201215147972e-04
4.126245039515197277e-04
4.123309627175331116e-04
4.120275552850216627e-04
4.117895441595464945e-04
4.115299670957028866e-04
4.113577888347208500e-04
4.112000460736453533e-04
4.110826412215828896e-04
4.112741444259881973e-04
4.110543522983789444e-04
4.110165464226156473e-04
4.109172732569277287e-04
4.107729473616927862e-04
4.105980624444782734e-04
4.111548769287765026e-04
4.105240805074572563e-04
4.103897663298994303e-04
4.102037637494504452e-04
4.101016675122082233e-04
4.100430232938379049e-04
4.098942154087126255e-04
4.098275676369667053e-04
4.097144701518118382e-04
4.095511976629495621e-04
4.092975577805191278e-04
4.098779754713177681e-04
4.091931041330099106e-04
4.089550930075347424e-04
4.087245033588260412e-04
4.086858243681490421e-04
4.085335531271994114e-04
4.084591928403824568e-04
4.083546227775514126e-04
4.084099200554192066e-04
4.082954255864024162e-04
4.081915831193327904e-04
4.081123624928295612e-04
4.080022918060421944e-04
4.078387864865362644e-04
4.076735058333724737e-04
4.074138123542070389e-04
4.072537703905254602e-04
4.070763825438916683e-04
4.069005954079329967e-04
4.066677065566182137e-04
4.065956454724073410e-04
4.064301028847694397e-04
4.063349624630063772e-04
4.062559455633163452e-04
4.060975043103098869e-04
4.059032653458416462e-04
4.059328348375856876e-04
4.058034101035445929e-04
4.056669422425329685e-04
4.055675526615232229e-04
4.055157187394797802e-04
4.054599266964942217e-04
4.052882140967994928e-04
4.051825671922415495e-04
4.050873103551566601e-04
4.049562849104404449e-04
4.047545662615448236e-04
4.045434179715812206e-04
4.043559893034398556e-04
4.042649525217711926e-04
4.042048240080475807e-04
4.041609354317188263e-04
4.041017382405698299e-04
4.040277563035488129e-04
4.039322375319898129e-04
4.043108783662319183e-04
4.038442566525191069e-04
4.036365135107189417e-04
4.034966696053743362e-04
4.032974538858979940e-04
4.034055455122143030e-04
4.032301949337124825e-04
4.031240532640367746e-04
4.028948605991899967e-04
4.026943352073431015e-04
4.024739901069551706e-04
4.022995999548584223e-04
4.020942724309861660e-04
4.018709296360611916e-04
4.015849553979933262e-04
4.013003199361264706e-04
4.009176627732813358e-04
4.006933886557817459e-04
4.003248468507081270e-04
4.000571498181670904e-04
3.998349420726299286e-04
3.991047851741313934e-04
3.989106044173240662e-04
3.987798118032515049e-04
3.986207593698054552e-04
3.985509974882006645e-04
3.984511422459036112e-04
3.983457863796502352e-04
3.982539928983896971e-04
3.980053006671369076e-04
3.979772736784070730e-04
3.977238666266202927e-04
3.976161242462694645e-04
3.973796265199780464e-04
3.971063124481588602e-04
3.970420802943408489e-04
3.965824143961071968e-04
3.964680654462426901e-04
3.963374183513224125e-04
3.961753100156784058e-04
3.958784509450197220e-04
3.956361324526369572e-04
3.952977131120860577e-04
3.951312392018735409e-04
3.946800716221332550e-04
3.944041964132338762e-04
3.941337345167994499e-04
3.939047455787658691e-04
3.938890586141496897e-04
3.937803849112242460e-04
3.936229040846228600e-04
3.935319255106151104e-04
3.934523265343159437e-04
3.933496773242950439e-04
3.930328821297734976e-04
3.926632634829729795e-04
3.924472839571535587e-04
3.920755698345601559e-04
3.917031863238662481e-04
3.913228574674576521e-04
3.908743965439498425e-04
3.903257311321794987e-04
3.896308771800249815e-04
3.896594571415334940e-04
3.892833483405411243e-04
3.886890772264450788e-04
3.881162265315651894e-04
3.879872092511504889e-04
3.877608978655189276e-04
3.874335961882025003e-04
3.872573433909565210e-04
3.869798383675515652e-04
3.868219500873237848e-04
3.866224724333733320e-04
3.865573671646416187e-04
3.861964796669781208e-04
3.859673452097922564e-04
3.858113777823746204e-04
3.857472911477088928e-04
3.857042174786329269e-04
3.856281109619885683e-04
3.855173126794397831e-04
3.854183596558868885e-04
3.853377420455217361e-04
3.852332301903516054e-04
3.851280198432505131e-04
3.849604981951415539e-04
3.848237101919949055e-04
3.846450708806514740e-04
3.844124730676412582e-04
3.842435835395008326e-04
3.840604622382670641e-04
3.837702388409525156e-04
3.834314993582665920e-04
3.832013462670147419e-04
3.829112392850220203e-04
3.826610918622463942e-04
3.830335335806012154e-04
3.824617888312786818e-04
3.822522121481597424e-04
3.820117563009262085e-04
3.818206605501472950e-04
3.815010422840714455e-04
3.812221402768045664e-04
3.856297698803246021e-04
3.810973430518060923e-04
3.807954199146479368e-04
3.804319130722433329e-04
3.800624399445950985e-04
3.796287346631288528e-04
3.793838259298354387e-04
3.790378395933657885e-04
3.789360634982585907e-04
3.788332978729158640e-04
3.787151654250919819e-04
3.785521257668733597e-04
3.785993612837046385e-04
3.784129803534597158e-04
3.782227868214249611e-04
3.779913531616330147e-04
3.779068065341562033e-04
3.777609963435679674e-04
3.775994409807026386e-04
3.774534852709621191e-04
3.772800555452704430e-04
3.770814510062336922e-04
3.769466420635581017e-04
3.769351751543581486e-04
3.768707392737269402e-04
3.768198657780885696e-04
3.767610760405659676e-04
3.766573499888181686e-04
3.764826687984168530e-04
3.766569425351917744e-04
3.763555141631513834e-04
3.762001870200037956e-04
3.760300460271537304e-04
3.759260289371013641e-04
3.757630474865436554e-04
3.754080971702933311e-04
3.755103098228573799e-04
3.752526245079934597e-04
3.748698218259960413e-04
3.745789290405809879e-04
3.743859124369919300e-04
3.742629778571426868e-04
3.741584660019725561e-04
3.740909160114824772e-04
3.739409148693084717e-04
3.737962106242775917e-04
3.735676873475313187e-04
3.733339253813028336e-04
3.731323231477290392e-04
3.729666350409388542e-04
3.726929135154932737e-04
3.734851197805255651e-04
3.725810383912175894e-04
3.723549598362296820e-04
3.720816457644104958e-04
3.718113875947892666e-04
3.718028310686349869e-04
3.716212231665849686e-04
3.713635087478905916e-04
3.710379824042320251e-04
3.709457232616841793e-04
3.708067815750837326e-04
3.706232819240540266e-04
3.704505215864628553e-04
3.701380919665098190e-04
3.697920183185487986e-04
3.693978651426732540e-04
3.691568854264914989e-04
3.689341247081756592e-04
3.687306307256221771e-04
3.684521070681512356e-04
3.681457601487636566e-04
3.677600761875510216e-04
3.671345184557139874e-04
3.665092517621815205e-04
3.655536274891346693e-04
3.644720418378710747e-04
3.633592277765274048e-04
3.629995335359126329e-04
3.625364915933459997e-04
3.621222858782857656e-04
3.617777256295084953e-04
3.614510060288012028e-04
3.611942520365118980e-04
3.608901752158999443e-04
3.606725658755749464e-04
3.604157245717942715e-04
3.599752089940011501e-04
3.597563481889665127e-04
3.593367291614413261e-04
3.587624814826995134e-04
3.576506278477609158e-04
3.567653766367584467e-04
3.560194163583219051e-04
3.555371076799929142e-04
3.552065754774957895e-04
3.551436820998787880e-04
3.547349770087748766e-04
3.545842191670089960e-04
3.544619248714298010e-04
3.541232435964047909e-04
3.539764438755810261e-04
3.537347365636378527e-04
3.535963187459856272e-04
3.535322903189808130e-04
3.534769057296216488e-04
3.534057177603244781e-04
3.532453265506774187e-04
3.530785324983298779e-04
3.529707901179790497e-04
3.527885128278285265e-04
3.526413929648697376e-04
3.524554776959121227e-04
3.523738414514809847e-04
3.522234037518501282e-04
3.520809113979339600e-04
3.519216552376747131e-04
3.517009899951517582e-04
3.514246200211346149e-04
3.511654795147478580e-04
3.507979854475706816e-04
3.504912310745567083e-04
3.502364270389080048e-04
3.499712911434471607e-04
3.496612189337611198e-04
3.499808954074978828e-04
3.494736738502979279e-04
3.492063551675528288e-04
3.488137444946914911e-04
3.485327179078012705e-04
3.482469473965466022e-04
3.479224396869540215e-04
3.476527635939419270e-04
3.473126562312245369e-04
3.471667005214840174e-04
3.467763017397373915e-04
3.465511254034936428e-04
3.462402964942157269e-04
3.459390718489885330e-04
3.454082179814577103e-04
3.461879678070545197e-04
3.452549572102725506e-04
3.449225914664566517e-04
3.446252958383411169e-04
3.444167959969490767e-04
3.440590808168053627e-04
3.437144332565367222e-04
3.434553800616413355e-04
3.432669618632644415e-04
3.429920761846005917e-04
3.427111951168626547e-04
3.424055175855755806e-04
3.421514993533492088e-04
3.422433510422706604e-04
3.420065622776746750e-04
3.418095584493130445e-04
3.415540559217333794e-04
3.413685481064021587e-04
3.411251527722924948e-04
3.409903729334473610e-04
3.407285839784890413e-04
3.405311726965010166e-04
3.403542505111545324e-04
3.402286383789032698e-04
3.400794230401515961e-04
3.397707769181579351e-04
3.394502564333379269e-04
3.390379715710878372e-04
3.385888121556490660e-04
3.380253328941762447e-04
3.377302782610058784e-04
3.371927014086395502e-04
3.367323952261358500e-04
3.364603035151958466e-04
3.361264243721961975e-04
3.357343375682830811e-04
3.352095664013177156e-04
3.347230085637420416e-04
3.347508318256586790e-04
3.344821743667125702e-04
3.343044372741132975e-04
3.341675910633057356e-04
3.340598195791244507e-04
3.340117400512099266e-04
3.339253016747534275e-04
3.338375245220959187e-04
3.336753579787909985e-04
3.334353968966752291e-04
3.388154727872461081e-04
3.333259955979883671e-04
3.330407198518514633e-04
3.327738377265632153e-04
3.326367004774510860e-04
3.325049474369734526e-04
3.321979020256549120e-04
3.319407987874001265e-04
3.315593348816037178e-04
3.312730113975703716e-04
3.310800821054726839e-04
3.309346211608499289e-04
3.308052255306392908e-04
3.307235892862081528e-04
3.306549042463302612e-04
3.309934400022029877e-04
3.304972196929156780e-04
3.303517878521233797e-04
3.302040277048945427e-04
3.301007091067731380e-04
3.299148520454764366e-04
3.309180901851505041e-04
3.298718074802309275e-04
3.297450311947613955e-04
3.296312934253364801e-04
3.294860362075269222e-04
3.293711342848837376e-04
3.292559995315968990e-04
3.291798930149525404e-04
3.291118773631751537e-04
3.290677268523722887e-04
3.289712185505777597e-04
3.288873704150319099e-04
3.287909494247287512e-04
3.286895225755870342e-04
3.316590446047484875e-04
3.286572755314409733e-04
3.285726124886423349e-04
3.283646656200289726e-04
3.281270619481801987e-04
3.279394004493951797e-04
3.279989177826792002e-04
3.278770018368959427e-04
3.277469659224152565e-04
3.276119241490960121e-04
3.274677437730133533e-04
