3.537890319824218750e+02
3.038874511718750000e+02
2.747869873046875000e+02
2.042463378906250000e+02
2.554897460937500000e+02
1.731315612792968750e+02
1.632902526855468750e+02
1.502791137695312500e+02
1.412969360351562500e+02
2.828281250000000000e+02
1.175720443725585938e+02
7.224011718750000000e+03
1.095317687988281250e+02
9.512298583984375000e+01
8.061365509033203125e+01
6.724198150634765625e+01
5.196693420410156250e+01
4.618152236938476562e+01
3.862910461425781250e+01
3.769487762451171875e+01
3.190450668334960938e+01
2.910520172119140625e+01
2.490293502807617188e+01
2.076442146301269531e+01
2.309482574462890625e+01
1.883116531372070312e+01
1.676506805419921875e+01
1.584804630279541016e+01
1.510905742645263672e+01
1.386907196044921875e+01
1.189150047302246094e+01
1.040467739105224609e+01
9.184543609619140625e+00
8.446056365966796875e+00
7.695940017700195312e+00
6.914572238922119141e+00
6.484025478363037109e+00
6.292286872863769531e+00
6.137675762176513672e+00
5.879014492034912109e+00
5.586047649383544922e+00
5.258373260498046875e+00
5.065150737762451172e+00
4.900804519653320312e+00
4.725985050201416016e+00
4.597401618957519531e+00
4.504312992095947266e+00
4.434921741485595703e+00
4.363532543182373047e+00
4.256977558135986328e+00
4.092692375183105469e+00
3.936644792556762695e+00
3.810912609100341797e+00
3.702893257141113281e+00
3.634682178497314453e+00
3.569486141204833984e+00
3.522867918014526367e+00
3.462384223937988281e+00
3.399721860885620117e+00
3.298202753067016602e+00
3.186784029006958008e+00
3.074225425720214844e+00
3.012075185775756836e+00
2.940294027328491211e+00
2.832919597625732422e+00
2.708459854125976562e+00
2.650371313095092773e+00
2.582261800765991211e+00
2.564128160476684570e+00
2.540588855743408203e+00
2.460844278335571289e+00
2.361349344253540039e+00
2.270285844802856445e+00
2.207268714904785156e+00
2.141424179077148438e+00
1.980255603790283203e+00
1.755095481872558594e+00
1.714994430541992188e+00
1.532235622406005859e+00
1.491965413093566895e+00
1.475221037864685059e+00
1.464395046234130859e+00
1.441124320030212402e+00
1.402985334396362305e+00
1.393446564674377441e+00
1.384889841079711914e+00
1.377044081687927246e+00
1.371710777282714844e+00
1.358068585395812988e+00
1.322543025016784668e+00
1.299443840980529785e+00
1.282889842987060547e+00
1.275299191474914551e+00
1.266997456550598145e+00
1.251008749008178711e+00
1.219252347946166992e+00
1.209523320198059082e+00
1.190547585487365723e+00
1.184603214263916016e+00
1.178660035133361816e+00
1.163382172584533691e+00
1.132439136505126953e+00
1.094952106475830078e+00
1.069822072982788086e+00
1.058023214340209961e+00
1.055262207984924316e+00
1.048472404479980469e+00
1.031161665916442871e+00
1.015413045883178711e+00
1.000278592109680176e+00
9.928832054138183594e-01
9.880788922309875488e-01
9.822658896446228027e-01
9.674941897392272949e-01
9.468890428543090820e-01
9.325951933860778809e-01
9.083409905433654785e-01
8.961826562881469727e-01
8.902176022529602051e-01
8.873122930526733398e-01
8.847410678863525391e-01
8.817885518074035645e-01
8.774424791336059570e-01
8.664488196372985840e-01
8.482416272163391113e-01
8.640898466110229492e-01
8.370794057846069336e-01
8.178446292877197266e-01
8.007169365882873535e-01
7.933962941169738770e-01
7.864122390747070312e-01
7.668155431747436523e-01
7.505629658699035645e-01
7.271834015846252441e-01
7.266051769256591797e-01
7.127937674522399902e-01
6.989087462425231934e-01
6.919304132461547852e-01
6.885240674018859863e-01
6.847907304763793945e-01
6.871561408042907715e-01
6.827914714813232422e-01
6.801821589469909668e-01
6.782369613647460938e-01
6.749144792556762695e-01
6.699405908584594727e-01
6.632248163223266602e-01
6.542778015136718750e-01
6.459439992904663086e-01
6.343426704406738281e-01
6.223975419998168945e-01
6.146320700645446777e-01
6.101074218750000000e-01
6.062238812446594238e-01
5.999386310577392578e-01
5.954017043113708496e-01
5.902736186981201172e-01
5.847736597061157227e-01
5.807712078094482422e-01
5.773274302482604980e-01
5.732322931289672852e-01
5.685716867446899414e-01
5.602223873138427734e-01
5.526204705238342285e-01
5.478398799896240234e-01
5.424881577491760254e-01
5.349401831626892090e-01
5.232216119766235352e-01
5.222423076629638672e-01
5.165768861770629883e-01
5.098693370819091797e-01
5.067610144615173340e-01
5.031050443649291992e-01
5.004621744155883789e-01
4.981639385223388672e-01
4.957495629787445068e-01
4.943804740905761719e-01
4.911708533763885498e-01
4.870484769344329834e-01
4.830519855022430420e-01
4.787619113922119141e-01
4.755305349826812744e-01
4.734292030334472656e-01
4.718836545944213867e-01
4.704063236713409424e-01
4.689617455005645752e-01
4.679993391036987305e-01
4.671349525451660156e-01
4.658743143081665039e-01
4.620245993137359619e-01
4.539752006530761719e-01
4.470695257186889648e-01
4.353858530521392822e-01
4.242384731769561768e-01
4.194043874740600586e-01
4.158223867416381836e-01
4.108937084674835205e-01
4.061080813407897949e-01
4.036789536476135254e-01
4.018524885177612305e-01
4.000976383686065674e-01
3.981275856494903564e-01
3.938866555690765381e-01
3.903471231460571289e-01
3.875896334648132324e-01
3.860505223274230957e-01
3.853158950805664062e-01
3.846846520900726318e-01
3.835164904594421387e-01
3.826128542423248291e-01
3.812987804412841797e-01
3.798189461231231689e-01
3.782930970191955566e-01
3.765528500080108643e-01
3.740448653697967529e-01
3.711740970611572266e-01
3.680626153945922852e-01
3.652104139328002930e-01
3.608756065368652344e-01
3.583540022373199463e-01
3.572880923748016357e-01
3.569637537002563477e-01
3.563942313194274902e-01
3.560426235198974609e-01
3.549648821353912354e-01
3.534411787986755371e-01
3.522226512432098389e-01
3.501618504524230957e-01
3.485021591186523438e-01
3.455983698368072510e-01
3.433831334114074707e-01
3.401657044887542725e-01
3.388427197933197021e-01
3.374332487583160400e-01
3.368571102619171143e-01
3.358675539493560791e-01
3.341945409774780273e-01
3.315403759479522705e-01
3.283324241638183594e-01
3.253875970840454102e-01
3.230355381965637207e-01
3.219309151172637939e-01
3.211782276630401611e-01
3.206353485584259033e-01
3.199687898159027100e-01
3.192707300186157227e-01
3.187680542469024658e-01
3.183516263961791992e-01
3.178572654724121094e-01
3.171835541725158691e-01
3.164158165454864502e-01
3.153554201126098633e-01
3.145465254783630371e-01
3.137956261634826660e-01
3.130993545055389404e-01
3.124266266822814941e-01
3.113639056682586670e-01
3.107733726501464844e-01
3.097306191921234131e-01
3.080497086048126221e-01
3.069530129432678223e-01
3.053491413593292236e-01
3.051357269287109375e-01
3.039631247520446777e-01
3.035540580749511719e-01
3.030743300914764404e-01
3.022300004959106445e-01
3.012948036193847656e-01
3.000591993331909180e-01
2.994806468486785889e-01
2.991324663162231445e-01
2.988684773445129395e-01
2.983205318450927734e-01
2.973797917366027832e-01
2.960966229438781738e-01
2.947582006454467773e-01
2.930335700511932373e-01
2.911988198757171631e-01
2.895517945289611816e-01
2.882215380668640137e-01
2.866159677505493164e-01
2.879956662654876709e-01
2.854668796062469482e-01
2.835836410522460938e-01
2.816271185874938965e-01
2.805463969707489014e-01
2.795017659664154053e-01
2.783890366554260254e-01
2.773925960063934326e-01
2.850787341594696045e-01
2.766328155994415283e-01
2.760640382766723633e-01
2.754840552806854248e-01
2.745515406131744385e-01
2.737919092178344727e-01
2.728196382522583008e-01
2.719390988349914551e-01
2.709867656230926514e-01
2.703928947448730469e-01
2.691329717636108398e-01
2.678757607936859131e-01
2.655869722366333008e-01
2.629607915878295898e-01
2.618836164474487305e-01
2.584711909294128418e-01
2.575740218162536621e-01
2.564640343189239502e-01
2.553263008594512939e-01
2.526730895042419434e-01
2.499947845935821533e-01
2.438446879386901855e-01
2.405963391065597534e-01
2.367887496948242188e-01
2.348193824291229248e-01
2.328071445226669312e-01
2.302859425544738770e-01
2.286505699157714844e-01
2.278805226087570190e-01
2.271608263254165649e-01
2.263361066579818726e-01
2.266283333301544189e-01
2.255159765481948853e-01
2.241785228252410889e-01
2.235912382602691650e-01
2.231464236974716187e-01
2.228017449378967285e-01
2.223837971687316895e-01
2.215741872787475586e-01
2.211582213640213013e-01
2.206502407789230347e-01
2.204957455396652222e-01
2.203218340873718262e-01
2.201226055622100830e-01
2.199009954929351807e-01
2.194208949804306030e-01
2.190556526184082031e-01
2.184476256370544434e-01
2.178221642971038818e-01
2.166980504989624023e-01
2.156405150890350342e-01
2.148994058370590210e-01
2.142018973827362061e-01
2.134224027395248413e-01
2.118852138519287109e-01
2.109512984752655029e-01
2.103636562824249268e-01
2.100899219512939453e-01
2.098478376865386963e-01
2.096546590328216553e-01
2.093913704156875610e-01
2.089637219905853271e-01
2.090963274240493774e-01
2.087599039077758789e-01
2.081538587808609009e-01
2.073576450347900391e-01
2.063139081001281738e-01
2.053567022085189819e-01
2.045945376157760620e-01
2.040880620479583740e-01
2.035409212112426758e-01
2.026337683200836182e-01
2.014261931180953979e-01
2.004974484443664551e-01
1.997494399547576904e-01
1.991396695375442505e-01
1.983564347028732300e-01
1.973066180944442749e-01
1.963077187538146973e-01
1.955356150865554810e-01
1.951769888401031494e-01
1.949029266834259033e-01
1.946639120578765869e-01
1.944656074047088623e-01
1.942388266324996948e-01
1.937830001115798950e-01
1.934549063444137573e-01
1.929214894771575928e-01
1.924538612365722656e-01
1.920923441648483276e-01
1.916399002075195312e-01
1.914020478725433350e-01
1.908331811428070068e-01
1.907344758510589600e-01
1.896125227212905884e-01
1.885667890310287476e-01
1.867268085479736328e-01
1.846860796213150024e-01
1.830692142248153687e-01
1.818419843912124634e-01
1.808415353298187256e-01
1.801532804965972900e-01
1.797326207160949707e-01
1.794481128454208374e-01
1.792279779911041260e-01
1.790412962436676025e-01
1.788149625062942505e-01
1.787076592445373535e-01
1.785279214382171631e-01
1.782891303300857544e-01
1.779501736164093018e-01
1.773477643728256226e-01
1.768678277730941772e-01
1.763757616281509399e-01
1.754727065563201904e-01
1.736761480569839478e-01
1.718482673168182373e-01
1.699833273887634277e-01
1.683013141155242920e-01
1.678446531295776367e-01
1.673265844583511353e-01
1.666936427354812622e-01
1.663225442171096802e-01
1.657759547233581543e-01
1.646869331598281860e-01
1.640162616968154907e-01
1.627906262874603271e-01
1.621451973915100098e-01
1.616114228963851929e-01
1.611212193965911865e-01
1.603877097368240356e-01
1.596898436546325684e-01
1.587804853916168213e-01
1.580523401498794556e-01
1.574272215366363525e-01
1.568392068147659302e-01
1.559086143970489502e-01
1.549054980278015137e-01
1.532176733016967773e-01
1.515992134809494019e-01
1.507901698350906372e-01
1.503244042396545410e-01
1.497944891452789307e-01
1.493156701326370239e-01
1.490389704704284668e-01
1.488947570323944092e-01
1.486091166734695435e-01
1.483827084302902222e-01
1.481437087059020996e-01
1.479754149913787842e-01
1.475883126258850098e-01
1.472535580396652222e-01
1.470738202333450317e-01
1.468871086835861206e-01
1.467560380697250366e-01
1.466119289398193359e-01
1.465177685022354126e-01
1.460938453674316406e-01
1.458341181278228760e-01
1.455818116664886475e-01
1.453750878572463989e-01
1.450979709625244141e-01
1.448930650949478149e-01
1.444794833660125732e-01
1.440068781375885010e-01
1.434209346771240234e-01
1.427958756685256958e-01
1.420583426952362061e-01
1.412878483533859253e-01
1.408334821462631226e-01
1.403056383132934570e-01
1.396845430135726929e-01
1.390986889600753784e-01
1.384909451007843018e-01
1.378509998321533203e-01
1.374597847461700439e-01
1.372190117835998535e-01
1.369792670011520386e-01
1.366188377141952515e-01
1.361996829509735107e-01
1.358120590448379517e-01
1.353156566619873047e-01
1.349584907293319702e-01
1.343415379524230957e-01
1.335004419088363647e-01
1.323215663433074951e-01
1.310797184705734253e-01
1.303078085184097290e-01
1.297834515571594238e-01
1.293699145317077637e-01
1.289476752281188965e-01
1.285859942436218262e-01
1.283476352691650391e-01
1.282074898481369019e-01
1.280981302261352539e-01
1.278195083141326904e-01
1.275339722633361816e-01
1.270622313022613525e-01
1.265401393175125122e-01
1.261192560195922852e-01
1.259102970361709595e-01
1.257229298353195190e-01
1.255363076925277710e-01
1.253081858158111572e-01
1.248896420001983643e-01
1.244267523288726807e-01
1.238192245364189148e-01
1.232594400644302368e-01
1.227466091513633728e-01
1.223729401826858521e-01
1.217976957559585571e-01
1.214922890067100525e-01
1.211549788713455200e-01
1.208602935075759888e-01
1.206002533435821533e-01
1.202111840248107910e-01
1.197742074728012085e-01
1.194711774587631226e-01
1.192785874009132385e-01
1.191368252038955688e-01
1.190233454108238220e-01
1.188947707414627075e-01
1.186548769474029541e-01
1.237035691738128662e-01
1.185718551278114319e-01
1.182888299226760864e-01
1.178999096155166626e-01
1.177546828985214233e-01
1.174820289015769958e-01
1.171062886714935303e-01
1.166959702968597412e-01
1.160554513335227966e-01
1.156371459364891052e-01
1.151213943958282471e-01
1.144688278436660767e-01
1.138361543416976929e-01
1.132659390568733215e-01
1.127251982688903809e-01
1.121014654636383057e-01
1.115705370903015137e-01
1.110446155071258545e-01
1.106430515646934509e-01
1.102601587772369385e-01
1.100264489650726318e-01
1.097460016608238220e-01
1.094235926866531372e-01
1.091446280479431152e-01
1.103850826621055603e-01
1.088190004229545593e-01
1.084703877568244934e-01
1.081961840391159058e-01
1.080096736550331116e-01
1.076472848653793335e-01
1.073713600635528564e-01
1.070183888077735901e-01
1.066569983959197998e-01
1.063066273927688599e-01
1.061765477061271667e-01
1.060708463191986084e-01
1.059781163930892944e-01
1.058954745531082153e-01
1.056571602821350098e-01
1.053237840533256531e-01
1.048921346664428711e-01
1.093518212437629700e-01
1.046445518732070923e-01
1.042344421148300171e-01
1.038589030504226685e-01
1.035706549882888794e-01
1.034032553434371948e-01
1.032369807362556458e-01
1.030461490154266357e-01
1.028761565685272217e-01
1.027245894074440002e-01
1.025769561529159546e-01
1.024043262004852295e-01
1.023016422986984253e-01
1.020934283733367920e-01
1.019036993384361267e-01
1.017128974199295044e-01
1.015300005674362183e-01
1.013426184654235840e-01
1.011890470981597900e-01
1.010608226060867310e-01
1.010799333453178406e-01
1.009461581707000732e-01
1.008324548602104187e-01
1.005216464400291443e-01
1.002792641520500183e-01
9.997333586215972900e-02
9.972849488258361816e-02
9.951922297477722168e-02
9.933236241340637207e-02
9.916551411151885986e-02
9.890969842672348022e-02
9.864200651645660400e-02
9.828726202249526978e-02
9.787563979625701904e-02
9.730692207813262939e-02
9.682436287403106689e-02
9.614147990942001343e-02
9.588170051574707031e-02
9.586523473262786865e-02
9.571567922830581665e-02
9.556220471858978271e-02
9.547172486782073975e-02
9.539210796356201172e-02
9.532655030488967896e-02
9.522995352745056152e-02
9.511023759841918945e-02
9.529908746480941772e-02
9.504593908786773682e-02
9.496945887804031372e-02
9.483742713928222656e-02
9.468187391757965088e-02
9.448080509901046753e-02
9.420442581176757812e-02
9.385999292135238647e-02
9.357624500989913940e-02
9.322649240493774414e-02
9.277698397636413574e-02
9.219037741422653198e-02
9.468074887990951538e-02
9.200002253055572510e-02
9.144777804613113403e-02
9.087469428777694702e-02
9.042623639106750488e-02
9.018041938543319702e-02
9.000703692436218262e-02
8.985845744609832764e-02
8.968251198530197144e-02
8.958284556865692139e-02
8.938777446746826172e-02
8.932280540466308594e-02
8.922173827886581421e-02
8.905093371868133545e-02
8.901453018188476562e-02
8.871307969093322754e-02
8.853670209646224976e-02
8.835639804601669312e-02
8.821341395378112793e-02
8.805963397026062012e-02
8.793938159942626953e-02
8.777959644794464111e-02
8.747471868991851807e-02
8.726052939891815186e-02
8.698344975709915161e-02
8.671762794256210327e-02
8.652425557374954224e-02
8.620389550924301147e-02
8.595776557922363281e-02
8.579045534133911133e-02
8.563371002674102783e-02
8.548198640346527100e-02
8.530113101005554199e-02
8.516141772270202637e-02
8.504021167755126953e-02
8.491735905408859253e-02
8.473441749811172485e-02
8.450432866811752319e-02
8.433723449707031250e-02
8.424682915210723877e-02
8.415754884481430054e-02
8.401963114738464355e-02
8.390265703201293945e-02
8.382628113031387329e-02
8.378951251506805420e-02
8.375324308872222900e-02
8.368197828531265259e-02
8.358724415302276611e-02
8.350316435098648071e-02
8.338168263435363770e-02
8.327545225620269775e-02
8.322251588106155396e-02
8.316177129745483398e-02
8.320622891187667847e-02
8.310873061418533325e-02
8.300613611936569214e-02
8.292186260223388672e-02
8.285810798406600952e-02
8.280612528324127197e-02
8.272981643676757812e-02
8.265817165374755859e-02
8.254483342170715332e-02
8.247570693492889404e-02
8.229868859052658081e-02
8.220212161540985107e-02
8.210593461990356445e-02
8.199860900640487671e-02
8.185691386461257935e-02
8.254634588956832886e-02
8.176331222057342529e-02
8.153929561376571655e-02
8.110488951206207275e-02
8.086438477039337158e-02
8.034873008728027344e-02
7.992146909236907959e-02
7.960577309131622314e-02
7.934568822383880615e-02
7.917082309722900391e-02
7.900854200124740601e-02
7.886184006929397583e-02
7.875692844390869141e-02
7.863929867744445801e-02
7.844483852386474609e-02
7.822619378566741943e-02
7.806471735239028931e-02
7.782358676195144653e-02
7.762818038463592529e-02
7.900101691484451294e-02
7.754989713430404663e-02
7.741332799196243286e-02
7.732260227203369141e-02
7.724982500076293945e-02
7.710871100425720215e-02
7.702920585870742798e-02
7.691396772861480713e-02
7.679935544729232788e-02
7.669068127870559692e-02
7.660819590091705322e-02
7.651045918464660645e-02
7.641471922397613525e-02
7.649397850036621094e-02
7.628679275512695312e-02
7.612286508083343506e-02
7.604495435953140259e-02
7.605593651533126831e-02
7.596390694379806519e-02
7.584877312183380127e-02
7.577405869960784912e-02
7.554502040147781372e-02
7.544744014739990234e-02
7.526894658803939819e-02
7.510992884635925293e-02
7.496087253093719482e-02
7.481323182582855225e-02
7.469814270734786987e-02
7.454293966293334961e-02
7.439503818750381470e-02
7.426927983760833740e-02
7.418606430292129517e-02
7.408186793327331543e-02
7.394915074110031128e-02
7.377410680055618286e-02
7.365304231643676758e-02
7.354657351970672607e-02
7.342448085546493530e-02
7.327180355787277222e-02
7.312953472137451172e-02
7.286825776100158691e-02
7.259897887706756592e-02
7.239898294210433960e-02
7.228533178567886353e-02
7.216924428939819336e-02
7.209412753582000732e-02
7.201746851205825806e-02
7.192555814981460571e-02
7.179453223943710327e-02
7.164666801691055298e-02
7.154449820518493652e-02
7.143321633338928223e-02
7.138828188180923462e-02
7.134802639484405518e-02
7.130490988492965698e-02
7.120330631732940674e-02
7.110771536827087402e-02
7.100866734981536865e-02
7.083479315042495728e-02
7.072216272354125977e-02
7.050913572311401367e-02
7.019713521003723145e-02
6.951380521059036255e-02
6.897290050983428955e-02
6.847888976335525513e-02
6.818724423646926880e-02
6.797742843627929688e-02
6.773781776428222656e-02
6.741519272327423096e-02
6.706209480762481689e-02
6.684260070323944092e-02
6.662678718566894531e-02
6.621770560741424561e-02
6.592214107513427734e-02
6.589271873235702515e-02
6.563488394021987915e-02
6.557738035917282104e-02
6.548146903514862061e-02
6.538418680429458618e-02
6.524080783128738403e-02
6.516377627849578857e-02
6.498396396636962891e-02
6.488722562789916992e-02
6.475479900836944580e-02
6.466680020093917847e-02
6.457734107971191406e-02
6.451068818569183350e-02
6.446832418441772461e-02
6.432155519723892212e-02
6.422363221645355225e-02
6.415217369794845581e-02
6.409349292516708374e-02
6.398839503526687622e-02
6.446556746959686279e-02
6.395354121923446655e-02
6.386800110340118408e-02
6.376451998949050903e-02
6.368656456470489502e-02
6.360677629709243774e-02
6.351353228092193604e-02
6.340376287698745728e-02
6.334267556667327881e-02
6.325085461139678955e-02
6.333090364933013916e-02
6.318161636590957642e-02
6.306640058755874634e-02
6.294350326061248779e-02
6.281705200672149658e-02
6.327638030052185059e-02
6.272929161787033081e-02
6.257877498865127563e-02
6.240908056497573853e-02
6.255912780761718750e-02
6.233532354235649109e-02
6.229377537965774536e-02
6.225416064262390137e-02
6.219142675399780273e-02
6.207126379013061523e-02
6.195833906531333923e-02
6.185547634959220886e-02
6.171584129333496094e-02
6.165092065930366516e-02
6.159078329801559448e-02
6.150771304965019226e-02
6.143292784690856934e-02
6.132741272449493408e-02
6.168167665600776672e-02
6.128979474306106567e-02
6.119832769036293030e-02
6.108536571264266968e-02
6.093720346689224243e-02
6.080698966979980469e-02
6.107575818896293640e-02
6.075357645750045776e-02
6.068062782287597656e-02
6.057436391711235046e-02
6.050413101911544800e-02
6.042935699224472046e-02
6.034170463681221008e-02
6.020178645849227905e-02
6.002178043127059937e-02
5.986111611127853394e-02
5.963195860385894775e-02
5.944541096687316895e-02
5.926665663719177246e-02
5.922084674239158630e-02
5.913339927792549133e-02
5.883531272411346436e-02
5.880089104175567627e-02
5.869818478822708130e-02
5.867134034633636475e-02
5.851259082555770874e-02
5.843205749988555908e-02
5.834238231182098389e-02
6.091655790805816650e-02
5.830373615026473999e-02
5.820468813180923462e-02
5.811323970556259155e-02
5.800969898700714111e-02
5.789072066545486450e-02
5.774818360805511475e-02
5.766891688108444214e-02
5.742120742797851562e-02
5.720373988151550293e-02
5.694178119301795959e-02
5.699374526739120483e-02
5.679477751255035400e-02
5.654450133442878723e-02
5.632425844669342041e-02
5.618087574839591980e-02
5.606295913457870483e-02
5.601327493786811829e-02
5.594971403479576111e-02
5.587706342339515686e-02
5.575162917375564575e-02
5.559784919023513794e-02
5.545956268906593323e-02
5.536505952477455139e-02
5.517040565609931946e-02
5.497491359710693359e-02
5.476753786206245422e-02
5.469086021184921265e-02
5.456390976905822754e-02
5.447628349065780640e-02
5.436322093009948730e-02
5.421787500381469727e-02
5.466543883085250854e-02
5.415830761194229126e-02
5.405484139919281006e-02
5.399607867002487183e-02
5.392800271511077881e-02
5.382959544658660889e-02
5.380006507039070129e-02
5.369747802615165710e-02
5.363998189568519592e-02
5.357601493597030640e-02
5.348639562726020813e-02
5.339551344513893127e-02
5.333903431892395020e-02
5.329820141196250916e-02
5.323891714215278625e-02
5.313710868358612061e-02
5.308068916201591492e-02
5.298915132880210876e-02
5.288364365696907043e-02
5.279412865638732910e-02
5.262829735875129700e-02
5.253721773624420166e-02
5.242800340056419373e-02
5.235200747847557068e-02
5.228389799594879150e-02
5.223095417022705078e-02
5.212531611323356628e-02
5.204498767852783203e-02
5.193631350994110107e-02
5.184717476367950439e-02
5.173771455883979797e-02
5.162775143980979919e-02
5.151848122477531433e-02
5.126845091581344604e-02
5.169728025794029236e-02
5.119470134377479553e-02
5.107323080301284790e-02
5.095276981592178345e-02
5.087164044380187988e-02
5.077555775642395020e-02
5.063733831048011780e-02
5.051923543214797974e-02
5.040418729186058044e-02
5.033683776855468750e-02
5.025666952133178711e-02
5.015906691551208496e-02
5.009905993938446045e-02
4.999753087759017944e-02
4.987630993127822876e-02
4.970849305391311646e-02
4.951163753867149353e-02
4.948449879884719849e-02
4.926874861121177673e-02
4.918329417705535889e-02
4.904910176992416382e-02
4.909118264913558960e-02
4.899202287197113037e-02
4.888874664902687073e-02
4.878129437565803528e-02
4.867924749851226807e-02
4.849558323621749878e-02
4.843617975711822510e-02
4.809724539518356323e-02
4.796276614069938660e-02
4.781080037355422974e-02
4.770798981189727783e-02
4.751489683985710144e-02
4.736926034092903137e-02
4.726053774356842041e-02
4.717467725276947021e-02
4.711000993847846985e-02
4.702306538820266724e-02
4.690426588058471680e-02
4.677016288042068481e-02
4.676440358161926270e-02
4.666953533887863159e-02
4.646845906972885132e-02
4.627738147974014282e-02
4.633078724145889282e-02
4.620297253131866455e-02
4.611232504248619080e-02
4.600661620497703552e-02
4.587031155824661255e-02
4.570918902754783630e-02
4.568381980061531067e-02
4.555135592818260193e-02
4.549302905797958374e-02
4.541919007897377014e-02
4.528945684432983398e-02
4.517983272671699524e-02
4.508662968873977661e-02
4.496718198060989380e-02
4.483059048652648926e-02
4.468674957752227783e-02
4.459006711840629578e-02
4.448204487562179565e-02
4.443797469139099121e-02
4.437001794576644897e-02
4.425525665283203125e-02
4.417691379785537720e-02
4.413264989852905273e-02
4.409838095307350159e-02
4.402988404035568237e-02
4.392889514565467834e-02
4.390487819910049438e-02
4.367998242378234863e-02
4.357544332742691040e-02
4.346419125795364380e-02
4.344025999307632446e-02
4.332359135150909424e-02
4.326499998569488525e-02
4.320099949836730957e-02
4.309546947479248047e-02
4.313664883375167847e-02
4.301904141902923584e-02
4.293559864163398743e-02
4.273612424731254578e-02
4.264989867806434631e-02
4.256565868854522705e-02
4.245760664343833923e-02
4.235731065273284912e-02
4.229544103145599365e-02
4.214405268430709839e-02
4.203429073095321655e-02
4.186792671680450439e-02
4.181787371635437012e-02
4.163636267185211182e-02
4.158674553036689758e-02
4.154913872480392456e-02
4.151176661252975464e-02
4.143853485584259033e-02
4.149945080280303955e-02
4.140637814998626709e-02
4.131840169429779053e-02
4.118023067712783813e-02
4.107906669378280640e-02
4.104282334446907043e-02
4.094380885362625122e-02
4.087717086076736450e-02
4.086603224277496338e-02
4.076992720365524292e-02
4.074379056692123413e-02
4.071127623319625854e-02
4.065468162298202515e-02
4.058193415403366089e-02
4.048069566488265991e-02
4.040390625596046448e-02
4.026770591735839844e-02
4.018718004226684570e-02
4.010562226176261902e-02
4.000383242964744568e-02
3.987827897071838379e-02
3.974901512265205383e-02
3.963563218712806702e-02
3.955435752868652344e-02
3.946864604949951172e-02
3.924797475337982178e-02
3.898738324642181396e-02
3.881221264600753784e-02
3.872436657547950745e-02
3.862524777650833130e-02
3.851694613695144653e-02
3.848374634981155396e-02
3.835372999310493469e-02
3.828651085495948792e-02
3.816578164696693420e-02
3.808776289224624634e-02
3.804454579949378967e-02
3.797885775566101074e-02
3.792997077107429504e-02
3.787066042423248291e-02
3.780167549848556519e-02
3.773457184433937073e-02
3.842159360647201538e-02
3.771729767322540283e-02
3.767466917634010315e-02
3.763524815440177917e-02
3.758155554533004761e-02
3.752868622541427612e-02
3.744584321975708008e-02
3.800600022077560425e-02
3.742345049977302551e-02
3.732738643884658813e-02
3.723693266510963440e-02
3.710833191871643066e-02
3.702721744775772095e-02
3.694234788417816162e-02
3.688603639602661133e-02
3.677507862448692322e-02
3.704740852117538452e-02
3.670276701450347900e-02
3.655891120433807373e-02
3.642592951655387878e-02
3.630691021680831909e-02
3.622917830944061279e-02
3.616806119680404663e-02
3.610073402523994446e-02
3.601066023111343384e-02
3.590836375951766968e-02
3.581406921148300171e-02
3.575305268168449402e-02
3.568517044186592102e-02
3.563968837261199951e-02
3.557561337947845459e-02
3.550393879413604736e-02
3.539052605628967285e-02
3.539789468050003052e-02
3.535255417227745056e-02
3.527530655264854431e-02
3.520042449235916138e-02
3.510984405875205994e-02
3.502288460731506348e-02
3.493741154670715332e-02
3.488340228796005249e-02
3.484605997800827026e-02
3.481452912092208862e-02
3.476936370134353638e-02
3.472872078418731689e-02
3.467393293976783752e-02
3.463429212570190430e-02
3.458115458488464355e-02
3.448295965790748596e-02
3.432992100715637207e-02
3.420130908489227295e-02
3.422685712575912476e-02
3.414228931069374084e-02
3.407538682222366333e-02
3.400042280554771423e-02
3.394247218966484070e-02
3.384483605623245239e-02
3.396505862474441528e-02
3.381422907114028931e-02
3.377424553036689758e-02
3.373588249087333679e-02
3.369806706905364990e-02
3.364941477775573730e-02
3.359742462635040283e-02
3.354056924581527710e-02
3.347603231668472290e-02
3.337368369102478027e-02
3.329706564545631409e-02
3.323562070727348328e-02
3.319159895181655884e-02
3.315233439207077026e-02
3.312612697482109070e-02
3.309533745050430298e-02
3.305932879447937012e-02
3.301906585693359375e-02
3.296517208218574524e-02
3.288919851183891296e-02
3.282820805907249451e-02
3.285806626081466675e-02
3.275813162326812744e-02
3.269480168819427490e-02
3.259494528174400330e-02
3.256012499332427979e-02
3.251335024833679199e-02
3.245932608842849731e-02
3.236547112464904785e-02
3.230522200465202332e-02
3.225256502628326416e-02
3.221388533711433411e-02
3.217012807726860046e-02
3.209896758198738098e-02
3.204288333654403687e-02
3.194886445999145508e-02
3.190807998180389404e-02
3.177936747670173645e-02
3.171119838953018188e-02
3.165135905146598816e-02
3.160679712891578674e-02
3.153502941131591797e-02
3.144931048154830933e-02
3.136868029832839966e-02
3.568782657384872437e-02
3.134478628635406494e-02
3.124524280428886414e-02
3.108973801136016846e-02
3.096393123269081116e-02
3.089278005063533783e-02
3.080274537205696106e-02
3.069454990327358246e-02
3.057725168764591217e-02
3.043692745268344879e-02
3.042635880410671234e-02
3.039102256298065186e-02
3.028263524174690247e-02
3.021914511919021606e-02
3.017982654273509979e-02
3.013498708605766296e-02
3.009490482509136200e-02
3.005238249897956848e-02
2.996148914098739624e-02
2.988378144800662994e-02
2.975174225866794586e-02
2.963808365166187286e-02
2.952450513839721680e-02
2.941652759909629822e-02
2.927655540406703949e-02
2.912962064146995544e-02
2.902315557003021240e-02
2.895137108862400055e-02
2.889638580381870270e-02
2.884315885603427887e-02
2.876137197017669678e-02
2.873290888965129852e-02
2.864550054073333740e-02
2.861218713223934174e-02
2.857127226889133453e-02
2.851775661110877991e-02
2.843332290649414062e-02
2.829820662736892700e-02
2.902227826416492462e-02
2.824026718735694885e-02
2.810884453356266022e-02
2.800391614437103271e-02
2.792962826788425446e-02
2.785987220704555511e-02
2.776369266211986542e-02
2.765541896224021912e-02
2.757127396762371063e-02
2.751872874796390533e-02
2.746783569455146790e-02
2.736838348209857941e-02
2.726772427558898926e-02
2.718591690063476562e-02
2.706380002200603485e-02
2.689102850854396820e-02
2.669255807995796204e-02
2.655402570962905884e-02
2.687476202845573425e-02
2.648103050887584686e-02
2.640553563833236694e-02
2.634938806295394897e-02
2.625856176018714905e-02
2.608301863074302673e-02
2.597268857061862946e-02
2.582691609859466553e-02
2.571594715118408203e-02
2.567942813038825989e-02
2.562445402145385742e-02
2.556881867349147797e-02
2.554145269095897675e-02
2.547851949930191040e-02
2.541299536824226379e-02
2.530542761087417603e-02
2.517472207546234131e-02
2.508483454585075378e-02
2.501780539751052856e-02
2.495294064283370972e-02
2.488710358738899231e-02
2.483395114541053772e-02
2.481087483465671539e-02
2.474153041839599609e-02
2.471292763948440552e-02
2.466912753880023956e-02
2.462351322174072266e-02
2.456975728273391724e-02
2.446392923593521118e-02
2.437893673777580261e-02
2.442566491663455963e-02
2.433767728507518768e-02
2.425182238221168518e-02
2.420545369386672974e-02
2.415450476109981537e-02
2.412366122007369995e-02
2.406362816691398621e-02
2.401591837406158447e-02
2.398099564015865326e-02
2.392479777336120605e-02
2.388947457075119019e-02
2.384973503649234772e-02
2.380396611988544464e-02
2.375908195972442627e-02
2.372335642576217651e-02
2.369113080203533173e-02
2.365139685571193695e-02
2.359888888895511627e-02
2.355473488569259644e-02
2.349010109901428223e-02
2.342054247856140137e-02
2.337569929659366608e-02
2.332996949553489685e-02
2.329497411847114563e-02
2.326752245426177979e-02
2.324364520609378815e-02
2.321964502334594727e-02
2.319147810339927673e-02
2.316716872155666351e-02
2.314252220094203949e-02
2.311489544808864594e-02
2.309173718094825745e-02
2.307618409395217896e-02
2.306232601404190063e-02
2.303819358348846436e-02
2.301762625575065613e-02
2.299586869776248932e-02
2.296121604740619659e-02
2.293454296886920929e-02
2.289783582091331482e-02
2.288958802819252014e-02
2.282988466322422028e-02
2.280754968523979187e-02
2.278209291398525238e-02
2.275213412940502167e-02
2.272862568497657776e-02
2.271044813096523285e-02
2.269129641354084015e-02
2.266619727015495300e-02
2.267231605947017670e-02
2.265016548335552216e-02
2.262854203581809998e-02
2.260129526257514954e-02
2.258697897195816040e-02
2.256497181951999664e-02
2.255809307098388672e-02
2.253464050590991974e-02
2.251900173723697662e-02
2.250301465392112732e-02
2.248353511095046997e-02
2.244381792843341827e-02
2.242434769868850708e-02
2.238645777106285095e-02
2.236927486956119537e-02
2.234622836112976074e-02
2.229956910014152527e-02
2.276510372757911682e-02
2.227406762540340424e-02
2.222495526075363159e-02
2.216490730643272400e-02
2.213783189654350281e-02
2.211167290806770325e-02
2.207290939986705780e-02
2.203717641532421112e-02
2.198519743978977203e-02
2.192146889865398407e-02
2.186861075460910797e-02
2.239577844738960266e-02
2.179970592260360718e-02
2.174515277147293091e-02
2.170690335333347321e-02
2.166905999183654785e-02
2.160438708961009979e-02
2.157163247466087341e-02
2.148979529738426208e-02
2.142886258661746979e-02
2.139579877257347107e-02
2.136602438986301422e-02
2.132601477205753326e-02
2.128016017377376556e-02
2.122388780117034912e-02
2.116726152598857880e-02
2.110480144619941711e-02
2.106762304902076721e-02
2.101548761129379272e-02
2.097856067121028900e-02
2.096778899431228638e-02
2.094091847538948059e-02
2.091764472424983978e-02
2.089218050241470337e-02
2.086217515170574188e-02
2.079687267541885376e-02
2.081621438264846802e-02
2.075665816664695740e-02
2.069760859012603760e-02
2.064315788447856903e-02
2.059367671608924866e-02
2.053214050829410553e-02
2.042772993445396423e-02
2.030303329229354858e-02
2.019911259412765503e-02
2.008264325559139252e-02
1.996943354606628418e-02
1.988604292273521423e-02
1.983499526977539062e-02
1.980793662369251251e-02
1.979127340018749237e-02
1.976617425680160522e-02
1.972956024110317230e-02
1.970398239791393280e-02
1.967077143490314484e-02
1.961578428745269775e-02
1.954426802694797516e-02
1.947816275060176849e-02
1.946144551038742065e-02
1.933754421770572662e-02
1.928797550499439240e-02
1.923995092511177063e-02
1.919595897197723389e-02
1.917770318686962128e-02
1.913419738411903381e-02
1.911603286862373352e-02
1.911641657352447510e-02
1.908999867737293243e-02
1.904302090406417847e-02
1.901216991245746613e-02
1.896515488624572754e-02
1.893310435116291046e-02
1.887974701821804047e-02
1.880996488034725189e-02
1.873137615621089935e-02
1.863339357078075409e-02
1.856361888349056244e-02
1.850582659244537354e-02
1.847550272941589355e-02
1.843119785189628601e-02
1.839173585176467896e-02
1.833362504839897156e-02
1.827514544129371643e-02
1.822406984865665436e-02
1.819746755063533783e-02
1.818512007594108582e-02
1.816694438457489014e-02
1.827650703489780426e-02
1.814212277531623840e-02
1.811658032238483429e-02
1.808763295412063599e-02
1.806481182575225830e-02
1.803985610604286194e-02
1.806966587901115417e-02
1.802728511393070221e-02
1.800301298499107361e-02
1.797154545783996582e-02
1.795285940170288086e-02
1.792943663895130157e-02
1.790659688413143158e-02
1.788079552352428436e-02
1.783242821693420410e-02
1.779606752097606659e-02
1.787375658750534058e-02
1.776603981852531433e-02
1.772172376513481140e-02
1.765566878020763397e-02
1.763757504522800446e-02
1.758557930588722229e-02
1.754285953938961029e-02
1.751390285789966583e-02
1.745611056685447693e-02
1.741807535290718079e-02
1.740344800055027008e-02
1.738163456320762634e-02
1.736588031053543091e-02
1.734777539968490601e-02
1.732507720589637756e-02
1.730349846184253693e-02
1.727236434817314148e-02
1.723126880824565887e-02
1.722390949726104736e-02
1.716524548828601837e-02
1.714712008833885193e-02
1.711745373904705048e-02
1.714426465332508087e-02
1.710740476846694946e-02
1.707883365452289581e-02
1.704565808176994324e-02
1.702563092112541199e-02
1.700097136199474335e-02
1.696241833269596100e-02
1.690255664288997650e-02
1.686598360538482666e-02
1.682243123650550842e-02
1.679417118430137634e-02
1.676642522215843201e-02
1.672951504588127136e-02
1.669841818511486053e-02
1.665837503969669342e-02
1.662410050630569458e-02
1.659021526575088501e-02
1.656722649931907654e-02
1.654070615768432617e-02
1.644137129187583923e-02
1.639558002352714539e-02
1.626832410693168640e-02
1.621807366609573364e-02
1.617610640823841095e-02
1.614548265933990479e-02
1.608861610293388367e-02
1.603836752474308014e-02
1.598276197910308838e-02
1.594611443579196930e-02
1.592956483364105225e-02
1.592055149376392365e-02
1.589921116828918457e-02
1.590619049966335297e-02
1.588843949139118195e-02
1.586437784135341644e-02
1.583299227058887482e-02
1.579852588474750519e-02
1.575677096843719482e-02
1.569605804979801178e-02
1.564206182956695557e-02
1.556930504739284515e-02
1.554660126566886902e-02
1.551615633070468903e-02
1.548451744019985199e-02
1.546776480972766876e-02
1.544519793242216110e-02
1.659976691007614136e-02
1.544087193906307220e-02
1.542603224515914917e-02
1.540425419807434082e-02
1.538780517876148224e-02
1.536929421126842499e-02
1.534423697739839554e-02
1.530140545219182968e-02
1.524534448981285095e-02
1.522340439260005951e-02
1.518091745674610138e-02
1.515427790582180023e-02
1.513206586241722107e-02
1.510335691273212433e-02
1.506362296640872955e-02
1.515373773872852325e-02
1.504233479499816895e-02
1.497867517173290253e-02
1.492071337997913361e-02
1.485417131334543228e-02
1.481493189930915833e-02
1.480368617922067642e-02
1.475131046026945114e-02
1.473113708198070526e-02
1.471154578030109406e-02
1.468646712601184845e-02
1.466406881809234619e-02
1.463559363037347794e-02
1.456686202436685562e-02
1.453503873199224472e-02
1.450312137603759766e-02
1.447851024568080902e-02
1.446749735623598099e-02
1.445497013628482819e-02
1.442851871252059937e-02
1.441318541765213013e-02
1.439046673476696014e-02
1.437841542065143585e-02
1.436062343418598175e-02
1.434874907135963440e-02
1.433933991938829422e-02
1.432642806321382523e-02
1.430630870163440704e-02
1.428631320595741272e-02
1.426042057573795319e-02
1.423222292214632034e-02
1.422113273292779922e-02
1.419738773256540298e-02
1.418177317827939987e-02
1.415576227009296417e-02
1.412301696836948395e-02
1.409587822854518890e-02
1.406905055046081543e-02
1.409408077597618103e-02
1.405959855765104294e-02
1.403915602713823318e-02
1.401881501078605652e-02
1.399230584502220154e-02
1.396496221423149109e-02
1.394295692443847656e-02
1.390794198960065842e-02
1.388309337198734283e-02
1.386251114308834076e-02
1.388990134000778198e-02
1.385405659675598145e-02
1.384382322430610657e-02
1.383830420672893524e-02
1.382490061223506927e-02
1.380644552409648895e-02
1.377743668854236603e-02
1.375514082610607147e-02
1.373721193522214890e-02
1.372382882982492447e-02
1.370331831276416779e-02
1.367206126451492310e-02
1.364487037062644958e-02
1.362962275743484497e-02
1.360953692346811295e-02
1.359835825860500336e-02
1.358569040894508362e-02
1.357770152390003204e-02
1.356475055217742920e-02
1.355020515620708466e-02
1.353251934051513672e-02
1.351730152964591980e-02
1.350290793925523758e-02
1.348971761763095856e-02
1.347392331808805466e-02
1.345796696841716766e-02
1.344209909439086914e-02
1.343284361064434052e-02
1.342385262250900269e-02
1.341118849813938141e-02
1.339177414774894714e-02
1.339983381330966949e-02
1.338038686662912369e-02
1.335897855460643768e-02
1.334430836141109467e-02
1.333091966807842255e-02
1.332268211990594864e-02
1.330438442528247833e-02
1.328503899276256561e-02
1.326799951493740082e-02
1.324587874114513397e-02
1.322673074901103973e-02
1.321136578917503357e-02
1.319580245763063431e-02
1.318624988198280334e-02
1.316806580871343613e-02
1.315207965672016144e-02
1.314015872776508331e-02
1.313129626214504242e-02
1.311968173831701279e-02
1.310799457132816315e-02
1.309399306774139404e-02
1.306238397955894470e-02
1.305169612169265747e-02
1.304041221737861633e-02
1.302158925682306290e-02
1.300250738859176636e-02
1.297599356621503830e-02
1.295263133943080902e-02
1.292851008474826813e-02
1.290418952703475952e-02
1.288317143917083740e-02
1.287040673196315765e-02
1.281655486673116684e-02
1.279151346534490585e-02
1.276713050901889801e-02
1.275592576712369919e-02
1.273622270673513412e-02
1.271535921841859818e-02
1.270313747227191925e-02
1.269591785967350006e-02
1.268772967159748077e-02
1.267395727336406708e-02
1.265938021242618561e-02
1.264990307390689850e-02
1.263940427452325821e-02
1.262708008289337158e-02
1.261218078434467316e-02
1.260143704712390900e-02
1.259610429406166077e-02
1.258624624460935593e-02
1.258148998022079468e-02
1.257591415196657181e-02
1.256813481450080872e-02
1.255444157868623734e-02
1.269426383078098297e-02
1.254812534898519516e-02
1.252879854291677475e-02
1.251470483839511871e-02
1.250332035124301910e-02
1.248889416456222534e-02
1.246350351721048355e-02
1.242776773869991302e-02
1.238521933555603027e-02
1.235994230955839157e-02
1.234896015375852585e-02
1.233369391411542892e-02
1.230953447520732880e-02
1.228933781385421753e-02
1.227547414600849152e-02
1.225954946130514145e-02
1.223677117377519608e-02
1.221228577196598053e-02
1.221734099090099335e-02
1.219541113823652267e-02
1.215790025889873505e-02
1.212841179221868515e-02
1.210563629865646362e-02
1.209283992648124695e-02
1.208593137562274933e-02
1.207994949072599411e-02
1.207048632204532623e-02
1.205414719879627228e-02
1.205151528120040894e-02
1.203029043972492218e-02
1.202491018921136856e-02
1.201959885656833649e-02
1.201145537197589874e-02
1.199495140463113785e-02
1.201069541275501251e-02
1.198719255626201630e-02
1.197524089366197586e-02
1.196678169071674347e-02
1.195955462753772736e-02
1.194966677576303482e-02
1.193289272487163544e-02
1.195027958601713181e-02
1.192556694149971008e-02
1.191343180835247040e-02
1.189824007451534271e-02
1.188638247549533844e-02
1.187073159962892532e-02
1.184331532567739487e-02
1.179322600364685059e-02
1.178142149001359940e-02
1.172920037060976028e-02
1.171035878360271454e-02
1.169388741254806519e-02
1.168224960565567017e-02
1.166750770062208176e-02
1.164561137557029724e-02
1.163126341998577118e-02
1.161690708249807358e-02
1.160229090601205826e-02
1.158789917826652527e-02
1.157537382096052170e-02
1.156687084585428238e-02
1.155628822743892670e-02
1.158655621111392975e-02
1.154803670942783356e-02
1.153684034943580627e-02
1.151544507592916489e-02
1.150341331958770752e-02
1.147982664406299591e-02
1.148051768541336060e-02
1.147065404802560806e-02
1.144673116505146027e-02
1.142507512122392654e-02
1.139447838068008423e-02
1.138026174157857895e-02
1.136246789246797562e-02
1.135063450783491135e-02
1.134353131055831909e-02
1.133024971932172775e-02
1.132629904896020889e-02
1.130234356969594955e-02
1.129005849361419678e-02
1.127708237618207932e-02
1.126305852085351944e-02
1.124663278460502625e-02
1.122002210468053818e-02
1.120142824947834015e-02
1.118897553533315659e-02
1.117208786308765411e-02
1.115543954074382782e-02
1.114152837544679642e-02
1.112442463636398315e-02
1.111251581460237503e-02
1.110014319419860840e-02
1.107944361865520477e-02
1.106906123459339142e-02
1.105581130832433701e-02
1.104401983320713043e-02
1.103073172271251678e-02
1.101319119334220886e-02
1.098456606268882751e-02
1.095969881862401962e-02
1.092492230236530304e-02
1.090220361948013306e-02
1.088316738605499268e-02
1.090510468930006027e-02
1.087331399321556091e-02
1.085287146270275116e-02
1.083113439381122589e-02
1.081448607146739960e-02
1.080425642430782318e-02
1.079610269516706467e-02
1.078336220234632492e-02
1.076363213360309601e-02
1.074203010648488998e-02
1.072993688285350800e-02
1.071499474346637726e-02
1.069924514740705490e-02
1.068518403917551041e-02
1.066345162689685822e-02
1.066131144762039185e-02
1.065287552773952484e-02
1.063413172960281372e-02
1.061818655580282211e-02
1.060069724917411804e-02
1.057180482894182205e-02
1.054150052368640900e-02
1.049176137894392014e-02
1.045512594282627106e-02
1.040448620915412903e-02
1.039060857146978378e-02
1.037207245826721191e-02
1.035705488175153732e-02
1.033786404877901077e-02
1.032225042581558228e-02
1.031017769128084183e-02
1.030838023871183395e-02
1.029257476329803467e-02
1.028276607394218445e-02
1.027441769838333130e-02
1.027076598256826401e-02
1.025944761931896210e-02
1.025222335010766983e-02
1.023918949067592621e-02
1.022511254996061325e-02
1.020663976669311523e-02
1.021465938538312912e-02
1.020024903118610382e-02
1.019013766199350357e-02
1.018210221081972122e-02
1.017867401242256165e-02
1.017361227422952652e-02
1.016657613217830658e-02
1.015456952154636383e-02
1.014542113989591599e-02
1.013584248721599579e-02
1.012872159481048584e-02
1.012215670198202133e-02
1.011375803500413895e-02
1.010273769497871399e-02
1.025103498250246048e-02
1.009917911142110825e-02
1.008948031812906265e-02
1.008087210357189178e-02
1.007305551320314407e-02
1.006393507122993469e-02
1.005597226321697235e-02
1.004441827535629272e-02
1.003529224544763565e-02
1.002505607903003693e-02
1.001117937266826630e-02
9.997181594371795654e-03
9.988375939428806305e-03
9.982647374272346497e-03
9.978447109460830688e-03
9.972063824534416199e-03
9.965277276933193207e-03
9.952329099178314209e-03
9.939854964613914490e-03
9.922957047820091248e-03
9.914478287100791931e-03
9.888548403978347778e-03
9.873313829302787781e-03
9.852568618953227997e-03
9.834183380007743835e-03
9.812534786760807037e-03
9.795831516385078430e-03
9.780013933777809143e-03
9.760257788002490997e-03
9.756908752024173737e-03
9.738116525113582611e-03
9.712419472634792328e-03
9.698526002466678619e-03
9.684735909104347229e-03
9.663713164627552032e-03
9.635365568101406097e-03
9.614355862140655518e-03
9.568753652274608612e-03
9.529698640108108521e-03
9.478475898504257202e-03
9.393454529345035553e-03
9.361483156681060791e-03
9.318896569311618805e-03
9.299790486693382263e-03
9.277801960706710815e-03
9.251789189875125885e-03
9.225414134562015533e-03
9.204825386404991150e-03
9.196109138429164886e-03
9.187305346131324768e-03
9.174586273729801178e-03
9.153822436928749084e-03
9.133731946349143982e-03
9.110528975725173950e-03
9.088148362934589386e-03
9.095020592212677002e-03
9.074282832443714142e-03
9.051738306879997253e-03
9.031961672008037567e-03
9.020945057272911072e-03
9.014110080897808075e-03
9.002944454550743103e-03
8.984467945992946625e-03
8.951873518526554108e-03
8.936710655689239502e-03
8.905105292797088623e-03
8.895062841475009918e-03
8.879422210156917572e-03
8.863873779773712158e-03
8.839393965899944305e-03
8.817565627396106720e-03
8.798220194876194000e-03
8.777016773819923401e-03
8.762830868363380432e-03
8.747478015720844269e-03
8.737476542592048645e-03
8.729116059839725494e-03
8.705580607056617737e-03
8.697641082108020782e-03
8.691689930856227875e-03
8.687054738402366638e-03
8.681181818246841431e-03
8.670948445796966553e-03
8.731555193662643433e-03
8.668313734233379364e-03
8.659639395773410797e-03
8.647999726235866547e-03
8.634055033326148987e-03
8.615963160991668701e-03
8.589089848101139069e-03
8.559014648199081421e-03
8.537241257727146149e-03
8.522724732756614685e-03
8.507710881531238556e-03
8.488285355269908905e-03
8.482485078275203705e-03
8.474935777485370636e-03
8.470240980386734009e-03
8.455708622932434082e-03
8.441315032541751862e-03
8.423440158367156982e-03
8.406003937125205994e-03
8.400615304708480835e-03
8.391090668737888336e-03
8.381089195609092712e-03
8.370641618967056274e-03
8.352758362889289856e-03
8.341679349541664124e-03
8.325837552547454834e-03
8.317189291119575500e-03
8.307898417115211487e-03
8.294796571135520935e-03
8.288779295980930328e-03
8.278921246528625488e-03
8.267669007182121277e-03
8.255284279584884644e-03
8.240236900746822357e-03
8.230272680521011353e-03
8.214724250137805939e-03
8.205989375710487366e-03
8.194694295525550842e-03
8.189652115106582642e-03
8.180122822523117065e-03
8.163395337760448456e-03
8.146461099386215210e-03
8.132967166602611542e-03
8.116847835481166840e-03
8.088540285825729370e-03
8.070349693298339844e-03
8.055337704718112946e-03
8.044233545660972595e-03
8.030696772038936615e-03
8.017458021640777588e-03
8.002478629350662231e-03
7.988154888153076172e-03
7.979334332048892975e-03
7.973326370120048523e-03
7.970578968524932861e-03
7.966489531099796295e-03
7.963508367538452148e-03
7.960535585880279541e-03
7.956145331263542175e-03
7.946450263261795044e-03
7.934164255857467651e-03
7.931282743811607361e-03
7.950983010232448578e-03
7.922227494418621063e-03
7.911473512649536133e-03
7.904144003987312317e-03
7.893775589764118195e-03
7.877608761191368103e-03
7.854996249079704285e-03
7.847992703318595886e-03
7.857306860387325287e-03
7.831567898392677307e-03
7.811026647686958313e-03
7.792958989739418030e-03
7.774668745696544647e-03
7.766353432089090347e-03
7.755396887660026550e-03
7.740291766822338104e-03
7.732554804533720016e-03
7.723914925009012222e-03
7.716541644185781479e-03
7.706295698881149292e-03
7.702334783971309662e-03
7.687610574066638947e-03
7.674999535083770752e-03
7.654449902474880219e-03
7.635412737727165222e-03
7.702508009970188141e-03
7.630200590938329697e-03
7.614352274686098099e-03
7.603309117257595062e-03
7.589630782604217529e-03
7.579334080219268799e-03
7.568072993308305740e-03
7.555092684924602509e-03
7.541963830590248108e-03
7.535619661211967468e-03
7.528980262577533722e-03
7.518109865486621857e-03
7.506294175982475281e-03
7.497158832848072052e-03
7.530862465500831604e-03
7.490976713597774506e-03
7.484184112399816513e-03
7.477195002138614655e-03
7.472769357264041901e-03
7.461800239980220795e-03
7.451445329934358597e-03
7.440818473696708679e-03
7.564857602119445801e-03
7.436516229063272476e-03
7.428501732647418976e-03
7.421422284096479416e-03
7.448348216712474823e-03
7.419098168611526489e-03
7.414605468511581421e-03
7.405621930956840515e-03
7.398119196295738220e-03
7.384404074400663376e-03
7.374396547675132751e-03
7.371340412646532059e-03
7.353821769356727600e-03
7.348151411861181259e-03
7.343786768615245819e-03
7.338315714150667191e-03
7.328649982810020447e-03
7.317828480154275894e-03
7.327322848141193390e-03
7.311410270631313324e-03
7.304753642529249191e-03
7.300027180463075638e-03
7.292971946299076080e-03
7.297401316463947296e-03
7.287560030817985535e-03
7.275610230863094330e-03
7.265181280672550201e-03
7.264895830303430557e-03
7.259933743625879288e-03
7.253402378410100937e-03
7.249631453305482864e-03
7.242057006806135178e-03
7.232326082885265350e-03
7.220956962555646896e-03
7.210186682641506195e-03
7.204632274806499481e-03
7.195866201072931290e-03
7.183918263763189316e-03
7.177162915468215942e-03
7.174035068601369858e-03
7.170328870415687561e-03
7.167939096689224243e-03
7.165239658206701279e-03
7.162777706980705261e-03
7.160084322094917297e-03
7.156932260841131210e-03
7.154528982937335968e-03
7.149343378841876984e-03
7.144949398934841156e-03
7.138350047171115875e-03
7.134725805371999741e-03
7.132611237466335297e-03
7.129874080419540405e-03
7.123285904526710510e-03
7.174977567046880722e-03
7.120529189705848694e-03
7.117050699889659882e-03
7.114110514521598816e-03
7.118233945220708847e-03
7.113443687558174133e-03
7.112032733857631683e-03
7.107833400368690491e-03
7.104532793164253235e-03
7.100846618413925171e-03
7.097881287336349487e-03
7.088593672960996628e-03
7.099562790244817734e-03
7.083022501319646835e-03
7.071703672409057617e-03
7.065396755933761597e-03
7.063528057187795639e-03
7.059720344841480255e-03
7.058068178594112396e-03
7.054026704281568527e-03
7.049376145005226135e-03
7.041807752102613449e-03
7.040330208837985992e-03
7.036012597382068634e-03
7.034552283585071564e-03
7.032494060695171356e-03
7.028897758573293686e-03
7.038079202175140381e-03
7.026307284832000732e-03
7.021615281701087952e-03
7.017292547971010208e-03
7.015231065452098846e-03
7.012815680354833603e-03
7.009933702647686005e-03
7.009555585682392120e-03
7.005544379353523254e-03
7.003073580563068390e-03
6.999649107456207275e-03
6.995989475399255753e-03
6.990423426032066345e-03
6.986913736909627914e-03
6.989680230617523193e-03
6.984260398894548416e-03
6.982582621276378632e-03
6.980758626013994217e-03
6.978865712881088257e-03
6.976052187383174896e-03
6.972883827984333038e-03
6.970465648919343948e-03
6.967983208596706390e-03
6.966127548366785049e-03
6.962864659726619720e-03
6.960194557905197144e-03
6.956446915864944458e-03
6.954101845622062683e-03
6.951309740543365479e-03
6.948664318770170212e-03
6.942445412278175354e-03
6.947911810129880905e-03
6.940164137631654739e-03
6.937425583600997925e-03
6.933761294931173325e-03
6.931235548108816147e-03
6.928266957402229309e-03
6.924058310687541962e-03
6.920451764017343521e-03
6.919666193425655365e-03
6.915041711181402206e-03
6.914230529218912125e-03
6.911834701895713806e-03
6.909107789397239685e-03
6.905759684741497040e-03
6.901803426444530487e-03
6.898576859384775162e-03
6.896158214658498764e-03
6.894420832395553589e-03
6.892522796988487244e-03
6.890234537422657013e-03
6.886947434395551682e-03
6.883788853883743286e-03
6.881384178996086121e-03
6.879123859107494354e-03
6.877361331135034561e-03
6.877521984279155731e-03
6.875694729387760162e-03
6.874112877994775772e-03
6.867668591439723969e-03
6.864326074719429016e-03
6.860089488327503204e-03
6.855908781290054321e-03
6.850462406873703003e-03
6.846428383141756058e-03
6.842911709100008011e-03
6.840703077614307404e-03
6.837683264166116714e-03
6.835576146841049194e-03
6.831507198512554169e-03
6.831957027316093445e-03
6.829332094639539719e-03
6.825673859566450119e-03
6.821105722337961197e-03
6.817435380071401596e-03
6.813724059611558914e-03
6.810155697166919708e-03
6.805637385696172714e-03
6.800909060984849930e-03
6.797414273023605347e-03
6.795322522521018982e-03
6.794658489525318146e-03
6.792831700295209885e-03
6.791475694626569748e-03
6.789444014430046082e-03
6.786594167351722717e-03
6.810358259826898575e-03
6.785631179809570312e-03
6.782071664929389954e-03
6.779466755688190460e-03
6.776163354516029358e-03
6.772672291845083237e-03
6.768173538148403168e-03
6.762365810573101044e-03
6.752318702638149261e-03
6.748832762241363525e-03
6.741290912032127380e-03
6.736127194017171860e-03
6.729801185429096222e-03
6.722386926412582397e-03
6.719026248902082443e-03
6.712286733090877533e-03
6.706531159579753876e-03
6.701799109578132629e-03
6.697835400700569153e-03
6.693810690194368362e-03
6.690769456326961517e-03
6.684446707367897034e-03
6.699218414723873138e-03
6.681664846837520599e-03
6.676484830677509308e-03
6.670784205198287964e-03
6.666867993772029877e-03
6.660257000476121902e-03
6.653733085840940475e-03
6.648483686149120331e-03
6.644323002547025681e-03
6.642277352511882782e-03
6.634538527578115463e-03
6.641062907874584198e-03
6.631862372159957886e-03
6.628664210438728333e-03
6.625517737120389938e-03
6.623083725571632385e-03
6.618608720600605011e-03
6.617729552090167999e-03
6.613261066377162933e-03
6.611104123294353485e-03
6.608638912439346313e-03
6.630167830735445023e-03
6.608162075281143188e-03
6.606621202081441879e-03
6.603439338505268097e-03
6.597867235541343689e-03
6.592991761863231659e-03
6.588324904441833496e-03
6.581562571227550507e-03
6.571494974195957184e-03
6.561418995261192322e-03
6.551150698214769363e-03
6.547129712998867035e-03
6.543610244989395142e-03
6.539988331496715546e-03
6.536829285323619843e-03
6.529166363179683685e-03
6.522057112306356430e-03
6.522397045046091080e-03
6.511374376714229584e-03
6.505694240331649780e-03
6.497219204902648926e-03
6.494520232081413269e-03
6.491378415375947952e-03
6.484829820692539215e-03
6.479452829807996750e-03
6.493894383311271667e-03
6.476957350969314575e-03
6.471261382102966309e-03
6.460996344685554504e-03
6.454389542341232300e-03
6.450084969401359558e-03
6.445492152124643326e-03
6.447035819292068481e-03
6.443241611123085022e-03
6.440549157559871674e-03
6.434657610952854156e-03
6.432398222386837006e-03
6.429223343729972839e-03
6.425703410059213638e-03
6.420757155865430832e-03
6.412166170775890350e-03
6.432312540709972382e-03
6.408996414393186569e-03
6.402953993529081345e-03
6.399225443601608276e-03
6.395894102752208710e-03
6.391466595232486725e-03
6.388043984770774841e-03
6.384358741343021393e-03
6.381172221153974533e-03
6.375124678015708923e-03
6.369712762534618378e-03
6.366460584104061127e-03
6.363623775541782379e-03
6.358479149639606476e-03
6.363418884575366974e-03
6.355715915560722351e-03
6.350296083837747574e-03
6.349653005599975586e-03
6.345769390463829041e-03
6.344995461404323578e-03
6.343102082610130310e-03
6.340286228805780411e-03
6.337538361549377441e-03
6.335133221000432968e-03
6.333177443593740463e-03
6.331015378236770630e-03
6.330294534564018250e-03
6.326570641249418259e-03
6.325386464595794678e-03
6.322929635643959045e-03
6.320365704596042633e-03
6.317971274256706238e-03
6.314497441053390503e-03
6.315323524177074432e-03
6.313529796898365021e-03
6.311996839940547943e-03
6.310197990387678146e-03
6.308773066848516464e-03
6.306862924247980118e-03
6.305212620645761490e-03
6.302889902144670486e-03
6.301135756075382233e-03
6.298255175352096558e-03
6.297510117292404175e-03
6.293846294283866882e-03
6.291293539106845856e-03
6.287354044616222382e-03
6.284273229539394379e-03
6.279582623392343521e-03
6.275275722146034241e-03
6.271577905863523483e-03
6.275011226534843445e-03
6.270612590014934540e-03
6.269120145589113235e-03
6.266979966312646866e-03
6.264885421842336655e-03
6.273161619901657104e-03
6.264174822717905045e-03
6.262635346502065659e-03
6.260308902710676193e-03
6.256443448364734650e-03
6.251788698136806488e-03
6.245510652661323547e-03
6.236861459910869598e-03
6.229399703443050385e-03
6.223830394446849823e-03
6.221374962478876114e-03
6.219541653990745544e-03
6.214249879121780396e-03
6.211128085851669312e-03
6.206846330314874649e-03
6.204548291862010956e-03
6.202782038599252701e-03
6.204935722053050995e-03
6.201472599059343338e-03
6.198172457516193390e-03
6.192623171955347061e-03
6.187582388520240784e-03
6.181948352605104446e-03
6.176620256155729294e-03
6.173952016979455948e-03
6.171023473143577576e-03
6.168879102915525436e-03
6.166995503008365631e-03
6.163225974887609482e-03
6.157967261970043182e-03
6.200399715453386307e-03
6.156517658382654190e-03
6.151989102363586426e-03
6.149536930024623871e-03
6.147662177681922913e-03
6.147003732621669769e-03
6.143833976238965988e-03
6.141086574643850327e-03
6.137991789728403091e-03
6.135410629212856293e-03
6.134158931672573090e-03
6.128257140517234802e-03
6.125382147729396820e-03
6.119598168879747391e-03
6.112910807132720947e-03
6.162561476230621338e-03
6.109913811087608337e-03
6.105193402618169785e-03
6.101986393332481384e-03
6.097303237766027451e-03
6.087263114750385284e-03
6.078010424971580505e-03
6.083996035158634186e-03
6.072535179555416107e-03
6.065330002456903458e-03
6.060391664505004883e-03
6.054788362234830856e-03
6.046541035175323486e-03
6.045165937393903732e-03
6.036608479917049408e-03
6.033099722117185593e-03
6.027344148606061935e-03
6.020417436957359314e-03
6.012350786477327347e-03
6.020287051796913147e-03
6.009892560541629791e-03
6.007114425301551819e-03
6.004380062222480774e-03
6.001765839755535126e-03
5.997404456138610840e-03
5.990693345665931702e-03
6.004510913044214249e-03
5.987931974232196808e-03
5.981017835438251495e-03
5.976743996143341064e-03
5.971210077404975891e-03
5.967057775706052780e-03
5.963681265711784363e-03
5.958473775535821915e-03
5.953743122518062592e-03
5.946688354015350342e-03
5.943092517554759979e-03
5.939718801528215408e-03
6.009851582348346710e-03
5.938007496297359467e-03
5.935298744589090347e-03
5.931034684181213379e-03
5.927440244704484940e-03
5.923852324485778809e-03
5.920133087784051895e-03
5.915876477956771851e-03
5.908492952585220337e-03
5.896531511098146439e-03
6.040501408278942108e-03
5.893870256841182709e-03
5.883621983230113983e-03
5.875955335795879364e-03
5.868820473551750183e-03
5.860880482941865921e-03
5.846905522048473358e-03
5.837906152009963989e-03
5.830731708556413651e-03
5.826712585985660553e-03
5.819339770823717117e-03
5.811202805489301682e-03
5.840747151523828506e-03
5.808861926198005676e-03
5.803890060633420944e-03
5.799162667244672775e-03
5.792760290205478668e-03
5.787306930869817734e-03
5.780343897640705109e-03
5.774025805294513702e-03
5.761434324085712433e-03
5.752159748226404190e-03
5.744238849729299545e-03
5.738063249737024307e-03
5.734222009778022766e-03
5.731513723731040955e-03
5.727057810872793198e-03
5.719503387808799744e-03
5.713545717298984528e-03
5.706517491489648819e-03
5.700735375285148621e-03
5.687154829502105713e-03
5.677687935531139374e-03
5.671464838087558746e-03
5.657933652400970459e-03
5.653325933963060379e-03
5.648706108331680298e-03
5.643623415380716324e-03
5.642053671181201935e-03
5.635377019643783569e-03
5.630534607917070389e-03
5.626708269119262695e-03
5.621979013085365295e-03
5.612917244434356689e-03
5.601278971880674362e-03
5.595650989562273026e-03
5.587229039520025253e-03
5.583141464740037918e-03
5.578349344432353973e-03
5.569742061197757721e-03
5.554145202040672302e-03
5.536939948797225952e-03
5.524023436009883881e-03
5.538925994187593460e-03
5.517359822988510132e-03
5.501359701156616211e-03
5.480810068547725677e-03
5.467327777296304703e-03
5.458954256027936935e-03
5.452576559036970139e-03
5.446946248412132263e-03
5.441008601337671280e-03
5.435714963823556900e-03
5.426380783319473267e-03
5.419724620878696442e-03
5.408320575952529907e-03
5.399660207331180573e-03
5.494528915733098984e-03
5.396859254688024521e-03
5.390734411776065826e-03
5.385221447795629501e-03
5.381708964705467224e-03
5.377006717026233673e-03
5.373341031372547150e-03
5.369972903281450272e-03
5.365938879549503326e-03
5.360306240618228912e-03
5.357070825994014740e-03
5.352212581783533096e-03
5.346013233065605164e-03
5.341145675629377365e-03
5.336994770914316177e-03
5.332834087312221527e-03
5.327300168573856354e-03
5.328027997165918350e-03
5.324717611074447632e-03
5.321342498064041138e-03
5.307554267346858978e-03
5.328706931322813034e-03
5.301356315612792969e-03
5.291592795401811600e-03
5.282747559249401093e-03
5.279206670820713043e-03
5.276754964143037796e-03
5.273338407278060913e-03
5.272573325783014297e-03
5.265742074698209763e-03
5.263813771307468414e-03
5.260975565761327744e-03
5.257177166640758514e-03
5.247352179139852524e-03
5.280706100165843964e-03
5.244395695626735687e-03
5.238462705165147781e-03
5.233087576925754547e-03
5.228516645729541779e-03
5.223629064857959747e-03
5.218725185841321945e-03
5.214277654886245728e-03
5.212064366787672043e-03
5.208942573517560959e-03
5.205935798585414886e-03
5.202642641961574554e-03
5.199664738029241562e-03
5.197047255933284760e-03
5.192259326577186584e-03
5.188375711441040039e-03
5.184585228562355042e-03
5.181558430194854736e-03
5.179640837013721466e-03
5.175964906811714172e-03
5.169114097952842712e-03
5.159779451787471771e-03
5.157138220965862274e-03
5.150272976607084274e-03
5.148431286215782166e-03
5.145136266946792603e-03
5.140275228768587112e-03
5.133721977472305298e-03
5.127845332026481628e-03
5.124417133629322052e-03
5.119218025356531143e-03
5.117266438901424408e-03
5.114480387419462204e-03
5.111348349601030350e-03
5.117138382047414780e-03
5.108502693474292755e-03
5.104547832161188126e-03
5.102271214127540588e-03
5.099083762615919113e-03
5.097290500998497009e-03
5.094806198030710220e-03
5.093736108392477036e-03
5.091848783195018768e-03
5.089427344501018524e-03
5.084760021418333054e-03
5.080151371657848358e-03
5.083296913653612137e-03
5.077220499515533447e-03
5.074174609035253525e-03
5.071927793323993683e-03
5.069149192422628403e-03
5.064977798610925674e-03
5.061676725745201111e-03
5.058597773313522339e-03
5.056047346442937851e-03
5.052929744124412537e-03
5.048520863056182861e-03
5.110173486173152924e-03
5.047280807048082352e-03
5.041197407990694046e-03
5.035837180912494659e-03
5.031412001699209213e-03
5.028801504522562027e-03
5.025801248848438263e-03
5.023167934268712997e-03
5.020271986722946167e-03
5.017782561480998993e-03
5.015756003558635712e-03
5.014156922698020935e-03
5.011911503970623016e-03
5.010590422898530960e-03
5.008967593312263489e-03
5.007270723581314087e-03
5.006021820008754730e-03
5.004605278372764587e-03
5.003212951123714447e-03
4.999719560146331787e-03
4.997751675546169281e-03
4.995174705982208252e-03
4.992499481886625290e-03
4.988383501768112183e-03
4.984491970390081406e-03
4.978844430297613144e-03
4.988702945411205292e-03
4.977749660611152649e-03
4.975285381078720093e-03
4.973539616912603378e-03
4.972189199179410934e-03
4.968325607478618622e-03
4.963424056768417358e-03
4.959990270435810089e-03
4.957834258675575256e-03
4.956300836056470871e-03
4.953351803123950958e-03
4.950538277626037598e-03
4.948145709931850433e-03
4.946786444634199142e-03
4.943989217281341553e-03
4.939895123243331909e-03
4.936241079121828079e-03
4.933035466820001602e-03
4.928554408252239227e-03
4.925739951431751251e-03
4.922900814563035965e-03
4.919427912682294846e-03
4.916592035442590714e-03
4.919096361845731735e-03
4.915675614029169083e-03
4.914070013910531998e-03
4.912005271762609482e-03
4.908472299575805664e-03
4.904955159872770309e-03
4.900335334241390228e-03
4.928975366055965424e-03
4.899086896330118179e-03
4.895733669400215149e-03
4.890440031886100769e-03
4.882990382611751556e-03
4.879231564700603485e-03
4.872482270002365112e-03
4.867205861955881119e-03
4.862078465521335602e-03
4.860685206949710846e-03
4.852718207985162735e-03
4.849067423492670059e-03
4.844394512474536896e-03
4.840127658098936081e-03
4.836867563426494598e-03
4.834712482988834381e-03
4.832833539694547653e-03
4.831057973206043243e-03
4.828340373933315277e-03
4.825102631002664566e-03
4.820263478904962540e-03
4.815643653273582458e-03
4.813395440578460693e-03
4.809892736375331879e-03
4.809189587831497192e-03
4.805248696357011795e-03
4.803461488336324692e-03
4.801328293979167938e-03
4.798173904418945312e-03
4.794244654476642609e-03
4.789702594280242920e-03
4.783517215400934219e-03
4.776951856911182404e-03
4.771772772073745728e-03
4.767694510519504547e-03
4.766525700688362122e-03
4.764357116073369980e-03
4.762905649840831757e-03
4.761168733239173889e-03
4.758324008435010910e-03
4.754603374749422073e-03
4.756575450301170349e-03
4.752957262098789215e-03
4.750395193696022034e-03
4.748088307678699493e-03
4.745247773826122284e-03
4.740136675536632538e-03
4.734812304377555847e-03
4.736151546239852905e-03
4.732679575681686401e-03
4.729739390313625336e-03
4.727195948362350464e-03
4.725231323391199112e-03
4.723162390291690826e-03
4.719860386103391647e-03
4.717932082712650299e-03
4.714957438409328461e-03
4.713072441518306732e-03
4.710980225354433060e-03
4.709535278379917145e-03
4.708269611001014709e-03
4.706352483481168747e-03
4.705575760453939438e-03
4.704665392637252808e-03
4.703560378402471542e-03
4.701882600784301758e-03
4.702747799456119537e-03
4.700675606727600098e-03
4.699163604527711868e-03
4.696472547948360443e-03
4.694677889347076416e-03
4.692245740443468094e-03
4.689533263444900513e-03
4.686041269451379776e-03
4.683993756771087646e-03
4.681266378611326218e-03
4.679393954575061798e-03
4.677829332649707794e-03
4.677587188780307770e-03
4.676409997045993805e-03
4.675907548516988754e-03
4.674986004829406738e-03
4.673999734222888947e-03
4.672661423683166504e-03
4.675793461501598358e-03
4.671048372983932495e-03
4.669682122766971588e-03
4.667576868087053299e-03
4.667019471526145935e-03
4.666002932935953140e-03
4.664954729378223419e-03
4.666059277951717377e-03
4.664537031203508377e-03
4.663799889385700226e-03
4.663062281906604767e-03
4.662445746362209320e-03
4.661736078560352325e-03
4.660447128117084503e-03
4.658988676965236664e-03
4.657492041587829590e-03
4.656423348933458328e-03
4.655634984374046326e-03
4.654249642044305801e-03
4.653614480048418045e-03
4.653196781873703003e-03
4.652602132409811020e-03
4.651606082916259766e-03
4.649922717362642288e-03
4.645882640033960342e-03
4.642606712877750397e-03
4.641576204448938370e-03
4.639118909835815430e-03
4.638154525309801102e-03
4.637147299945354462e-03
4.636407829821109772e-03
4.635167308151721954e-03
4.633703734725713730e-03
4.633057396858930588e-03
4.631225485354661942e-03
4.630319308489561081e-03
4.628692753612995148e-03
4.627747926861047745e-03
4.625012166798114777e-03
4.623724147677421570e-03
4.625422880053520203e-03
4.623101092875003815e-03
4.621560685336589813e-03
4.620480351150035858e-03
4.618866834789514542e-03
4.618923179805278778e-03
4.618267994374036789e-03
4.617320373654365540e-03
4.616469610482454300e-03
4.615170881152153015e-03
4.613735247403383255e-03
4.612662829458713531e-03
4.610321018844842911e-03
4.608623683452606201e-03
4.607567563652992249e-03
4.605903755873441696e-03
4.604278597980737686e-03
4.602957051247358322e-03
4.601383116096258163e-03
4.599464125931262970e-03
4.597162827849388123e-03
4.596131853759288788e-03
4.595706239342689514e-03
4.597904626280069351e-03
4.595468752086162567e-03
4.595150705426931381e-03
4.594413563609123230e-03
4.593755118548870087e-03
4.592555575072765350e-03
4.593481309711933136e-03
4.591980483382940292e-03
4.590832628309726715e-03
4.589312709867954254e-03
4.588902927935123444e-03
4.586569964885711670e-03
4.585550632327795029e-03
4.584277048707008362e-03
4.583294503390789032e-03
4.581902176141738892e-03
4.580650012940168381e-03
4.579286091029644012e-03
4.576690029352903366e-03
4.571950063109397888e-03
4.574797581881284714e-03
4.569926299154758453e-03
4.567269235849380493e-03
4.564740695059299469e-03
4.563719965517520905e-03
4.562533926218748093e-03
4.558773711323738098e-03
4.558944143354892731e-03
4.557725973427295685e-03
4.556161351501941681e-03
4.554725717753171921e-03
4.553967155516147614e-03
4.552509635686874390e-03
4.551096353679895401e-03
4.549884703010320663e-03
4.548483528196811676e-03
4.547161050140857697e-03
4.545194562524557114e-03
4.543299786746501923e-03
4.541368223726749420e-03
4.539462272077798843e-03
4.538600798696279526e-03
4.536834079772233963e-03
4.536040127277374268e-03
4.535253159701824188e-03
4.534765146672725677e-03
4.533461760729551315e-03
4.532346501946449280e-03
4.531354643404483795e-03
4.530345089733600616e-03
4.528640303760766983e-03
4.526908509433269501e-03
4.526026546955108643e-03
4.524737130850553513e-03
4.522768780589103699e-03
4.521396942436695099e-03
4.519934765994548798e-03
4.518778063356876373e-03
4.518000874668359756e-03
4.516125656664371490e-03
4.514765925705432892e-03
4.515443928539752960e-03
4.514005966484546661e-03
4.512551706284284592e-03
4.511369857937097549e-03
4.510433878749608994e-03
4.509459249675273895e-03
4.510579630732536316e-03
4.508782178163528442e-03
4.507388919591903687e-03
4.505411721765995026e-03
4.504438024014234543e-03
4.503260832279920578e-03
4.502154886722564697e-03
4.500722512602806091e-03
4.499430302530527115e-03
4.502789583057165146e-03
4.498977214097976685e-03
4.497992340475320816e-03
4.495493602007627487e-03
4.494346212595701218e-03
4.493043292313814163e-03
4.492341540753841400e-03
4.491728264838457108e-03
4.490888677537441254e-03
4.530942998826503754e-03
4.490458406507968903e-03
4.489466547966003418e-03
4.487890750169754028e-03
4.486826714128255844e-03
4.486292600631713867e-03
4.484756384044885635e-03
4.483643919229507446e-03
4.482566379010677338e-03
4.481248557567596436e-03
4.481117241084575653e-03
4.480318166315555573e-03
4.479049239307641983e-03
4.478078335523605347e-03
4.483501892536878586e-03
4.477621521800756454e-03
4.476659465581178665e-03
4.475526046007871628e-03
4.474340006709098816e-03
4.472903441637754440e-03
4.472170956432819366e-03
4.471118561923503876e-03
4.470238927751779556e-03
4.469746258109807968e-03
4.468447994440793991e-03
4.466792568564414978e-03
4.465159028768539429e-03
4.462616983801126480e-03
4.459754098206758499e-03
4.456403665244579315e-03
4.454328678548336029e-03
4.452794324606657028e-03
4.451351705938577652e-03
4.450113978236913681e-03
4.447558429092168808e-03
4.446151666343212128e-03
4.443332552909851074e-03
4.441865719854831696e-03
4.440235439687967300e-03
4.439098760485649109e-03
4.437268245965242386e-03
4.436837509274482727e-03
4.434359259903430939e-03
4.433012101799249649e-03
4.431059584021568298e-03
4.429623950272798538e-03
4.429068416357040405e-03
4.428171552717685699e-03
4.427368286997079849e-03
4.426589235663414001e-03
4.425128921866416931e-03
4.440503194928169250e-03
4.424666985869407654e-03
4.423290025442838669e-03
4.422172438353300095e-03
4.421153571456670761e-03
4.419815726578235626e-03
4.420231096446514130e-03
4.418928641825914383e-03
4.418131429702043533e-03
4.417038522660732269e-03
4.416078329086303711e-03
4.415507428348064423e-03
4.413216374814510345e-03
4.412245005369186401e-03
4.411042667925357819e-03
4.409385845065116882e-03
4.407219588756561279e-03
4.407859873026609421e-03
4.406212363392114639e-03
4.405034240335226059e-03
4.403890110552310944e-03
4.402839578688144684e-03
4.401413723826408386e-03
4.400946665555238724e-03
4.400137811899185181e-03
4.400071222335100174e-03
4.398754797875881195e-03
4.397796466946601868e-03
4.397572483867406845e-03
4.396962933242321014e-03
4.396380856633186340e-03
4.395116120576858521e-03
4.393504466861486435e-03
4.392090719193220139e-03
4.392087459564208984e-03
4.391307011246681213e-03
4.390562884509563446e-03
4.389339592307806015e-03
4.388161003589630127e-03
4.387272521853446960e-03
4.385678563266992569e-03
4.384455271065235138e-03
4.382153972983360291e-03
4.381538368761539459e-03
4.379565827548503876e-03
4.378735553473234177e-03
4.377572331577539444e-03
4.375733435153961182e-03
4.373341798782348633e-03
4.371246788650751114e-03
4.369572736322879791e-03
4.367716610431671143e-03
4.365939646959304810e-03
4.361591301858425140e-03
4.370155744254589081e-03
4.360828548669815063e-03
4.358151461929082870e-03
4.356034100055694580e-03
4.354247823357582092e-03
4.358225502073764801e-03
4.353378433734178543e-03
4.352433606982231140e-03
4.350486677139997482e-03
4.349765833467245102e-03
4.348210059106349945e-03
4.346463829278945923e-03
4.344665445387363434e-03
4.343347158282995224e-03
4.341809079051017761e-03
4.340080544352531433e-03
4.337002988904714584e-03
4.334912635385990143e-03
4.332816228270530701e-03
4.330269992351531982e-03
4.328692331910133362e-03
4.335951060056686401e-03
4.327557981014251709e-03
4.325663670897483826e-03
4.324495792388916016e-03
4.323225468397140503e-03
4.321480169892311096e-03
4.318921361118555069e-03
4.315568134188652039e-03
4.313645884394645691e-03
4.311016760766506195e-03
4.309392068535089493e-03
4.307162482291460037e-03
4.305390641093254089e-03
4.304622299969196320e-03
4.304056055843830109e-03
4.303451627492904663e-03
4.302718676626682281e-03
4.301528912037611008e-03
4.306087270379066467e-03
4.300650209188461304e-03
4.298731219023466110e-03
4.298179876059293747e-03
4.297434817999601364e-03
4.296800587326288223e-03
4.295462742447853088e-03
4.295073449611663818e-03
4.293746314942836761e-03
4.293175414204597473e-03
4.292381461709737778e-03
4.291053861379623413e-03
4.289460368454456329e-03
4.288762807846069336e-03
4.287263844162225723e-03
4.286132287234067917e-03
4.285081289708614349e-03
4.283574875444173813e-03
4.284484777599573135e-03
4.282861482352018356e-03
4.281884990632534027e-03
4.281053785234689713e-03
4.287179559469223022e-03
4.280776716768741608e-03
4.280094522982835770e-03
4.278740845620632172e-03
4.277646541595458984e-03
4.276535939425230026e-03
4.274987149983644485e-03
4.272878635674715042e-03
4.271544516086578369e-03
4.270330537110567093e-03
4.269585479050874710e-03
4.268608987331390381e-03
4.266934469342231750e-03
4.266665317118167877e-03
4.264974966645240784e-03
4.263858310878276825e-03
4.262101836502552032e-03
4.261827096343040466e-03
4.259622655808925629e-03
4.258983302861452103e-03
4.258157219737768173e-03
4.257156979292631149e-03
4.255749750882387161e-03
4.253391642123460770e-03
4.252405371516942978e-03
4.250853788107633591e-03
4.249163437634706497e-03
4.247256089001893997e-03
4.246822558343410492e-03
4.245710093528032303e-03
4.245059099048376083e-03
4.244043491780757904e-03
4.243009723722934723e-03
4.243958741426467896e-03
4.242359194904565811e-03
4.241546150296926498e-03
4.240283742547035217e-03
4.239329602569341660e-03
4.236975219100713730e-03
4.236785229295492172e-03
4.235950298607349396e-03
4.233947023749351501e-03
4.232652485370635986e-03
4.231524653732776642e-03
4.230513703078031540e-03
4.229468759149312973e-03
4.228764213621616364e-03
4.227985627949237823e-03
4.227287601679563522e-03
4.225739277899265289e-03
4.224026575684547424e-03
4.222801886498928070e-03
4.222078248858451843e-03
4.221531096845865250e-03
4.220962990075349808e-03
4.220445640385150909e-03
4.219882655888795853e-03
4.219334572553634644e-03
4.218320362269878387e-03
4.217195790261030197e-03
4.215467255562543869e-03
4.214987158775329590e-03
4.212663508951663971e-03
4.211677238345146179e-03
4.210340324789285660e-03
4.208983387798070908e-03
4.207652062177658081e-03
4.205477889627218246e-03
4.203028976917266846e-03
4.200912546366453171e-03
4.200516268610954285e-03
4.198201466351747513e-03
4.197719506919384003e-03
4.197307862341403961e-03
4.196804948151111603e-03
4.195858724415302277e-03
4.195517394691705704e-03
4.194724373519420624e-03
4.194165114313364029e-03
4.193277098238468170e-03
4.191499203443527222e-03
4.188370890915393829e-03
4.184862598776817322e-03
4.182750824838876724e-03
4.181111231446266174e-03
4.179762676358222961e-03
4.178050439804792404e-03
4.179258365184068680e-03
4.176962655037641525e-03
4.175454378128051758e-03
4.174159839749336243e-03
4.172890912741422653e-03
4.170913249254226685e-03
4.173495806753635406e-03
4.170240368694067001e-03
4.168682266026735306e-03
4.167804028838872910e-03
4.166950006037950516e-03
4.166032187640666962e-03
4.165605176240205765e-03
4.163851961493492126e-03
4.162653815001249313e-03
4.161309450864791870e-03
4.160052631050348282e-03
4.158914554864168167e-03
4.156872630119323730e-03
4.155999515205621719e-03
4.153791349381208420e-03
4.153132904320955276e-03
4.152834881097078323e-03
4.152540583163499832e-03
4.152043722569942474e-03
4.151397384703159332e-03
4.150211345404386520e-03
4.148315172642469406e-03
4.149008542299270630e-03
4.147332161664962769e-03
4.146124236285686493e-03
4.144943319261074066e-03
4.143704660236835480e-03
4.142399411648511887e-03
4.141414538025856018e-03
4.140883684158325195e-03
4.140375182032585144e-03
4.139273427426815033e-03
4.138200078159570694e-03
4.139637108892202377e-03
4.137197509407997131e-03
4.135573282837867737e-03
4.134371411055326462e-03
4.132831469178199768e-03
4.130256362259387970e-03
4.154138267040252686e-03
4.128747154027223587e-03
4.125909879803657532e-03
4.124027676880359650e-03
4.122640937566757202e-03
4.120183177292346954e-03
4.119188059121370316e-03
4.115641582757234573e-03
4.114347510039806366e-03
4.113543778657913208e-03
4.112368915230035782e-03
4.115516785532236099e-03
4.111694637686014175e-03
4.110094159841537476e-03
4.108887165784835815e-03
4.107937216758728027e-03
4.107010550796985626e-03
4.107123706489801407e-03
4.106402862817049026e-03
4.105472471565008163e-03
4.103986546397209167e-03
4.104273393750190735e-03
4.103349056094884872e-03
4.102182574570178986e-03
4.100363701581954956e-03
4.097995813935995102e-03
4.094339441508054733e-03
4.088506568223237991e-03
4.083355888724327087e-03
4.081218969076871872e-03
4.080177750438451767e-03
4.079840146005153656e-03
4.079044796526432037e-03
4.077775869518518448e-03
4.076621495187282562e-03
4.075560253113508224e-03
4.074394702911376953e-03
4.073201213032007217e-03
4.071692004799842834e-03
4.069843795150518417e-03
4.068247508257627487e-03
4.066513851284980774e-03
4.064484499394893646e-03
4.063057247549295425e-03
