3.198676347732543945e+00
1.225934743881225586e+00
7.681975364685058594e-01
7.116745710372924805e-01
7.003355026245117188e-01
6.985761523246765137e-01
6.970371603965759277e-01
6.957200169563293457e-01
6.945803165435791016e-01
6.930404901504516602e-01
6.915190815925598145e-01
6.909672021865844727e-01
6.908074617385864258e-01
6.905033588409423828e-01
6.900060772895812988e-01
6.891684532165527344e-01
6.883323192596435547e-01
6.867126822471618652e-01
6.841555833816528320e-01
6.840671300888061523e-01
6.828163862228393555e-01
7.276151776313781738e-01
6.798380613327026367e-01
6.753321886062622070e-01
6.639083027839660645e-01
6.575314402580261230e-01
6.509618759155273438e-01
3.938880538940429688e+01
6.360233426094055176e-01
6.085653305053710938e-01
5.808854699134826660e-01
5.687578916549682617e-01
5.507447123527526855e-01
5.614526867866516113e-01
5.369631052017211914e-01
5.435008406639099121e-01
5.253502130508422852e-01
5.109253525733947754e-01
4.813842177391052246e-01
4.528467059135437012e-01
4.553119838237762451e-01
4.302756488323211670e-01
4.074481129646301270e-01
3.987134099006652832e-01
3.701250255107879639e-01
4.114013910293579102e-01
3.548735976219177246e-01
3.345335423946380615e-01
3.043655157089233398e-01
2.734702229499816895e-01
2.667401731014251709e-01
2.384533286094665527e-01
2.280103266239166260e-01
2.122550010681152344e-01
1.995912790298461914e-01
1.820805966854095459e-01
1.683377176523208618e-01
1.553874313831329346e-01
1.448891907930374146e-01
1.393283158540725708e-01
1.364562660455703735e-01
1.329537630081176758e-01
1.264401227235794067e-01
1.158178597688674927e-01
1.125270277261734009e-01
1.101894825696945190e-01
1.094374731183052063e-01
1.084968745708465576e-01
1.072549149394035339e-01
1.052848994731903076e-01
1.015717163681983948e-01
9.871079027652740479e-02
9.533511102199554443e-02
9.262500703334808350e-02
9.329773485660552979e-02
9.184017777442932129e-02
9.129361063241958618e-02
9.040969610214233398e-02
8.739335834980010986e-02
8.405411988496780396e-02
8.063614368438720703e-02
7.818634063005447388e-02
7.595493644475936890e-02
7.489525526762008667e-02
7.416905462741851807e-02
7.287710160017013550e-02
7.160519063472747803e-02
7.008675485849380493e-02
6.832310557365417480e-02
6.631243973970413208e-02
6.462711840867996216e-02
6.295439600944519043e-02
6.180992722511291504e-02
6.070617586374282837e-02
5.949604883790016174e-02
5.873837694525718689e-02
5.791854485869407654e-02
5.717472732067108154e-02
5.622731521725654602e-02
5.526401102542877197e-02
5.434178188443183899e-02
5.392696708440780640e-02
5.343048274517059326e-02
5.276931449770927429e-02
5.149550363421440125e-02
4.982234910130500793e-02
4.695481061935424805e-02
4.472957551479339600e-02
4.920955002307891846e-02
4.393133521080017090e-02
4.298717528581619263e-02
4.219301789999008179e-02
4.085105657577514648e-02
3.915355354547500610e-02
3.703209385275840759e-02
3.576810657978057861e-02
3.484586626291275024e-02
3.435110300779342651e-02
3.412473201751708984e-02
3.367139771580696106e-02
3.310135006904602051e-02
3.250176832079887390e-02
3.179443255066871643e-02
3.101528435945510864e-02
3.023931384086608887e-02
2.960375510156154633e-02
2.924394980072975159e-02
2.898991666734218597e-02
2.890686132013797760e-02
2.880152687430381775e-02
2.835812419652938843e-02
2.762871421873569489e-02
2.693760022521018982e-02
2.666708640754222870e-02
2.629208937287330627e-02
2.612976729869842529e-02
2.594341710209846497e-02
2.552247792482376099e-02
2.510469779372215271e-02
2.474136278033256531e-02
2.443373948335647583e-02
2.405859529972076416e-02
2.364242076873779297e-02
2.304534614086151123e-02
2.237088792026042938e-02
2.194991149008274078e-02
2.176941744983196259e-02
2.160866372287273407e-02
2.143580839037895203e-02
2.125472947955131531e-02
2.107269316911697388e-02
2.088261023163795471e-02
2.069161646068096161e-02
2.031343989074230194e-02
1.990857161581516266e-02
1.945819891989231110e-02
1.922772079706192017e-02
1.904057711362838745e-02
1.893762126564979553e-02
1.885763183236122131e-02
1.873908378183841705e-02
1.845698803663253784e-02
1.812595315277576447e-02
1.780777983367443085e-02
1.752398908138275146e-02
1.740474626421928406e-02
1.735265180468559265e-02
1.730452105402946472e-02
1.724087446928024292e-02
1.715220138430595398e-02
1.696145907044410706e-02
1.682022772729396820e-02
1.661659404635429382e-02
1.651132293045520782e-02
1.645503565669059753e-02
1.640582829713821411e-02
1.629969477653503418e-02
1.617499068379402161e-02
1.586224511265754700e-02
1.552740391343832016e-02
1.521695964038372040e-02
1.503222435712814331e-02
1.497977972030639648e-02
1.491483487188816071e-02
1.482752896845340729e-02
1.475927419960498810e-02
1.468097884207963943e-02
1.434950251132249832e-02
1.414141152054071426e-02
1.396467536687850952e-02
1.385379396378993988e-02
1.380397286266088486e-02
1.376377791166305542e-02
1.371889282017946243e-02
1.368570327758789062e-02
1.363527402281761169e-02
1.356283016502857208e-02
1.347646210342645645e-02
1.338862534612417221e-02
1.331473328173160553e-02
1.324569340795278549e-02
1.316293142735958099e-02
1.304906606674194336e-02
1.291391532868146896e-02
1.276388578116893768e-02
1.262026652693748474e-02
1.234883349388837814e-02
1.216719672083854675e-02
1.196502055972814560e-02
1.183874625712633133e-02
1.179392822086811066e-02
1.174888573586940765e-02
1.173260342329740524e-02
1.169191300868988037e-02
1.164213288575410843e-02
1.328413002192974091e-02
1.160293817520141602e-02
1.143089495599269867e-02
1.130028720945119858e-02
1.131503283977508545e-02
1.122624799609184265e-02
1.120041869580745697e-02
1.112842373549938202e-02
1.108299382030963898e-02
1.102110650390386581e-02
1.093671284615993500e-02
1.088815368711948395e-02
1.081663556396961212e-02
1.069293357431888580e-02
1.054265163838863373e-02
1.034908927977085114e-02
1.019413024187088013e-02
1.011376269161701202e-02
1.005002111196517944e-02
9.960766881704330444e-03
9.830167517066001892e-03
9.760223329067230225e-03
9.713103994727134705e-03
9.676385670900344849e-03
9.605335071682929993e-03
9.550143033266067505e-03
9.513922967016696930e-03
9.464032948017120361e-03
9.391998872160911560e-03
9.270072914659976959e-03
9.186036884784698486e-03
9.145941585302352905e-03
9.059022180736064911e-03
9.005980566143989563e-03
8.946070447564125061e-03
8.891391567885875702e-03
8.820348419249057770e-03
8.715851232409477234e-03
8.654610253870487213e-03
8.626801893115043640e-03
8.603643625974655151e-03
8.588695898652076721e-03
8.574478328227996826e-03
8.559258654713630676e-03
8.540261536836624146e-03
8.528117090463638306e-03
8.515618741512298584e-03
8.500907570123672485e-03
8.485516533255577087e-03
8.468771353363990784e-03
8.449744433164596558e-03
8.431005291640758514e-03
8.414376527070999146e-03
8.380508050322532654e-03
8.403114974498748779e-03
8.366647176444530487e-03
8.340566419064998627e-03
8.307217620313167572e-03
8.268376812338829041e-03
8.248260244727134705e-03
8.215054869651794434e-03
8.152537979185581207e-03
8.078406564891338348e-03
7.968424819409847260e-03
7.826704531908035278e-03
7.646065205335617065e-03
7.515157107263803482e-03
7.461593486368656158e-03
7.429569959640502930e-03
7.405240088701248169e-03
7.392197381705045700e-03
7.381327450275421143e-03
7.366078905761241913e-03
7.347623351961374283e-03
7.320653181523084641e-03
7.373622618615627289e-03
7.310781162232160568e-03
7.281339261680841446e-03
7.241611368954181671e-03
7.170820143073797226e-03
7.076957728713750839e-03
7.008519023656845093e-03
6.947195157408714294e-03
6.891856901347637177e-03
6.838243920356035233e-03
6.796868517994880676e-03
6.754927337169647217e-03
6.722989492118358612e-03
6.703529506921768188e-03
6.689228117465972900e-03
6.680489052087068558e-03
6.672990508377552032e-03
6.660631857812404633e-03
6.627052091062068939e-03
6.594022735953330994e-03
6.560275796800851822e-03
6.548318080604076385e-03
6.519288755953311920e-03
6.502362899482250214e-03
6.475980393588542938e-03
6.439155898988246918e-03
6.403868086636066437e-03
6.364649627357721329e-03
6.307211704552173615e-03
6.249715574085712433e-03
6.193531677126884460e-03
6.146445404738187790e-03
6.100436672568321228e-03
6.059790961444377899e-03
6.017954088747501373e-03
5.984764080494642258e-03
5.963810719549655914e-03
5.948013626039028168e-03
5.929712671786546707e-03
5.907900631427764893e-03
5.879512988030910492e-03
5.835139192640781403e-03
5.816453136503696442e-03
5.779196508228778839e-03
5.735804326832294464e-03
5.686341319233179092e-03
5.611636675894260406e-03
5.534771364182233810e-03
5.492718890309333801e-03
5.448982119560241699e-03
5.402389913797378540e-03
5.375092383474111557e-03
5.349946673959493637e-03
5.325925536453723907e-03
5.300845485180616379e-03
5.269868299365043640e-03
5.243772640824317932e-03
5.225103814154863358e-03
5.213183350861072540e-03
5.205489695072174072e-03
5.198673345148563385e-03
5.190843716263771057e-03
5.172509700059890747e-03
5.141610279679298401e-03
5.092731676995754242e-03
5.028579384088516235e-03
4.911883734166622162e-03
4.845011048018932343e-03
4.772897809743881226e-03
4.715176764875650406e-03
4.642855376005172729e-03
4.572922363877296448e-03
4.541648086160421371e-03
4.522442817687988281e-03
4.512355197221040726e-03
4.499138332903385162e-03
4.489216022193431854e-03
4.483032505959272385e-03
4.477722570300102234e-03
4.472351633012294769e-03
4.465691745281219482e-03
4.468428902328014374e-03
4.461579956114292145e-03
4.457697737962007523e-03
4.448027350008487701e-03
4.436536226421594620e-03
4.420323297381401062e-03
4.393375478684902191e-03
4.371458198875188828e-03
4.352950956672430038e-03
4.333341959863901138e-03
4.318973515182733536e-03
4.299550317227840424e-03
4.274263978004455566e-03
4.253455437719821930e-03
4.215172491967678070e-03
4.184982739388942719e-03
4.156216979026794434e-03
4.123135935515165329e-03
4.084768239408731461e-03
4.059063270688056946e-03
4.037720616906881332e-03
4.023200366646051407e-03
4.012018442153930664e-03
3.991654608398675919e-03
4.023129120469093323e-03
3.979722037911415100e-03
3.958448302000761032e-03
3.946126904338598251e-03
3.931675106287002563e-03
3.915457054972648621e-03
3.882927121594548225e-03
3.859865479171276093e-03
3.842010162770748138e-03
3.819769248366355896e-03
3.819950856268405914e-03
3.806933294981718063e-03
3.777664620429277420e-03
3.756491933017969131e-03
3.735820762813091278e-03
3.723625093698501587e-03
3.711974248290061951e-03
3.695177147164940834e-03
3.681297414004802704e-03
3.677153727039694786e-03
3.652154467999935150e-03
3.643008181825280190e-03
3.624978009611368179e-03
3.610235871747136116e-03
3.592477180063724518e-03
3.571500536054372787e-03
3.540956880897283554e-03
3.522308310493826866e-03
3.506231121718883514e-03
3.489833325147628784e-03
3.468874376267194748e-03
3.446733113378286362e-03
3.415381535887718201e-03
3.383991075679659843e-03
3.357908688485622406e-03
3.341757226735353470e-03
3.326829057186841965e-03
3.306817496195435524e-03
3.290657885372638702e-03
3.278926480561494827e-03
3.263410646468400955e-03
3.251086920499801636e-03
3.239707788452506065e-03
3.227852284908294678e-03
3.215667791664600372e-03
3.205765970051288605e-03
3.191987052559852600e-03
3.182715736329555511e-03
3.163738176226615906e-03
3.148186719045042992e-03
3.135846462100744247e-03
3.128802403807640076e-03
3.117608837783336639e-03
3.107793163508176804e-03
3.092238446697592735e-03
3.081142436712980270e-03
3.040116280317306519e-03
3.017080016434192657e-03
2.985294209793210030e-03
2.945719985291361809e-03
2.913700649514794350e-03
2.886924194172024727e-03
2.849176991730928421e-03
2.821814268827438354e-03
2.804440679028630257e-03
2.789716003462672234e-03
2.775125205516815186e-03
2.766419667750597000e-03
2.754423767328262329e-03
2.733831293880939484e-03
2.702726982533931732e-03
2.664592582732439041e-03
2.644480671733617783e-03
2.621629042550921440e-03
2.611340023577213287e-03
2.599054016172885895e-03
2.636625431478023529e-03
2.590260002762079239e-03
2.573347184807062149e-03
2.557408064603805542e-03
2.547776792198419571e-03
2.534237457439303398e-03
2.515722531825304031e-03
2.503631403669714928e-03
2.488771919161081314e-03
2.475078217685222626e-03
2.458641305565834045e-03
2.418183255940675735e-03
2.400301396846771240e-03
2.386525273323059082e-03
2.362937899306416512e-03
2.345480024814605713e-03
2.332199597731232643e-03
2.320961328223347664e-03
2.313887001946568489e-03
2.302629873156547546e-03
2.288756659254431725e-03
2.287040697410702705e-03
2.285785041749477386e-03
2.266695024445652962e-03
2.251770813018083572e-03
2.240444300696253777e-03
2.235104795545339584e-03
2.229006960988044739e-03
2.208537654951214790e-03
2.175322966650128365e-03
2.137833274900913239e-03
2.065693493932485580e-03
2.054970245808362961e-03
2.009414136409759521e-03
1.997771672904491425e-03
1.980934292078018188e-03
1.961539033800363541e-03
1.942961709573864937e-03
1.899596303701400757e-03
1.858689822256565094e-03
1.810375135391950607e-03
1.829396234825253487e-03
1.783658168278634548e-03
1.757247839123010635e-03
1.738623250275850296e-03
1.728566363453865051e-03
1.719096675515174866e-03
1.706609502434730530e-03
1.693235826678574085e-03
1.682763453572988510e-03
1.671540085226297379e-03
1.659007044509053230e-03
1.647087861783802509e-03
1.656692475080490112e-03
1.641147420741617680e-03
1.631753635592758656e-03
1.622506882995367050e-03
1.608633203431963921e-03
1.592495478689670563e-03
1.573925372213125229e-03
1.569805317558348179e-03
1.544158207252621651e-03
1.531279413029551506e-03
1.519629033282399178e-03
1.502500032074749470e-03
1.481062732636928558e-03
1.463182270526885986e-03
1.453729812055826187e-03
1.448790775611996651e-03
1.440153922885656357e-03
1.425266847945749760e-03
1.404348528012633324e-03
1.387664466165006161e-03
1.376569154672324657e-03
1.368673983961343765e-03
1.363563467748463154e-03
1.357349101454019547e-03
1.348583493381738663e-03
1.336326356977224350e-03
1.329388236626982689e-03
1.310810679569840431e-03
1.291489927098155022e-03
1.272682682611048222e-03
1.242607366293668747e-03
1.210624468512833118e-03
1.190081704407930374e-03
1.176688121631741524e-03
1.169816474430263042e-03
1.163518871180713177e-03
1.160483574494719505e-03
1.156383194029331207e-03
1.166394329629838467e-03
1.153307035565376282e-03
1.147277303971350193e-03
1.138976076617836952e-03
1.131552737206220627e-03
1.128222676925361156e-03
1.124850125052034855e-03
1.122316811233758926e-03
1.118108979426324368e-03
1.112465979531407356e-03
1.105247880332171917e-03
1.098608132451772690e-03
1.091806101612746716e-03
1.083206618204712868e-03
1.069768564775586128e-03
1.062612049281597137e-03
1.054030144587159157e-03
1.042367075569927692e-03
1.032071304507553577e-03
1.022360753268003464e-03
1.013453584164381027e-03
1.004215097054839134e-03
9.915330447256565094e-04
9.741649264469742775e-04
9.579649195075035095e-04
9.469686774536967278e-04
9.379504481330513954e-04
9.335789945907890797e-04
9.266651468351483345e-04
9.201248176395893097e-04
9.101459290832281113e-04
8.955948869697749615e-04
1.091794576495885849e-03
8.917720406316220760e-04
8.813359891064465046e-04
8.740039193071424961e-04
8.657947182655334473e-04
8.575583342462778091e-04
8.482908597216010094e-04
8.396249613724648952e-04
8.317418978549540043e-04
8.240047609433531761e-04
8.208496728911995888e-04
8.159578428603708744e-04
8.137461263686418533e-04
8.116642711684107780e-04
8.082211716100573540e-04
8.020504610612988472e-04
7.970373262651264668e-04
7.942107040435075760e-04
7.906238897703588009e-04
7.862343336455523968e-04
7.825637585483491421e-04
7.775421254336833954e-04
7.711959769949316978e-04
7.656499510630965233e-04
8.904153946787118912e-04
7.639041868969798088e-04
7.568007567897439003e-04
7.531638257205486298e-04
7.503706146962940693e-04
7.468659896403551102e-04
7.436790037900209427e-04
7.377922302111983299e-04
7.265530875883996487e-04
7.135733612813055515e-04
7.101770606823265553e-04
6.883635651320219040e-04
6.770929321646690369e-04
6.683852989226579666e-04
6.551017868332564831e-04
6.467110360972583294e-04
6.413556984625756741e-04
6.393322255462408066e-04
6.386219756677746773e-04
6.371796480379998684e-04
6.354487268254160881e-04
6.338232196867465973e-04
6.309994496405124664e-04
6.286551360972225666e-04
6.250903243198990822e-04
6.203865632414817810e-04
6.179938791319727898e-04
6.164310616441071033e-04
6.131092668510973454e-04
6.093546980991959572e-04
6.053997785784304142e-04
6.015305407345294952e-04
5.966576864011585712e-04
5.930066108703613281e-04
5.860737874172627926e-04
5.806437693536281586e-04
5.710287950932979584e-04
5.670529208146035671e-04
5.630851956084370613e-04
5.605432670563459396e-04
5.577517440542578697e-04
5.542845465242862701e-04
5.484847933985292912e-04
5.443672998808324337e-04
5.395287880674004555e-04
5.358929629437625408e-04
5.325218080542981625e-04
5.275769508443772793e-04
5.224122432991862297e-04
5.264569190330803394e-04
5.197629798203706741e-04
5.165217444300651550e-04
5.129542551003396511e-04
5.099520785734057426e-04
5.029103485867381096e-04
4.981366801075637341e-04
4.931931034661829472e-04
4.895761958323419094e-04
4.860777989961206913e-04
4.830817924812436104e-04
4.791505925823003054e-04
4.730163491331040859e-04
4.650158516597002745e-04
4.605345020536333323e-04
4.515574546530842781e-04
4.450173000805079937e-04
4.387773515190929174e-04
4.321016022004187107e-04
4.274071543477475643e-04
4.217166570015251637e-04
4.163699049968272448e-04
4.118011856917291880e-04
4.062857187818735838e-04
4.019114421680569649e-04
3.986785013694316149e-04
3.957971057388931513e-04
3.938063164241611958e-04
3.923483309336006641e-04
3.914893604815006256e-04
3.907276550307869911e-04
3.896375710610300303e-04
3.876706468872725964e-04
3.853785165119916201e-04
3.835553070530295372e-04
3.817505785264074802e-04
3.804728621616959572e-04
3.784535219892859459e-04
3.763691347558051348e-04
3.736170474439859390e-04
3.686448035296052694e-04
3.710506134666502476e-04
3.665724361781030893e-04
3.629627753980457783e-04
3.595670277718454599e-04
3.564708167687058449e-04
3.536507138051092625e-04
3.506513312458992004e-04
3.474243567325174809e-04
3.444281173869967461e-04
3.410003846511244774e-04
3.374880179762840271e-04
3.376664244569838047e-04
3.361348353791981936e-04
3.342092968523502350e-04
3.328089369460940361e-04
3.318703966215252876e-04
3.313474298920482397e-04
3.309677122160792351e-04
3.302715485915541649e-04
3.292410401627421379e-04
3.433189413044601679e-04
3.286429564468562603e-04
3.277302603237330914e-04
3.261519013904035091e-04
3.250799200031906366e-04
3.240680089220404625e-04
3.232486778870224953e-04
3.223989333491772413e-04
3.216473269276320934e-04
3.208276757504791021e-04
3.198697231709957123e-04
3.191925934515893459e-04
3.182508517056703568e-04
3.167219983879476786e-04
3.135488950647413731e-04
3.277460345998406410e-04
3.119123284704983234e-04
3.086005744989961386e-04
3.065009950660169125e-04
3.045526973437517881e-04
3.024140896741300821e-04
3.006146871484816074e-04
2.990197681356221437e-04
2.980903955176472664e-04
2.982599544338881969e-04
2.972156216856092215e-04
2.955707604996860027e-04
2.923782449215650558e-04
2.905618457589298487e-04
2.891337499022483826e-04
2.869216841645538807e-04
2.854784543160349131e-04
2.838427608367055655e-04
2.824356779456138611e-04
2.809884026646614075e-04
2.798310888465493917e-04
2.773041196633130312e-04
2.745552337728440762e-04
2.722713397815823555e-04
2.705478982534259558e-04
2.698108146432787180e-04
2.684156352188438177e-04
2.675075957085937262e-04
2.658717858139425516e-04
2.652833063621073961e-04
2.639075100887566805e-04
2.632005198393017054e-04
2.619014412630349398e-04
2.604213950689882040e-04
2.597860875539481640e-04
2.580824948381632566e-04
2.573451492935419083e-04
2.562403387855738401e-04
2.551151264924556017e-04
2.535480016376823187e-04
2.511582279112190008e-04
2.511976927053183317e-04
2.506717573851346970e-04
2.501011767890304327e-04
2.493789361324161291e-04
2.484683645889163017e-04
2.473607892170548439e-04
2.462258562445640564e-04
2.448687737341970205e-04
2.433073677821084857e-04
2.418617659714072943e-04
2.405310660833492875e-04
2.396218478679656982e-04
2.386960404692217708e-04
2.375088515691459179e-04
2.366699773119762540e-04
2.359453937970101833e-04
2.352006267756223679e-04
2.344171807635575533e-04
2.339794446015730500e-04
2.335020835744217038e-04
2.330649585928767920e-04
2.325999230379238725e-04
2.321011852473020554e-04
2.316680765943601727e-04
2.312000142410397530e-04
2.307822724105790257e-04
2.302560897078365088e-04
2.296946477144956589e-04
2.289727563038468361e-04
2.283761568833142519e-04
2.275001897942274809e-04
2.269352989969775081e-04
2.262426132801920176e-04
2.257047017337754369e-04
2.250939432997256517e-04
2.242759219370782375e-04
2.238213492091745138e-04
2.222619805252179503e-04
2.215684071416035295e-04
2.209664089605212212e-04
2.201621100539341569e-04
2.200909511884674430e-04
2.194245753344148397e-04
2.184278564527630806e-04
2.178310824092477560e-04
2.171897504013031721e-04
2.165507175959646702e-04
2.157117996830493212e-04
2.146944316336885095e-04
2.139177668141201138e-04
2.130706707248464227e-04
2.120512945111840963e-04
2.127637999365106225e-04
2.112324000336229801e-04
2.097905962727963924e-04
2.089313056785613298e-04
2.081800921587273479e-04
2.074332587653771043e-04
2.068715548375621438e-04
2.056233206531032920e-04
2.045851142611354589e-04
2.043898857664316893e-04
2.030708565143868327e-04
2.026297734118998051e-04
2.022304834099486470e-04
2.016296639339998364e-04
2.004663110710680485e-04
1.987892464967444539e-04
2.004879643209278584e-04
1.980410015676170588e-04
1.968074939213693142e-04
1.961898233275860548e-04
1.955536281457170844e-04
1.950269943336024880e-04
1.943835668498650193e-04
1.934625033754855394e-04
1.924360985867679119e-04
1.932205341290682554e-04
1.919175119837746024e-04
1.911638246383517981e-04
1.903725642478093505e-04
1.894738379633054137e-04
1.882893848232924938e-04
1.868182880571112037e-04
1.859184412751346827e-04
1.852384302765130997e-04
1.846190134529024363e-04
1.841904595494270325e-04
1.839061296777799726e-04
1.837823219830170274e-04
1.835546427173539996e-04
1.831678819144144654e-04
1.828535750973969698e-04
1.824912615120410919e-04
1.822256162995472550e-04
1.817836746340617537e-04
1.809932873584330082e-04
1.963243994396179914e-04
1.808878441806882620e-04
1.802837359718978405e-04
1.798910961952060461e-04
1.794229028746485710e-04
1.811478286981582642e-04
1.792139082681387663e-04
1.786556094884872437e-04
1.779249578248709440e-04
1.771998649928718805e-04
1.766681089065968990e-04
1.762910978868603706e-04
1.757188438205048442e-04
1.753691904013976455e-04
1.750900264596566558e-04
1.746314810588955879e-04
1.739933504723012447e-04
1.738331193337216973e-04
1.734319521347060800e-04
1.732250093482434750e-04
1.729889336274936795e-04
1.728882343741133809e-04
1.724828180158510804e-04
1.722572196740657091e-04
1.719889696687459946e-04
1.717697450658306479e-04
1.714126556180417538e-04
1.712229568511247635e-04
1.707706396700814366e-04
1.704534515738487244e-04
1.700610155239701271e-04
1.695287064649164677e-04
1.689888158580288291e-04
1.684521703282371163e-04
1.676512329140678048e-04
1.660232082940638065e-04
1.649409969104453921e-04
1.641056878725066781e-04
1.633871725061908364e-04
1.626703888177871704e-04
1.617729576537385583e-04
1.612681808182969689e-04
1.609442988410592079e-04
1.605618599569424987e-04
1.599114330019801855e-04
1.592223561601713300e-04
1.584153797011822462e-04
1.576811337145045400e-04
1.568389852764084935e-04
1.574564666952937841e-04
1.566540886415168643e-04
1.561620010761544108e-04
1.556545030325651169e-04
1.554075133753940463e-04
1.550925371702760458e-04
1.546199782751500607e-04
1.550018932903185487e-04
1.543158286949619651e-04
1.534955663373693824e-04
1.527751010144129395e-04
1.523695973446592689e-04
1.521140948170796037e-04
1.517994969617575407e-04
1.514359901193529367e-04
1.508280838606879115e-04
1.537482748972252011e-04
1.505767286289483309e-04
1.499233185313642025e-04
1.491249131504446268e-04
1.484457461629062891e-04
1.479271450079977512e-04
1.474081072956323624e-04
1.467237889301031828e-04
1.461251085856929421e-04
1.458063197787851095e-04
1.453178410883992910e-04
1.451504067517817020e-04
1.450032432330772281e-04
1.453926379326730967e-04
1.449075352866202593e-04
1.447599788662046194e-04
1.443748478777706623e-04
1.439400948584079742e-04
1.434858277207240462e-04
1.431625860277563334e-04
1.427922106813639402e-04
1.425114023732021451e-04
1.421952038072049618e-04
1.420351618435233831e-04
1.417630846844986081e-04
1.415455481037497520e-04
1.413684658473357558e-04
1.410971162840723991e-04
1.408608659403398633e-04
1.406147785019129515e-04
1.403596252202987671e-04
1.401711488142609596e-04
1.400159235345199704e-04
1.398494350723922253e-04
1.395353610860183835e-04
1.390141987940296531e-04
1.385381910949945450e-04
1.380890462314710021e-04
1.375537249259650707e-04
1.371909456793218851e-04
1.365478383377194405e-04
1.369622914353385568e-04
1.362614275421947241e-04
1.358537847409024835e-04
1.354214327875524759e-04
1.351593818981200457e-04
1.347544312011450529e-04
1.344736519968137145e-04
1.343608455499634147e-04
1.340831513516604900e-04
1.338572328677400947e-04
1.335918495897203684e-04
1.336612040176987648e-04
1.334428088739514351e-04
1.331723469775170088e-04
1.329811930190771818e-04
1.328808721154928207e-04
1.326058845734223723e-04
1.323051401413977146e-04
1.319278671871870756e-04
1.316698180744424462e-04
1.314771361649036407e-04
1.312952663283795118e-04
1.311358064413070679e-04
1.309896470047533512e-04
1.307113707298412919e-04
1.301924930885434151e-04
1.294537942158058286e-04
1.308787323068827391e-04
1.291030930588021874e-04
1.282408629776909947e-04
1.278119743801653385e-04
1.275654358323663473e-04
1.273834059247747064e-04
1.271873043151572347e-04
1.268581545446068048e-04
1.266506442334502935e-04
1.264392485609278083e-04
1.261775760212913156e-04
1.256641990039497614e-04
1.248734624823555350e-04
1.258193806279450655e-04
1.245284802280366421e-04
1.240738783963024616e-04
1.237155374838039279e-04
1.234736264450475574e-04
1.231531496159732342e-04
1.226779859280213714e-04
1.241906138602644205e-04
1.224896841449663043e-04
1.220538470079191029e-04
1.215428492287173867e-04
1.211435228469781578e-04
1.205580774694681168e-04
1.200984697788953781e-04
1.199310136144049466e-04
1.195022196043282747e-04
1.191793489851988852e-04
1.188376918435096741e-04
1.185492292279377580e-04
1.181875995825976133e-04
1.181123152491636574e-04
1.173640848719514906e-04
1.170591785921715200e-04
1.165785943157970905e-04
1.164158020401373506e-04
1.158072991529479623e-04
1.153242483269423246e-04
1.148450101027265191e-04
1.145776041084900498e-04
1.142512192018330097e-04
1.141374450526200235e-04
1.139735395554453135e-04
1.137843937613070011e-04
1.136318314820528030e-04
1.133744081016629934e-04
1.132329562096856534e-04
1.131687895394861698e-04
1.135523198172450066e-04
1.130085656768642366e-04
1.129138981923460960e-04
1.128241565311327577e-04
1.126554998336359859e-04
1.126536371884867549e-04
1.125813214457593858e-04
1.124419213738292456e-04
1.122132816817611456e-04
1.119772059610113502e-04
1.119335502153262496e-04
1.115830891649238765e-04
1.114873739425092936e-04
1.113738253479823470e-04
1.112262543756514788e-04
1.111987439799122512e-04
1.109259319491684437e-04
1.107949647121131420e-04
1.106240088120102882e-04
1.103846370824612677e-04
1.124661357607692480e-04
1.102581009035930037e-04
1.100068184314295650e-04
1.098037610063329339e-04
1.095144616556353867e-04
1.091414596885442734e-04
1.086976117221638560e-04
1.082137387129478157e-04
1.077160632121376693e-04
1.072598388418555260e-04
1.069007557816803455e-04
1.063916424755007029e-04
1.064535972545854747e-04
1.061021030182018876e-04
1.053635351127013564e-04
1.048663980327546597e-04
1.040771458065137267e-04
1.029533377732150257e-04
1.017999529722146690e-04
1.010216219583526254e-04
1.002342905849218369e-04
9.969748498406261206e-05
9.928041254170238972e-05
9.856514225248247385e-05
9.758789383340626955e-05
9.670183499110862613e-05
9.587927343090996146e-05
9.530465467832982540e-05
9.500746091362088919e-05
9.449387289350852370e-05
9.414619125891476870e-05
9.367143502458930016e-05
9.322448022430762649e-05
9.270342707168310881e-05
9.154462895821779966e-05
9.027784835780039430e-05
8.937004167819395661e-05
8.905569848138839006e-05
8.887419244274497032e-05
8.877269283402711153e-05
8.859916124492883682e-05
8.831518061924725771e-05
8.792517473921179771e-05
8.713592251297086477e-05
8.639325824333354831e-05
8.581088331993669271e-05
8.546942990506067872e-05
8.520379196852445602e-05
8.482937846565619111e-05
8.434407936874777079e-05
8.397129568038508296e-05
8.310642442665994167e-05
8.225539932027459145e-05
8.157244155881926417e-05
8.088795584626495838e-05
8.014599006855860353e-05
7.971222657943144441e-05
7.924543751869350672e-05
7.889884727774187922e-05
7.841934711905196309e-05
7.788961374899372458e-05
7.720844587311148643e-05
7.716882828390225768e-05
7.678830297663807869e-05
7.608488522237166762e-05
7.573301263619214296e-05
7.550545706180855632e-05
7.534369069617241621e-05
7.523365638917312026e-05
7.504319364670664072e-05
7.471961725968867540e-05
7.435781299136579037e-05
7.415973232127726078e-05
7.402172923320904374e-05
7.389160600723698735e-05
7.374418783001601696e-05
7.346733764279633760e-05
7.323583122342824936e-05
7.306030602194368839e-05
7.291587098734453321e-05
7.272420771187171340e-05
7.250432099681347609e-05
7.250851922435685992e-05
7.241562707349658012e-05
7.231318886624649167e-05
7.224010187201201916e-05
7.197678496595472097e-05
7.166277646319940686e-05
7.084610115271061659e-05
7.070736319292336702e-05
7.037763134576380253e-05
7.017750613158568740e-05
6.998731987550854683e-05
6.982871855143457651e-05
6.971229595365002751e-05
6.958545418456196785e-05
6.948674126761034131e-05
6.930432573426514864e-05
6.922015745658427477e-05
6.911087257321923971e-05
6.899645813973620534e-05
6.885248876642435789e-05
6.888635107316076756e-05
6.874476821394637227e-05
6.859366840217262506e-05
6.852852675365284085e-05
6.846405449323356152e-05
6.835447857156395912e-05
6.829930498497560620e-05
6.811808270867913961e-05
6.793987267883494496e-05
6.773894710931926966e-05
6.760480027878656983e-05
6.749024032615125179e-05
6.733002373948693275e-05
6.722153193550184369e-05
6.700303492834791541e-05
6.720974488416686654e-05
6.694452167721465230e-05
6.685376138193532825e-05
6.675487384200096130e-05
6.664403917966410518e-05
6.654377648374065757e-05
6.633056182181462646e-05
6.595004379050806165e-05
6.547712109750136733e-05
6.509617378469556570e-05
6.495238631032407284e-05
6.476975249825045466e-05
6.466955528594553471e-05
6.454617687268182635e-05
6.447487248806282878e-05
6.442474841605871916e-05
6.438016862375661731e-05
6.438620039261877537e-05
6.432794907595962286e-05
6.425962783396244049e-05
6.413908704416826367e-05
6.403756560757756233e-05
6.393533840309828520e-05
6.383954314514994621e-05
6.374006625264883041e-05
6.366267916746437550e-05
6.340314575936645269e-05
6.313400081126019359e-05
6.287013820838183165e-05
6.260288500925526023e-05
6.244915130082517862e-05
6.235832552192732692e-05
6.217684131115674973e-05
6.210499122971668839e-05
6.167803803691640496e-05
6.129944085841998458e-05
6.093953925301320851e-05
6.065153138479217887e-05
6.040279185981489718e-05
6.020210639690048993e-05
5.991473153699189425e-05
5.965063974144868553e-05
5.941374911344610155e-05
5.921788033447228372e-05
5.905724174226634204e-05
5.893756679142825305e-05
5.875197530258446932e-05
5.847178181284107268e-05
5.888713349122554064e-05
5.829478322993963957e-05
5.809119465993717313e-05
5.798787969979457557e-05
5.788597627542912960e-05
5.775957106379792094e-05
5.760217754868790507e-05
5.748752300860360265e-05
5.727233292418532073e-05
5.707655873266048729e-05
5.685449650627560914e-05
5.669974052580073476e-05
5.657016663462854922e-05
5.643620534101501107e-05
5.623164543067105114e-05
5.612097811535932124e-05
5.603883982985280454e-05
5.595456605078652501e-05
5.589122156379744411e-05
5.594767571892589331e-05
5.583207530435174704e-05
5.571024303208105266e-05
5.555948155233636498e-05
5.540724669117480516e-05
5.525926098925992846e-05
5.503901047632098198e-05
5.491287811310030520e-05
5.477958984556607902e-05
5.468897506943903863e-05
5.464761488838121295e-05
5.459573003463447094e-05
5.456173312268219888e-05
5.452524055726826191e-05
5.447358853416517377e-05
5.437854997580870986e-05
5.443428744911216199e-05
5.432555917650461197e-05
5.423886614153161645e-05
5.417491047410294414e-05
5.414313636720180511e-05
5.409885488916188478e-05
5.401670932769775391e-05
5.387797500588931143e-05
5.379027061280794442e-05
5.368905840441584587e-05
5.361524017644114792e-05
5.358538328437134624e-05
5.356163092073984444e-05
5.350762512534856796e-05
5.343748853192664683e-05
5.338697155821137130e-05
5.335364039638079703e-05
5.330608109943568707e-05
5.326790051185525954e-05
5.318687544786371291e-05
5.309906919137574732e-05
5.385944677982479334e-05
5.306127059157006443e-05
5.297797906678169966e-05
5.291081834002397954e-05
5.288266402203589678e-05
5.285192310111597180e-05
5.280868572299368680e-05
5.275672083371318877e-05
5.269586108624935150e-05
5.272217094898223877e-05
5.265773870632983744e-05
5.261357728159055114e-05
5.257117300061509013e-05
5.253048584563657641e-05
5.249414971331134439e-05
5.245795910013839602e-05
5.243609848548658192e-05
5.242401675786823034e-05
5.240845712251029909e-05
5.236598008195869625e-05
5.232301919022575021e-05
5.228372174315154552e-05
5.222726758802309632e-05
5.218037767917849123e-05
5.209807568462565541e-05
5.204162516747601330e-05
5.194620825932361186e-05
5.187647911952808499e-05
5.184239125810563564e-05
5.180530206416733563e-05
5.175720070837996900e-05
5.171514931134879589e-05
5.158773274160921574e-05
5.153898382559418678e-05
5.147043702891096473e-05
5.142095324117690325e-05
5.135083847562782466e-05
5.130422141519375145e-05
5.124032031744718552e-05
5.113312363391742110e-05
5.108815093990415335e-05
5.104904630570672452e-05
5.095455344417132437e-05
5.091406637802720070e-05
5.085155862616375089e-05
5.078704634797759354e-05
5.071498890174552798e-05
5.055947258369997144e-05
5.077579407952725887e-05
5.050754043622873724e-05
5.041904296376742423e-05
5.033998604631051421e-05
5.018944284529425204e-05
5.004791091778315604e-05
4.991277091903612018e-05
4.979098594048991799e-05
4.970299778506159782e-05
4.960330988978967071e-05
4.945831824443303049e-05
4.942468513036146760e-05
4.923009691992774606e-05
4.917442856822162867e-05
4.912483927910216153e-05
4.907754919258877635e-05
4.903016815660521388e-05
4.899098712485283613e-05
4.896783138974569738e-05
4.891306889476254582e-05
4.888355397270061076e-05
4.948335481458343565e-05
4.886214446742087603e-05
4.880381311522796750e-05
4.870186967309564352e-05
4.861494016950018704e-05
4.849510150961577892e-05
4.963824903825297952e-05
4.847260061069391668e-05
4.836963853449560702e-05
4.829733006772585213e-05
4.820133472094312310e-05
4.813723353436216712e-05
4.819100649910978973e-05
4.809578604181297123e-05
4.801252362085506320e-05
4.793310290551744401e-05
4.787645229953341186e-05
4.781296956934966147e-05
4.773431282956153154e-05
4.767570862895809114e-05
4.761556556331925094e-05
4.757456190418452024e-05
4.752058885060250759e-05
4.740617077914066613e-05
4.752719178213737905e-05
4.735181937576271594e-05
4.727571285911835730e-05
4.720557990367524326e-05
4.712156805908307433e-05
4.702781006926670671e-05
4.691592403105460107e-05
4.688377885031513870e-05
4.679561243392527103e-05
4.672829891205765307e-05
4.664134030463173985e-05
4.655209704651497304e-05
4.663863001042045653e-05
4.650908158509992063e-05
4.643573993234895170e-05
4.635076766135171056e-05
4.625218934961594641e-05
4.622322740033268929e-05
4.612917837221175432e-05
4.610076939570717514e-05
4.607708251569420099e-05
4.603566776495426893e-05
4.596727376338094473e-05
4.753062603413127363e-05
4.591147444443777204e-05
4.585858914651907980e-05
4.578868902171961963e-05
4.574115519062615931e-05
4.567300129565410316e-05
4.558949149213731289e-05
4.556376370601356030e-05
4.552263271762058139e-05
4.546692071016877890e-05
4.542922033579088748e-05
4.538683060673065484e-05
4.535343396128155291e-05
4.531017111730761826e-05
4.514413012657314539e-05
4.507593985181301832e-05
4.501155490288510919e-05
4.498123962548561394e-05
4.496018664212897420e-05
4.492171865422278643e-05
4.483957309275865555e-05
4.476415779208764434e-05
4.471195279620587826e-05
4.467239341465756297e-05
4.462310243980027735e-05
4.459255069377832115e-05
4.454639929463155568e-05
4.450426058610901237e-05
4.446475941222161055e-05
4.439351687324233353e-05
4.434572838363237679e-05
4.426822124514728785e-05
4.424739017849788070e-05
4.423034260980784893e-05
4.420057666720822453e-05
4.416596129885874689e-05
4.410522888065315783e-05
4.406230800668708980e-05
4.403042839840054512e-05
4.400185207487083972e-05
4.398787132231518626e-05
4.396658187033608556e-05
4.393774725031107664e-05
4.392198388813994825e-05
4.388081288198009133e-05
4.386097134556621313e-05
4.380587779451161623e-05
4.377755976747721434e-05
4.375364733277820051e-05
4.372662442619912326e-05
4.371046816231682897e-05
4.365590211818926036e-05
4.359734521131031215e-05
4.355358760221861303e-05
4.349740265752188861e-05
4.347029243945144117e-05
4.343727414379827678e-05
4.341389649198390543e-05
4.338912185630761087e-05
4.336718848207965493e-05
4.335081757744774222e-05
4.332723256084136665e-05
4.328208160586655140e-05
4.326010821387171745e-05
4.322167296777479351e-05
4.319285653764382005e-05
4.316557533456943929e-05
4.313615863793529570e-05
4.310947406338527799e-05
4.308662391849793494e-05
4.305952461436390877e-05
4.301913941162638366e-05
4.297780833439901471e-05
4.298544445191510022e-05
4.295456892577931285e-05
4.291364894015714526e-05
4.287865885999053717e-05
4.283773523638956249e-05
4.279617132851853967e-05
4.278253982192836702e-05
4.273644299246370792e-05
4.271758734830655158e-05
4.269673081580549479e-05
4.267852636985480785e-05
4.266513133188709617e-05
4.264185918145813048e-05
4.264176095603033900e-05
4.263162554707378149e-05
4.261810681782662868e-05
4.260672722011804581e-05
4.259723209543153644e-05
4.257781256455928087e-05
4.255022940924391150e-05
4.251611608196981251e-05
4.246593744028359652e-05
4.242538125254213810e-05
4.237729444866999984e-05
4.227979661663994193e-05
4.217529931338503957e-05
4.208810423733666539e-05
4.204194920021109283e-05
4.200173862045630813e-05
4.196739610051736236e-05
4.194709981675259769e-05
4.191522020846605301e-05
4.189290484646335244e-05
4.185892248642630875e-05
4.181500480626709759e-05
4.177710070507600904e-05
4.170989268459379673e-05
4.167265797150321305e-05
4.161493779974989593e-05
4.157198054599575698e-05
4.154647103860042989e-05
4.150117456447333097e-05
4.148248626734130085e-05
4.145669299759902060e-05
4.143092883168719709e-05
4.139491284149698913e-05
4.135214840061962605e-05
4.130926754442043602e-05
4.133060065214522183e-05
4.127956344746053219e-05
4.123011240153573453e-05
4.118148353882133961e-05
4.114159673918038607e-05
4.110639201826415956e-05
4.108675057068467140e-05
4.110611916985362768e-05
4.107430504518561065e-05
4.105964399059303105e-05
4.103792525711469352e-05
4.101593367522582412e-05
4.098588397027924657e-05
4.097918645129539073e-05
4.094181349501013756e-05
4.093050665687769651e-05
4.091116352356038988e-05
4.089315189048647881e-05
4.086820263182744384e-05
4.081557926838286221e-05
4.078620986547321081e-05
4.075995821040123701e-05
4.073153831996023655e-05
4.068369162268936634e-05
4.065480607096105814e-05
4.060852734255604446e-05
4.059623825014568865e-05
4.055596218677237630e-05
4.053510565427131951e-05
4.047617403557524085e-05
4.047829133924096823e-05
4.044032175443135202e-05
4.036554673803038895e-05
4.028726107208058238e-05
4.016094680991955101e-05
4.000520857516676188e-05
3.982456837547942996e-05
3.957266744691878557e-05
3.958068555220961571e-05
3.951560211135074496e-05
3.945060598198324442e-05
3.940510214306414127e-05
3.936231223633512855e-05
3.930382445105351508e-05
3.936445864383131266e-05
3.928254227503202856e-05
3.923774784198030829e-05
3.920376184396445751e-05
3.917530557373538613e-05
3.914172702934592962e-05
3.910798841388896108e-05
3.908205690095201135e-05
3.905974153894931078e-05
3.904335608240216970e-05
3.899577859556302428e-05
3.894369365298189223e-05
3.890182779286988080e-05
3.887273487634956837e-05
3.885722981067374349e-05
3.882536475430242717e-05
3.877937706420198083e-05
3.868743806378915906e-05
3.886150079779326916e-05
3.866816769004799426e-05
3.862528319586999714e-05
3.856438706861808896e-05
3.853185990010388196e-05
3.847566404147073627e-05
3.844206366920843720e-05
3.838634802377782762e-05
3.836337054963223636e-05
3.831571302725933492e-05
3.827424370683729649e-05
3.824623127002269030e-05
3.820585334324277937e-05
3.812860450125299394e-05
3.810672569670714438e-05
3.797230237978510559e-05
3.789940092246979475e-05
3.783066495088860393e-05
3.774684591917321086e-05
3.768249735003337264e-05
3.763791755773127079e-05
3.759322135010734200e-05
3.752003249246627092e-05
3.748755261767655611e-05
3.746113361557945609e-05
3.744265268323943019e-05
3.741932596312835813e-05
3.739156090887263417e-05
3.736861253855749965e-05
3.734548954525962472e-05
3.732219556695781648e-05
3.729978561750613153e-05
3.727117655216716230e-05
3.723653571796603501e-05
3.719726737472228706e-05
3.713940168381668627e-05
3.708785880007781088e-05
3.701383320731110871e-05
3.696350177051499486e-05
3.687430580612272024e-05
3.678556822706013918e-05
3.679178189486265182e-05
3.672202001325786114e-05
3.664146061055362225e-05
3.659000140032730997e-05
3.653718522400595248e-05
3.647875928436405957e-05
3.637058398453518748e-05
3.630191349657252431e-05
3.619396011345088482e-05
3.605249730753712356e-05
3.589126208680681884e-05
3.590926644392311573e-05
3.581859709811396897e-05
3.572488276404328644e-05
3.567428211681544781e-05
3.562567508197389543e-05
3.560758705134503543e-05
3.559150718501769006e-05
3.557831951184198260e-05
3.555259536369703710e-05
3.550437395460903645e-05
3.545727304299362004e-05
3.540397301549091935e-05
3.536211443133652210e-05
3.532833943609148264e-05
3.528928209561854601e-05
3.523149280226789415e-05
3.515872958814725280e-05
3.542293416103348136e-05
3.513522096909582615e-05
3.504766937112435699e-05
3.495540659059770405e-05
3.486555215204134583e-05
3.477398786344565451e-05
3.468861541477963328e-05
3.470889350865036249e-05
3.466670023044571280e-05
3.464627661742269993e-05
3.462942186160944402e-05
3.461611413513310254e-05
3.458984429016709328e-05
3.455298792687244713e-05
3.451104203122667968e-05
3.446571645326912403e-05
3.444127651164308190e-05
3.442310480750165880e-05
3.440338696236722171e-05
3.437917257542721927e-05
3.434931568335741758e-05
3.432264929870143533e-05
3.429491698625497520e-05
3.425693648750893772e-05
3.432403173064813018e-05
3.423437738092616200e-05
3.421000292291864753e-05
3.417558764340355992e-05
3.415320315980352461e-05
3.411337092984467745e-05
3.408299380680546165e-05
3.401314825168810785e-05
3.393738734303042293e-05
3.388641562196426094e-05
3.386032039998099208e-05
3.381670467206276953e-05
3.378539986442774534e-05
3.373652361915446818e-05
3.371890488779172301e-05
3.370177000761032104e-05
3.369228215888142586e-05
3.395488602109253407e-05
3.368743637111037970e-05
3.368256511748768389e-05
3.367519093444570899e-05
3.366662713233381510e-05
3.366007513250224292e-05
3.365057273185811937e-05
3.364272924955002964e-05
3.363564974279142916e-05
3.362474672030657530e-05
3.361470953677780926e-05
3.359771653776988387e-05
3.357653622515499592e-05
3.355495573487132788e-05
3.352509520482271910e-05
3.367955287103541195e-05
3.351096893311478198e-05
3.345675577293150127e-05
3.339610702823847532e-05
3.331874177092686296e-05
3.326567457406781614e-05
3.322050179122015834e-05
3.322151314932852983e-05
3.320177347632125020e-05
3.318503513582982123e-05
3.317144364700652659e-05
3.314696368761360645e-05
3.309412568341940641e-05
3.303992343717254698e-05
3.310089232400059700e-05
3.302078039268963039e-05
3.299452509963884950e-05
3.298054798506200314e-05
3.296516297268681228e-05
3.294469570391811430e-05
3.289541200501844287e-05
3.285257116658613086e-05
3.281270619481801987e-05
3.277491123299114406e-05
3.272845424362458289e-05
3.283079422544687986e-05
3.271085370215587318e-05
3.267420834163203835e-05
3.263661710661835968e-05
3.260470111854374409e-05
3.256170748500153422e-05
3.252220631111413240e-05
3.249067231081426144e-05
3.245246989536099136e-05
3.240723890485242009e-05
3.240223668399266899e-05
3.237829514546319842e-05
3.232869130442850292e-05
3.229589128750376403e-05
3.226933040423318744e-05
3.224647662136703730e-05
3.222172745154239237e-05
3.218975689378567040e-05
3.218476194888353348e-05
3.213296076864935458e-05
3.209353235433809459e-05
3.203774394933134317e-05
3.200207720510661602e-05
3.196968827978707850e-05
3.219728023395873606e-05
3.194645250914618373e-05
3.191684299963526428e-05
3.185915920767001808e-05
3.184176966897211969e-05
3.181287684128619730e-05
3.179673512931913137e-05
3.177498729201033711e-05
3.173990262439474463e-05
3.184860179317183793e-05
3.172299329889938235e-05
3.168839248246513307e-05
3.166419628541916609e-05
3.164953523082658648e-05
3.162183566018939018e-05
3.158276740578003228e-05
3.161429776810109615e-05
3.156733509968034923e-05
3.153826037305407226e-05
3.150984412059187889e-05
3.150643169647082686e-05
3.148536416119895875e-05
3.147842289763502777e-05
3.146695598843507469e-05
3.146012750221416354e-05
3.146644303342327476e-05
3.145506343571469188e-05
3.144915535813197494e-05
3.144163201795890927e-05
3.142501373076811433e-05
3.139951513730920851e-05
3.138450483675114810e-05
3.135021324851550162e-05
3.133265272481366992e-05
3.132165147690102458e-05
3.130874029011465609e-05
3.128992466372437775e-05
3.126206138404086232e-05
3.123564601992256939e-05
3.120461042271926999e-05
3.116315929219126701e-05
3.112801277893595397e-05
3.108138116658665240e-05
3.103851122432388365e-05
3.100407047895714641e-05
3.096361251664347947e-05
3.093719351454637945e-05
3.091622784268110991e-05
3.088562880293466151e-05
3.083710907958447933e-05
3.079980524489656091e-05
3.077866131206974387e-05
3.076183202210813761e-05
3.073917469009757042e-05
3.067266152356751263e-05
3.063048643525689840e-05
3.057242065551690757e-05
3.061091774725355208e-05
3.054292028537020087e-05
3.051231578865554184e-05
3.047599602723494172e-05
3.045485937036573887e-05
3.044926415896043181e-05
3.042193020519334823e-05
3.037817805306985974e-05
3.034262408618815243e-05
3.030823972949292511e-05
3.027069033123552799e-05
3.022099917870946229e-05
3.018397183041088283e-05
3.013398963958024979e-05
3.007978375535458326e-05
3.046990968869067729e-05
3.003679921675939113e-05
2.995392060256563127e-05
2.989763379446230829e-05
2.982005025842227042e-05
2.973903792735654861e-05
2.961311110993847251e-05
3.056105924770236015e-05
2.958498225780203938e-05
2.949230474769137800e-05
2.942032915598247200e-05
2.934111398644745350e-05
2.926861452579032630e-05
2.922353087342344224e-05
2.916984703915659338e-05
2.914710967161227018e-05
2.909482100221794099e-05
2.902960295614320785e-05
2.898360253311693668e-05
2.892509655794128776e-05
2.885320100176613778e-05
2.879304884118027985e-05
2.873295670724473894e-05
2.866078648366965353e-05
2.861561188183259219e-05
2.859038431779481471e-05
2.855289130820892751e-05
2.845994822564534843e-05
2.836527892213780433e-05
2.837965075741522014e-05
2.830440826073754579e-05
2.823285467457026243e-05
2.816218147927429527e-05
2.813087667163927108e-05
2.807149030559230596e-05
2.801601658575236797e-05
2.801938353513833135e-05
2.799564026645384729e-05
2.796778790070675313e-05
2.791491351672448218e-05
2.786983714031521231e-05
2.780801878543570638e-05
2.774769382085651159e-05
2.770066021184902638e-05
2.765146928140893579e-05
2.756432877504266798e-05
2.750329076661728323e-05
2.746046993706841022e-05
2.740734998951666057e-05
2.734755071287509054e-05
2.725359445321373641e-05
2.710776607273146510e-05
2.727551327552646399e-05
2.705642691580578685e-05
2.695609327929560095e-05
2.686199150048196316e-05
2.676510302990209311e-05
2.662661972863133997e-05
2.688147469598334283e-05
2.658772973518352956e-05
2.651873182912822813e-05
2.647537075972650200e-05
2.642203799041453749e-05
2.633052645251154900e-05
2.623583532113116235e-05
2.652825969562400132e-05
2.618185681058093905e-05
2.609392322483472526e-05
2.603100438136607409e-05
2.597323691588826478e-05
2.590548319858498871e-05
2.584622052381746471e-05
2.579397551016882062e-05
2.576026599854230881e-05
2.572073208284564316e-05
2.568844320194330066e-05
2.566782131907530129e-05
2.564640271884854883e-05
2.561833025538362563e-05
2.558026426413562149e-05
2.599579420348163694e-05
2.556622166594024748e-05
2.551257057348266244e-05
2.547005897213239223e-05
2.542533911764621735e-05
2.538909939175937325e-05
2.536685860832221806e-05
2.532866710680536926e-05
2.529062112444080412e-05
2.526708885852713138e-05
2.524318188079632819e-05
2.521863461879547685e-05
2.519569352443795651e-05
2.528856384742539376e-05
2.518939982110168785e-05
2.517276516300626099e-05
2.515712549211457372e-05
2.512831269996240735e-05
2.509904879843816161e-05
2.505180600564926863e-05
2.507758472347632051e-05
2.503785799490287900e-05
2.501271592336706817e-05
2.500453229004051536e-05
2.499601760064251721e-05
2.498372668924275786e-05
2.496877641533501446e-05
2.495486114639788866e-05
2.494127875252161175e-05
2.492749445082154125e-05
2.490406041033565998e-05
2.486742778273764998e-05
2.481492629158310592e-05
2.469328319421038032e-05
2.463853525114245713e-05
2.459547249600291252e-05
2.455950016155838966e-05
2.452698026900179684e-05
2.444379970256704837e-05
2.440170464979019016e-05
2.436929207760840654e-05
2.434675479889847338e-05
2.437270813970826566e-05
2.432489600323606282e-05
2.428696461720392108e-05
2.424842568871099502e-05
2.420192868157755584e-05
2.418250369373708963e-05
2.415915332676377147e-05
2.413163201708812267e-05
2.408772525086533278e-05
2.403766120551154017e-05
2.397158277744892985e-05
2.389362998655997217e-05
2.384417166467756033e-05
2.377152850385755301e-05
2.373177267145365477e-05
2.369557114434428513e-05
2.365870204812381417e-05
2.363087696721777320e-05
2.359416248509660363e-05
2.356099139433354139e-05
2.353504351049195975e-05
2.350840622966643423e-05
2.348036468902137130e-05
2.345171742490492761e-05
2.343858068343251944e-05
2.341723302379250526e-05
2.339067214052192867e-05
2.336253965040668845e-05
2.333105112484190613e-05
2.331086943740956485e-05
2.329039671167265624e-05
2.327346919628325850e-05
2.324392335140146315e-05
2.325514105905313045e-05
2.323350236110854894e-05
2.321224746992811561e-05
2.318834049219731241e-05
2.315995880053378642e-05
2.312410651938989758e-05
2.306515489181037992e-05
2.298663821420632303e-05
2.292757199029438198e-05
2.288984251208603382e-05
2.286384915350936353e-05
2.284672882524318993e-05
2.280862645420711488e-05
2.279011823702603579e-05
2.277292878716252744e-05
2.275247607030905783e-05
2.272331039421260357e-05
2.266973751829937100e-05
2.262339330627582967e-05
2.255681101814843714e-05
2.249700264655984938e-05
2.244380812044255435e-05
2.240039975731633604e-05
2.234381281596142799e-05
2.229400161013472825e-05
2.224749914603307843e-05
2.219838825112674385e-05
2.214726737292949110e-05
2.210160891991108656e-05
2.205587225034832954e-05
2.203577241743914783e-05
2.195797242166008800e-05
2.189415317843668163e-05
2.181345735152717680e-05
2.175264489778783172e-05
2.170463631046004593e-05
2.166783451684750617e-05
2.161335214623250067e-05
2.156910159101244062e-05
2.158044662792235613e-05
2.153737295884639025e-05
2.150949512724764645e-05
2.148767998733092099e-05
2.144453355867881328e-05
2.175140980398282409e-05
2.142322591680567712e-05
2.136192233592737466e-05
2.128971027559600770e-05
2.124244565493427217e-05
2.118699012498836964e-05
2.114348535542376339e-05
2.110553032252937555e-05
2.106441388605162501e-05
2.103484621329698712e-05
2.099920675391331315e-05
2.097775359288789332e-05
2.095092531817499548e-05
2.090846282953862101e-05
2.093123111990280449e-05
2.088766450469847769e-05
2.082967512251343578e-05
2.076006421702913940e-05
2.072705137834418565e-05
2.069527909043245018e-05
2.065821900032460690e-05
2.063152351183816791e-05
2.060623228317126632e-05
2.057603887806180865e-05
2.055135155387688428e-05
2.053086973319295794e-05
2.048565875156782568e-05
2.048103669949341565e-05
2.045650762738659978e-05
2.041323023149743676e-05
2.036745536315720528e-05
2.034384851867798716e-05
2.032011434494052082e-05
2.028920243901666254e-05
2.026170113822445273e-05
2.022604894591495395e-05
2.023210618062876165e-05
2.021247019001748413e-05
2.019064413616433740e-05
2.017528458964079618e-05
2.016103462665341794e-05
2.013233461184427142e-05
2.009916715906001627e-05
2.005755413847509772e-05
2.001674511120654643e-05
2.012584081967361271e-05
1.999898813664913177e-05
1.995314596570096910e-05
1.991996941796969622e-05
1.988917574635706842e-05
1.986075221793726087e-05
1.983706351893488318e-05
1.980443630600348115e-05
1.979963417397812009e-05
1.977030296984594315e-05
1.975611121451947838e-05
1.973842881852760911e-05
1.971296660485677421e-05
1.969243930943775922e-05
1.967953176063019782e-05
1.965964111150242388e-05
1.963608519872650504e-05
1.961927773663774133e-05
1.958842221938539296e-05
1.957349013537168503e-05
1.955952029675245285e-05
1.954131221282295883e-05
1.951291051227599382e-05
1.948196404555346817e-05
1.951130252564325929e-05
1.946729025803506374e-05
1.945008625625632703e-05
1.942526068887673318e-05
1.940861329785548151e-05
1.937590059242211282e-05
1.933307794388383627e-05
1.930512735270895064e-05
1.928220808622427285e-05
1.926890945469494909e-05
1.925736069097183645e-05
1.924004391185007989e-05
1.921850889630150050e-05
1.920806971611455083e-05
1.919554415508173406e-05
1.918567795655690134e-05
1.917267400131095201e-05
1.916136170621030033e-05
1.914410859171766788e-05
1.913264168251771480e-05
1.911611070681829005e-05
1.910213177325204015e-05
1.907892874442040920e-05
1.906808938656467944e-05
1.904687087517231703e-05
1.902779513329733163e-05
1.900297684187535197e-05
1.897731635835953057e-05
1.895784225780516863e-05
1.893145963549613953e-05
1.896680441859643906e-05
1.892213367682415992e-05
1.890522980829700828e-05
1.889849590952508152e-05
1.887874532258138061e-05
1.887087455543223768e-05
1.885397978185210377e-05
1.883078948594629765e-05
1.881147545645944774e-05
1.879645060398615897e-05
1.878172406577505171e-05
1.876330861705355346e-05
1.874244662758428603e-05
1.877322756627108902e-05
1.873153451015241444e-05
1.870916821644641459e-05
1.868159051809925586e-05
1.864795922301709652e-05
1.859719486674293876e-05
1.858385257946792990e-05
1.852795685408636928e-05
1.851219712989404798e-05
1.849747786764055490e-05
1.847715793701354414e-05
1.846470695454627275e-05
1.844359394453931600e-05
1.842911842686589807e-05
1.841597986640408635e-05
1.838736534409690648e-05
1.835249531723093241e-05
1.832474663387984037e-05
1.830290784710086882e-05
1.828161839512176812e-05
1.826354855438694358e-05
1.824718492571264505e-05
1.822712692955974489e-05
1.820733450585976243e-05
1.818647251639049500e-05
1.814701499824877828e-05
1.813920971471816301e-05
1.809735113056376576e-05
1.808058732422068715e-05
1.804579005693085492e-05
1.801052712835371494e-05
1.795846219465602189e-05
1.791547583707142621e-05
1.787037217582110316e-05
1.784822961781173944e-05
1.781595892680343240e-05
1.778589103196281940e-05
1.776928183971904218e-05
1.775063719833269715e-05
1.774402153387200087e-05
1.773517215042375028e-05
1.772879477357491851e-05
1.771722418197896332e-05
1.770965900504961610e-05
1.770207018125802279e-05
1.771600727806799114e-05
1.769835216691717505e-05
1.769011578289791942e-05
1.767725916579365730e-05
1.766849891282618046e-05
1.765708839229773730e-05
1.764636908774264157e-05
1.762860483722761273e-05
1.761348539730533957e-05
1.759132101142313331e-05
1.759003680490422994e-05
1.758117832650896162e-05
1.756860365276224911e-05
1.754475124471355230e-05
1.752082789607811719e-05
1.751566196617204696e-05
1.746027737681288272e-05
1.743309258017688990e-05
1.741074811434373260e-05
1.739145227475091815e-05
1.737004095048177987e-05
1.756617166392970830e-05
1.735953810566570610e-05
1.733594399411231279e-05
1.729525320115499198e-05
1.727922972349915653e-05
1.727040580590255558e-05
1.726228583720512688e-05
1.724899811961222440e-05
1.723308741929940879e-05
1.721538319543469697e-05
1.724544199532829225e-05
1.720565160212572664e-05
1.719422107271384448e-05
1.718134808470495045e-05
1.717520717647857964e-05
1.716495171422138810e-05
1.715853613859508187e-05
1.715401231194846332e-05
1.715054168016649783e-05
1.714516292850021273e-05
1.714033714961260557e-05
1.713611709419637918e-05
1.713174424367025495e-05
1.712215453153476119e-05
1.713729034236166626e-05
1.711825643724296242e-05
1.710571450530551374e-05
1.709313255560118705e-05
1.708139279799070209e-05
1.707131013972684741e-05
1.707686897134408355e-05
1.706558941805269569e-05
1.705893555481452495e-05
1.705450813460629433e-05
1.705302747723180801e-05
1.704992246231995523e-05
1.704507849353831261e-05
1.703960515442304313e-05
1.703087218629661947e-05
1.702221561572514474e-05
1.703066482150461525e-05
1.701588189462199807e-05
1.701016844890546054e-05
1.700371467450167984e-05
1.699965650914236903e-05
1.699139829725027084e-05
1.698622509138658643e-05
1.697583502391353250e-05
1.696815161267295480e-05
1.695914579613599926e-05
1.694946695351973176e-05
1.696117396932095289e-05
1.694243837846443057e-05
1.693403100944124162e-05
1.692641490080859512e-05
1.691263969405554235e-05
1.689663258730433881e-05
1.687046096776612103e-05
1.690576391411013901e-05
1.686100767983589321e-05
1.683072150626685470e-05
1.681225876382086426e-05
1.679512206465005875e-05
1.677994441706687212e-05
1.675559542491100729e-05
1.673314909567125142e-05
1.671074460318777710e-05
1.667737888055853546e-05
1.665029412833973765e-05
1.663642433413770050e-05
1.663002694840542972e-05
1.662508839217480272e-05
1.662207978370133787e-05
1.661572241573594511e-05
1.660699672356713563e-05
1.659839654166717082e-05
1.658941255300305784e-05
1.658259134273976088e-05
1.656748645473271608e-05
1.655925007071346045e-05
1.654967127251438797e-05
1.655102641962002963e-05
1.654504376347176731e-05
1.653804065426811576e-05
1.652440550969913602e-05
1.651865204621572047e-05
1.651222555665299296e-05
1.650636477279476821e-05
1.650245758355595171e-05
1.649689329497050494e-05
1.649245859880466014e-05
1.648956822464242578e-05
1.648284523980692029e-05
1.647132012294605374e-05
1.645786687731742859e-05
1.644355143071152270e-05
1.642512870603241026e-05
1.641468224988784641e-05
1.639992842683568597e-05
1.638811409065965563e-05
1.637237619434017688e-05
1.634121144888922572e-05
1.631575651117600501e-05
1.628414611332118511e-05
1.626654193387366831e-05
1.625248842174187303e-05
1.623855496291071177e-05
1.622524177946615964e-05
1.621063711354508996e-05
1.618504575162660331e-05
1.616971712792292237e-05
1.615120709175243974e-05
1.613115455256775022e-05
1.612517917237710208e-05
1.608469574421178550e-05
1.606111618457362056e-05
1.602943666512146592e-05
1.605242505320347846e-05
1.601965959707740694e-05
1.599787719896994531e-05
1.596820948179811239e-05
1.595327375980559736e-05
1.594424793438520283e-05
1.593459819559939206e-05
1.592467924638185650e-05
1.591542240930721164e-05
1.590704414411447942e-05
1.589013845659792423e-05
1.587554288562387228e-05
1.588681152497883886e-05
1.587064616614952683e-05
1.586118560226168483e-05
1.584125675435643643e-05
1.580996467964723706e-05
1.581081596668809652e-05
1.577959665155503899e-05
1.573853660374879837e-05
1.572163455421105027e-05
1.570782296766992658e-05
1.568273728480562568e-05
1.565336788189597428e-05
1.563718615216203034e-05
1.561706267239060253e-05
1.560501550557091832e-05
1.559715201437938958e-05
1.560330929351039231e-05
1.559144584462046623e-05
1.558023359393700957e-05
1.557123141537886113e-05
1.555281050968915224e-05
1.552589310449548066e-05
1.550006709294393659e-05
1.546785460959654301e-05
1.545266604807693511e-05
1.544412043585907668e-05
1.544070255476981401e-05
1.543261532788164914e-05
1.542335121484939009e-05
1.541491474199574441e-05
1.540484117867890745e-05
1.539676850370597094e-05
1.538945434731431305e-05
1.539713048259727657e-05
1.538532887934707105e-05
1.537889875180553645e-05
1.537047501187771559e-05
1.536388299427926540e-05
1.535580850031692535e-05
1.534188231744337827e-05
1.535801675345283002e-05
1.533530303277075291e-05
1.531822090328205377e-05
1.530176996311638504e-05
1.528559187136124820e-05
1.526336927781812847e-05
1.524088656879030168e-05
1.520907790109049529e-05
1.518475073680747300e-05
1.517143755336292088e-05
1.515164512966293842e-05
1.514323685114504769e-05
1.512922244728542864e-05
1.513230563432443887e-05
1.512133712822105736e-05
1.510740185040049255e-05
1.509375942987389863e-05
1.507721481175394729e-05
1.519800025562290102e-05
1.507165507064200938e-05
1.506035368947777897e-05
1.504202100477414206e-05
1.502622399129904807e-05
1.501746555732097477e-05
1.500209145888220519e-05
1.499376139690866694e-05
1.498941037425538525e-05
1.498041820013895631e-05
1.497200537414755672e-05
1.496568347647553310e-05
1.495753531344234943e-05
1.495193919254234061e-05
1.494590833317488432e-05
1.493714353273389861e-05
1.492474802944343537e-05
1.491300281486473978e-05
1.490433714934624732e-05
1.489364603912690654e-05
1.488741963839856908e-05
1.487843292125035077e-05
1.486708333686692640e-05
1.485525444877566770e-05
1.483316282246960327e-05
1.481575054640416056e-05
1.480254559282911941e-05
1.479148340877145529e-05
1.477296791563276201e-05
1.475655699323397130e-05
1.474696000514086336e-05
1.473838347010314465e-05
1.472883377573452890e-05
1.471933137509040534e-05
1.470465122110908851e-05
1.471250016038538888e-05
1.469452126912074164e-05
1.468276605010032654e-05
1.466320463805459440e-05
1.465343848394695669e-05
1.464071556256385520e-05
1.461776719224872068e-05
1.460098246752750129e-05
1.458184669900219887e-05
1.455912297387840226e-05
1.453532968298532069e-05
1.454147695767460391e-05
1.452660399081651121e-05
1.450660511181922629e-05
1.447099202778190374e-05
1.443408473278395832e-05
1.443854580429615453e-05
1.441939457436092198e-05
1.439838342776056379e-05
1.438547315046889707e-05
1.436056300008203834e-05
1.441293534298893064e-05
1.434590194548945874e-05
1.431725650036241859e-05
1.427349434379721060e-05
1.424601214239373803e-05
1.423196226824074984e-05
1.421918113919673488e-05
1.420683292963076383e-05
1.419530144630698487e-05
1.418339707015547901e-05
1.417493876942899078e-05
1.416075429006014019e-05
1.414895814377814531e-05
1.413623795087914914e-05
1.411828998243436217e-05
1.410784352628979832e-05
1.410229833709308878e-05
1.409624928783159703e-05
1.409041033184621483e-05
1.408028219884727150e-05
1.424496531399199739e-05
1.407623312843497843e-05
1.406199316988931969e-05
1.404468457621987909e-05
1.402433827024651691e-05
1.400174005539156497e-05
1.399270695401355624e-05
1.397239248035475612e-05
1.396778316120617092e-05
1.395247272739652544e-05
1.393825550621841103e-05
1.392285048495978117e-05
1.390374745824374259e-05
1.388274176861159503e-05
1.386484836984891444e-05
1.385137511533685029e-05
1.383120616083033383e-05
1.381579386361408979e-05
1.380106459691887721e-05
1.378804699925240129e-05
1.377287117065861821e-05
1.375667761749355122e-05
1.374171915813349187e-05
1.372233236907050014e-05
1.372534825350157917e-05
1.371091639157384634e-05
1.369883102597668767e-05
1.368028461001813412e-05
1.366118613077560440e-05
1.364495801681187004e-05
1.363544652122072875e-05
1.361986869596876204e-05
1.361160229862434790e-05
1.359302223136182874e-05
1.358641202386934310e-05
1.356027769361389801e-05
1.354601954517420381e-05
1.353073821519501507e-05
1.370895370200742036e-05
1.352299659629352391e-05
1.350592174276243895e-05
1.349756712443195283e-05
1.349955618934473023e-05
1.346967837889678776e-05
1.349206104350741953e-05
1.345843156741466373e-05
1.344023803540039808e-05
1.342258747172309086e-05
1.342367249890230596e-05
1.341858114756178111e-05
1.340999915555585176e-05
1.339678055956028402e-05
1.339098253083648160e-05
1.338854417554102838e-05
1.337853609584271908e-05
1.337541107204742730e-05
1.337167668680194765e-05
1.336600871582049876e-05
1.336097193416208029e-05
1.335746674158144742e-05
1.335247725364752114e-05
1.334630269411718473e-05
1.334106218564556912e-05
1.332431565970182419e-05
1.330750455963425338e-05
1.334381522610783577e-05
1.329246515524573624e-05
1.327668633166467771e-05
1.325735865975730121e-05
1.324315508099971339e-05
1.321867603110149503e-05
1.316560883424244821e-05
1.314988730882760137e-05
1.310558400291483849e-05
1.307340971834491938e-05
1.303599492530338466e-05
1.298449478781549260e-05
1.290956970478873700e-05
1.286027327296324074e-05
1.280348078580573201e-05
1.276729562960099429e-05
1.275878548767650500e-05
1.275266913580708206e-05
1.274701298825675622e-05
1.274323767574969679e-05
1.274062469747150317e-05
1.273301313631236553e-05
1.271767632715636864e-05
1.275350950891152024e-05
1.271011569770053029e-05
1.269308995688334107e-05
1.267452444153605029e-05
1.266275648958981037e-05
1.265028731722850353e-05
1.263741069124080241e-05
1.262220484932186082e-05
1.260819044546224177e-05
1.260199405805906281e-05
1.257827807421563193e-05
1.257027270185062662e-05
1.256243012903723866e-05
1.255481583939399570e-05
1.255384904652601108e-05
1.254661765415221453e-05
1.254169546882621944e-05
1.253531809197738767e-05
1.252926358574768528e-05
1.251581670658197254e-05
1.253334266948513687e-05
1.251146113645518199e-05
1.250346031156368554e-05
1.249279557669069618e-05
1.248680200660601258e-05
1.247993532160762697e-05
1.247044565388932824e-05
1.245843668584711850e-05
1.244692975888028741e-05
1.243491988134337589e-05
1.242520193045493215e-05
1.240797610080335289e-05
1.240305118699325249e-05
1.237952528754249215e-05
1.236564094142522663e-05
1.234324008692055941e-05
1.232112845173105597e-05
1.255490769835887477e-05
1.231548867508536205e-05
1.230229463544674218e-05
1.229459303431212902e-05
1.228450673806946725e-05
1.226391395903192461e-05
1.230535235663410276e-05
1.225750929734203964e-05
1.223958952323300764e-05
1.221950151375494897e-05
1.220416379510425031e-05
1.230972520716022700e-05
1.219998557644430548e-05
1.218918077938724309e-05
1.216601413034368306e-05
1.217604767589364201e-05
1.216102373291505501e-05
1.215356860484462231e-05
1.215089469042140990e-05
1.214243275171611458e-05
1.213256928167538717e-05
1.211663402500562370e-05
1.209602214657934383e-05
1.207966124638915062e-05
1.205260741699021310e-05
1.203385545522905886e-05
1.201707709697075188e-05
1.200436781800817698e-05
1.199099369841860607e-05
1.197356687043793499e-05
1.195323875435860828e-05
1.193740263261133805e-05
1.192441413877531886e-05
1.191722731164190918e-05
1.191112005471950397e-05
1.190753573609981686e-05
1.190418697660788894e-05
1.189757495012599975e-05
1.189739305118564516e-05
1.189391150546725839e-05
1.188910209748428315e-05
1.188325859402539209e-05
1.187990528705995530e-05
1.187330599350389093e-05
1.186719055112916976e-05
1.186061126645654440e-05
1.185288056149147451e-05
1.184452776215039194e-05
1.183667063742177561e-05
1.182977939606644213e-05
1.182711457659024745e-05
1.182295090984553099e-05
1.181557126983534545e-05
1.180535673483973369e-05
1.179899118142202497e-05
1.179292667075060308e-05
1.178268757939804345e-05
1.177050398837309331e-05
1.174711178464349359e-05
1.175401484942995012e-05
1.173575856228126213e-05
1.171559142676414922e-05
1.170548421214334667e-05
1.170197538158390671e-05
1.169905954157002270e-05
1.169717324955854565e-05
1.169456663774326444e-05
1.169286042568273842e-05
1.168781000160379335e-05
1.168400649476097897e-05
1.167742539109895006e-05
1.167208847618894652e-05
1.166277888842159882e-05
1.167352093034423888e-05
1.165633329947013408e-05
1.165037429018411785e-05
1.164183504442917183e-05
1.163681281468598172e-05
1.163115848612505943e-05
1.162746502814115956e-05
1.162475473392987624e-05
1.161560430773533881e-05
1.160835472546750680e-05
1.160052306659054011e-05
1.159338171419221908e-05
1.159004841611022130e-05
1.158953091362491250e-05
1.158692612079903483e-05
1.158300801762379706e-05
1.157757469627540559e-05
1.157428141596028581e-05
1.157279530161758885e-05
1.156283178715966642e-05
1.155952304543461651e-05
1.155428344645770267e-05
1.155041809397516772e-05
1.154655637947143987e-05
1.153957236965652555e-05
1.153438552137231454e-05
1.152984077634755522e-05
1.152527238446054980e-05
1.151769356511067599e-05
1.150961816165363416e-05
1.152250661107245833e-05
1.150429216068005189e-05
1.149951640400104225e-05
1.149459876614855602e-05
1.149175204773200676e-05
1.148809315054677427e-05
1.148588489741086960e-05
1.148243245552293956e-05
1.148052979260683060e-05
1.147761213360354304e-05
1.147410330304410309e-05
1.146959129982860759e-05
1.146099657489685342e-05
1.145018904935568571e-05
1.150998105003964156e-05
1.144693123933393508e-05
1.144165253208484501e-05
1.143619010690599680e-05
1.143292865890543908e-05
1.142864130088128150e-05
1.142632390838116407e-05
1.142381552199367434e-05
1.141739721788326278e-05
1.141432221629656851e-05
1.140594031312502921e-05
1.139916821557562798e-05
1.139323285315185785e-05
1.138906736741773784e-05
1.138707375503145158e-05
1.138431616709567606e-05
1.138413608714472502e-05
1.138135121436789632e-05
1.137954586738487706e-05
1.137759136327076703e-05
1.137633717007702217e-05
1.137406070483848453e-05
1.137138315243646502e-05
1.136844457505503669e-05
1.136568607762455940e-05
1.136165883508510888e-05
1.135744878411060199e-05
1.135410730057628825e-05
1.134862395701929927e-05
1.134621652454370633e-05
1.134341437136754394e-05
1.134081594500457868e-05
1.133784826379269361e-05
1.134108424594160169e-05
1.133627665694802999e-05
1.133262594521511346e-05
1.132886427512858063e-05
1.132606394094182178e-05
1.132843863160815090e-05
1.132470788434147835e-05
1.132144097937270999e-05
1.131458702730014920e-05
1.134239937528036535e-05
1.131429598899558187e-05
1.131267981691053137e-05
1.131045974034350365e-05
1.130944929172983393e-05
1.130662894865963608e-05
1.130408236349467188e-05
1.130420787376351655e-05
1.130243254010565579e-05
1.129960128309903666e-05
1.129674456024076790e-05
1.129388328990899026e-05
1.129106203734409064e-05
1.128693475038744509e-05
1.128177245846018195e-05
1.127779705711873248e-05
1.127288305724505335e-05
1.126976076193386689e-05
1.126517054217401892e-05
1.125933613366214558e-05
1.125188828154932708e-05
1.124697337218094617e-05
1.124326627177651972e-05
1.123915626521920785e-05
1.123644324252381921e-05
1.123279071180149913e-05
1.122833145927870646e-05
1.123451966122956946e-05
1.122647154261358082e-05
1.122247795137809590e-05
1.121946024795761332e-05
1.121537661674665287e-05
1.121162677009124309e-05
1.121866080211475492e-05
1.121025070460746065e-05
1.120770684792660177e-05
1.120482738770078868e-05
1.120117303798906505e-05
1.119725766329793260e-05
1.119732405641116202e-05
1.119455646403366700e-05
1.118980253522749990e-05
1.118512045650277287e-05
1.117885040002875030e-05
1.117434294428676367e-05
1.117022475227713585e-05
1.116704515879973769e-05
1.116353450925089419e-05
1.115845589083619416e-05
1.114373390009859577e-05
1.115479608415625989e-05
1.113977668865118176e-05
1.113245525630190969e-05
1.112304926209617406e-05
1.111393066821619868e-05
1.110133507609134540e-05
1.108723336074035615e-05
1.107480966311413795e-05
1.105340561480261385e-05
1.105392948375083506e-05
1.104825969377998263e-05
1.103986596717732027e-05
1.102938767871819437e-05
1.101858833862934262e-05
1.100370354834012687e-05
1.098921893571969122e-05
1.097855601983610541e-05
1.097151653084438294e-05
1.096644882636610419e-05
1.096079995477339253e-05
1.095142579288221896e-05
1.095452716981526464e-05
1.094473554985597730e-05
1.093289392883889377e-05
1.092461934604216367e-05
1.098868233384564519e-05
1.092315869755111635e-05
1.092123147827805951e-05
1.091670674213673919e-05
1.091073863790370524e-05
1.090562091121682897e-05
1.089996658265590668e-05
1.089522447728086263e-05
1.089169927581679076e-05
1.088297722162678838e-05
1.087979580915998667e-05
1.087872988136950880e-05
1.087278451450401917e-05
1.086840711650438607e-05
1.086130396288353950e-05
1.085427084035472944e-05
1.084809446183498949e-05
1.083756615116726607e-05
1.083263305190484971e-05
1.082757262338418514e-05
1.082188464351929724e-05
1.082730796042596921e-05
1.081832215277245268e-05
1.081247683032415807e-05
1.080817128240596503e-05
1.080423862731549889e-05
1.079696630768012255e-05
1.078206332749687135e-05
1.076852186088217422e-05
1.075390900950878859e-05
1.074152714863885194e-05
1.072838313120882958e-05
1.073066141543677077e-05
1.071878887159982696e-05
1.070734106178861111e-05
1.070116559276357293e-05
1.069250538421329111e-05
1.068359415512531996e-05
1.067917037289589643e-05
1.066612094291485846e-05
1.066212553268996999e-05
1.065581636794377118e-05
1.064799471350852400e-05
1.063285162672400475e-05
1.060802878782851622e-05
1.067876110028009862e-05
1.059654550772393122e-05
1.057773533830186352e-05
1.056687051459448412e-05
1.055904795066453516e-05
1.055129905580542982e-05
1.053556297847535461e-05
1.052217339747585356e-05
1.051824892783770338e-05
1.050496666721301153e-05
1.049926504492759705e-05
1.049534876074176282e-05
1.048270678438711911e-05
1.047698697220766917e-05
1.046993202180601656e-05
1.046516717906342819e-05
1.045949920808197930e-05
1.045414046529913321e-05
1.044724194798618555e-05
1.044314922182820737e-05
1.043662268784828484e-05
1.043151678459253162e-05
1.042391340888570994e-05
1.041793711920036003e-05
1.041052018990740180e-05
1.040302413457538933e-05
1.039613471220945939e-05
1.039043490891344845e-05
1.038004029396688566e-05
1.037362926581408828e-05
1.035721015796298161e-05
1.034288197843125090e-05
1.031916690408252180e-05
1.030735620588529855e-05
1.029629129334352911e-05
1.028882070386316627e-05
1.029424583975924179e-05
1.028298538585659117e-05
1.027540929499082267e-05
1.026836889650439844e-05
1.026596692099701613e-05
1.025940946419723332e-05
1.025656001729657874e-05
1.025003984977956861e-05
1.024620087264338508e-05
1.023844743031077087e-05
1.022951801132876426e-05
1.022295964503427967e-05
1.021941261569736525e-05
1.021584284899290651e-05
1.020788295136298984e-05
1.019860246742609888e-05
1.018748662318103015e-05
1.017218346532899886e-05
1.016077658277936280e-05
1.015155976347159594e-05
1.014775625662878156e-05
1.013695236906642094e-05
1.013084056467050686e-05
1.012282791634788737e-05
1.011898712022230029e-05
1.010916639643255621e-05
1.010188498185016215e-05
1.009252900985302404e-05
1.008708022709470242e-05
1.007916853268397972e-05
1.007279024634044617e-05
1.006574348139110953e-05
1.004386467684525996e-05
1.003860052151139826e-05
1.003455236059380695e-05
1.003159832180244848e-05
1.002926273940829560e-05
1.002740009425906464e-05
1.002400858851615340e-05
1.001730652205878869e-05
1.001506461761891842e-05
1.000231532088946551e-05
9.991059414460323751e-06
9.982466508517973125e-06
9.963418960978742689e-06
9.952812433766666800e-06
9.941775715560652316e-06
9.932618922903202474e-06
9.924780897563323379e-06
9.912414498103316873e-06
9.901092198560945690e-06
9.890291039482690394e-06
9.887867236102465540e-06
9.884533938020467758e-06
9.881689038593322039e-06
9.875668183667585254e-06
9.868163033388555050e-06
9.859501005848869681e-06
9.846158718573860824e-06
9.833750482357572764e-06
9.816973943088669330e-06
9.809215953282546252e-06
9.802383829082828015e-06
9.798772225622087717e-06
9.796282029128633440e-06
9.790785043151117861e-06
9.785711881704628468e-06
9.781646440387703478e-06
9.775336366146802902e-06
9.768587915459647775e-06
9.762477930053137243e-06
9.755521205079276115e-06
9.751761353982146829e-06
9.747986041475087404e-06
9.743944247020408511e-06
9.740587302076164633e-06
9.736209904076531529e-06
9.743993359734304249e-06
9.734335435496177524e-06
9.730782949191052467e-06
9.723416951601393521e-06
9.717390639707446098e-06
9.711115126265212893e-06
9.708884135761763901e-06
9.704885087558068335e-06
9.710501217341516167e-06
9.702775059849955142e-06
9.700064765638671815e-06
9.693669198895804584e-06
9.689833859738428146e-06
9.683568350737914443e-06
9.674789907876402140e-06
9.669129212852567434e-06
9.663510354585014284e-06
9.661241165304090828e-06
9.656630027166102082e-06
9.653586857893969864e-06
9.645443242334295064e-06
9.636175491323228925e-06
9.626971404941286892e-06
9.614430382498539984e-06
9.603546459402423352e-06
9.607323590898886323e-06
9.596904419595375657e-06
9.587105523678474128e-06
9.581501217326149344e-06
9.576247066434007138e-06
9.571667760610580444e-06
9.564893844071775675e-06
9.559063073538709432e-06
9.555304131936281919e-06
9.553661584504880011e-06
9.551707989885471761e-06
9.549742571834940463e-06
9.546182809572201222e-06
9.544023669150192291e-06
9.541192412143573165e-06
9.538347512716427445e-06
9.540693099552299827e-06
9.537023288430646062e-06
9.534341188555117697e-06
9.542618499835953116e-06
9.532830517855472863e-06
9.528894224786199629e-06
9.524756023893132806e-06
9.521165338810533285e-06
9.518876140646170825e-06
9.515197234577499330e-06
9.500095075054559857e-06
9.490658158028963953e-06
9.479535037826281041e-06
9.471493285673204809e-06
9.465808034292422235e-06
9.457102351007051766e-06
9.450640391150955111e-06
9.446171134186442941e-06
9.442928785574622452e-06
9.440806024940684438e-06
9.439763744012452662e-06
9.436526852368842810e-06
9.433866580366156995e-06
9.430338650417979807e-06
9.426358701603021473e-06
9.422934454050846398e-06
9.419771231478080153e-06
9.416227840119972825e-06
9.412606232217513025e-06
9.410643542651087046e-06
9.408123332832474262e-06
9.406167919223662466e-06
9.408959158463403583e-06
9.404733646078966558e-06
9.402430805494077504e-06
9.400160706718452275e-06
9.398856491316109896e-06
9.398682777828071266e-06
9.396891073265578598e-06
9.394154403707943857e-06
9.389052138430997729e-06
9.385189514432568103e-06
9.382141797686927021e-06
9.378736649523489177e-06
9.376061825605574995e-06
9.370994121127296239e-06
9.367062375531531870e-06
9.359821888210717589e-06
9.355646398034878075e-06
9.352432243758812547e-06
9.348837011202704161e-06
9.375737135997042060e-06
9.346139449917245656e-06
9.340556971437763423e-06
9.332428817288018763e-06
9.323555786977522075e-06
9.308079825132153928e-06
9.292902177548967302e-06
9.272447641706094146e-06
9.252044037566520274e-06
9.223824235959909856e-06
9.210903954226523638e-06
9.200575732393190265e-06
9.178748769045341760e-06
9.167398275167215616e-06
9.155310181085951626e-06
9.145271178567782044e-06
9.130646503763273358e-06
9.119955393543932587e-06
9.116220098803751171e-06
9.109129678108729422e-06
9.104234777623787522e-06
9.100700481212697923e-06
9.094926099351141602e-06
9.089588274946436286e-06
9.072363354789558798e-06
9.092143045563716441e-06
9.070146916201338172e-06
9.063805919140577316e-06
9.071103704627603292e-06
9.059958756552077830e-06
9.053040230355691165e-06
9.046344530361238867e-06
9.042020792549010366e-06
9.036034498421940953e-06
9.028371096064802259e-06
9.016737749334424734e-06
9.010428584588225931e-06
9.001863872981630266e-06
8.997131772048305720e-06
8.991481990960892290e-06
8.982797226053662598e-06
8.970233466243371367e-06
9.041300472745206207e-06
8.965916094894055277e-06
8.949559742177370936e-06
8.938775863498449326e-06
8.929371688282117248e-06
8.919171705201733857e-06
8.905234608391765505e-06
8.894225175026804209e-06
8.886000614438671619e-06
8.877080290403682739e-06
8.871164027368649840e-06
8.861026799422688782e-06
8.853257895680144429e-06
8.842858733260072768e-06
8.838678695610724390e-06
8.828163117868825793e-06
8.820079528959468007e-06
8.806504411040805280e-06
8.786761100054718554e-06
8.756551324040628970e-06
8.777030416240449995e-06
8.740143130125943571e-06
8.720727237232495099e-06
8.711204827704932541e-06
8.705001164344139397e-06
8.699566024006344378e-06
8.690278264111839235e-06
8.679471648065373302e-06
8.670643182995263487e-06
8.661523679620586336e-06
8.657096259412355721e-06
8.647907634440343827e-06
8.638644430902786553e-06
8.632913704786915332e-06
8.628487194073386490e-06
8.626590897620189935e-06
8.631084710941649973e-06
8.621975212008692324e-06
8.615084880148060620e-06
8.609069482190534472e-06
8.808324309939052910e-06
8.607130439486354589e-06
8.603527930972632021e-06
8.597907253715675324e-06
