3.155746459960937500e+00
1.718562722206115723e+00
8.320366144180297852e-01
7.369620203971862793e-01
7.139068245887756348e-01
7.048810720443725586e-01
7.006252408027648926e-01
7.000085115432739258e-01
6.994786858558654785e-01
6.972087621688842773e-01
6.949183940887451172e-01
6.959274411201477051e-01
6.937459707260131836e-01
6.919915676116943359e-01
6.913390755653381348e-01
6.910700798034667969e-01
6.904914379119873047e-01
6.895627379417419434e-01
6.882956027984619141e-01
6.873685717582702637e-01
6.864371895790100098e-01
6.853266954421997070e-01
6.845275163650512695e-01
6.830586791038513184e-01
6.799984574317932129e-01
7.293147087097167969e+00
6.888006925582885742e-01
6.772344708442687988e-01
6.820351481437683105e-01
6.754116415977478027e-01
6.700704693794250488e-01
6.624201536178588867e-01
6.574185490608215332e-01
6.549640297889709473e-01
6.364704966545104980e-01
6.426131248474121094e+00
6.436300277709960938e-01
6.141431331634521484e-01
5.894951224327087402e-01
8.940471410751342773e-01
5.243300795555114746e-01
5.264613628387451172e-01
5.067421793937683105e-01
5.193975567817687988e-01
4.894379675388336182e-01
9.230254292488098145e-01
4.771876931190490723e-01
4.679318368434906006e-01
4.557771384716033936e-01
4.725495278835296631e-01
4.419081807136535645e-01
4.194712042808532715e-01
3.970330059528350830e-01
3.873813748359680176e-01
3.475783765316009521e-01
3.342049121856689453e-01
3.103592991828918457e-01
2.855785489082336426e-01
2.573507130146026611e-01
2.400467842817306519e-01
2.338869124650955200e-01
2.293350100517272949e-01
2.210136055946350098e-01
2.049314528703689575e-01
1.904598623514175415e-01
2.026311755180358887e-01
1.780768930912017822e-01
1.697638332843780518e-01
1.646322160959243774e-01
1.604903489351272583e-01
1.498603671789169312e-01
1.443917155265808105e-01
1.369759738445281982e-01
1.334927976131439209e-01
1.299719661474227905e-01
1.268798261880874634e-01
1.211415603756904602e-01
1.150533705949783325e-01
1.099147051572799683e-01
1.053890883922576904e-01
1.021118760108947754e-01
1.003000438213348389e-01
9.844700992107391357e-02
9.625644981861114502e-02
9.429091215133666992e-02
9.178411215543746948e-02
8.883891254663467407e-02
8.546438813209533691e-02
8.413510024547576904e-02
8.345554769039154053e-02
8.266389369964599609e-02
8.139768242835998535e-02
7.959906756877899170e-02
7.507953792810440063e-02
7.087169587612152100e-02
6.617760658264160156e-02
6.393381953239440918e-02
6.233583390712738037e-02
6.156516820192337036e-02
6.029551848769187927e-02
5.900420248508453369e-02
5.804506689310073853e-02
5.692970752716064453e-02
5.593142658472061157e-02
5.514965951442718506e-02
5.433624982833862305e-02
5.355112999677658081e-02
5.283694714307785034e-02
5.207582935690879822e-02
5.061866343021392822e-02
4.883269593119621277e-02
4.726379364728927612e-02
4.633112996816635132e-02
4.559716582298278809e-02
4.485410451889038086e-02
4.257673397660255432e-02
4.047169163823127747e-02
3.867445513606071472e-02
3.786310553550720215e-02
3.694989532232284546e-02
3.559008985757827759e-02
3.429283201694488525e-02
3.383712098002433777e-02
3.324136883020401001e-02
3.298640251159667969e-02
3.279479220509529114e-02
3.258674591779708862e-02
3.218905627727508545e-02
3.086442500352859497e-02
3.074409626424312592e-02
3.006984665989875793e-02
2.865016087889671326e-02
2.806482091546058655e-02
2.764217555522918701e-02
2.740577235817909241e-02
2.694391086697578430e-02
2.544355206191539764e-02
2.419311553239822388e-02
2.237370982766151428e-02
2.139016613364219666e-02
2.069895528256893158e-02
2.031126618385314941e-02
2.004575356841087341e-02
1.973443478345870972e-02
1.947157829999923706e-02
1.895552501082420349e-02
1.841134950518608093e-02
1.786797121167182922e-02
1.748323999345302582e-02
1.729161664843559265e-02
1.696586236357688904e-02
1.639099605381488800e-02
1.602491736412048340e-02
1.583696529269218445e-02
1.556715648621320724e-02
1.536677870899438858e-02
1.511276513338088989e-02
1.464112289249897003e-02
1.450513675808906555e-02
1.429430115967988968e-02
1.414666417986154556e-02
1.389502361416816711e-02
1.346884109079837799e-02
1.288454234600067139e-02
1.253085304051637650e-02
1.225307583808898926e-02
1.208679098635911942e-02
1.185270957648754120e-02
1.138637214899063110e-02
1.090172585099935532e-02
1.055561378598213196e-02
1.025000214576721191e-02
1.009939052164554596e-02
9.917031973600387573e-03
9.790170006453990936e-03
9.687148034572601318e-03
9.559124708175659180e-03
9.384023025631904602e-03
9.188855066895484924e-03
8.932152763009071350e-03
8.731351234018802643e-03
8.636653423309326172e-03
8.534166030585765839e-03
8.392381481826305389e-03
7.963594049215316772e-03
7.602919824421405792e-03
7.277873344719409943e-03
7.118572480976581573e-03
7.056804839521646500e-03
7.028153166174888611e-03
6.996476091444492340e-03
6.964629050344228745e-03
6.910119205713272095e-03
6.840937770903110504e-03
6.702189333736896515e-03
6.572750862687826157e-03
6.444281898438930511e-03
6.393512245267629623e-03
6.358627695590257645e-03
6.328995805233716965e-03
6.256686523556709290e-03
6.192883476614952087e-03
6.105549633502960205e-03
6.006916053593158722e-03
5.896545946598052979e-03
5.860408302396535873e-03
5.659752059727907181e-03
5.589295644313097000e-03
5.524169653654098511e-03
5.478005390614271164e-03
5.438186228275299072e-03
5.397810600697994232e-03
5.306383594870567322e-03
5.172992125153541565e-03
4.939455073326826096e-03
4.726563580334186554e-03
4.630626179277896881e-03
4.494948312640190125e-03
4.466143436729907990e-03
4.440944641828536987e-03
4.428616724908351898e-03
4.415097646415233612e-03
4.384666681289672852e-03
4.339115228503942490e-03
4.236524458974599838e-03
4.142119549214839935e-03
4.048886708915233612e-03
3.972223028540611267e-03
3.899581963196396828e-03
3.841508645564317703e-03
3.807877190411090851e-03
3.787691006436944008e-03
3.777144011110067368e-03
3.747850190848112106e-03
3.713113721460103989e-03
3.660602029412984848e-03
3.532974049448966980e-03
3.407299984246492386e-03
3.212193492799997330e-03
3.038133494555950165e-03
2.921126782894134521e-03
2.955896779894828796e-03
2.885151654481887817e-03
2.855169121176004410e-03
2.834439743310213089e-03
2.811327576637268066e-03
2.782327821478247643e-03
2.760783769190311432e-03
2.736028749495744705e-03
2.707465551793575287e-03
2.670075278729200363e-03
2.620941959321498871e-03
2.491899766027927399e-03
2.314883051440119743e-03
3.077339380979537964e-03
2.273076679557561874e-03
2.130647888407111168e-03
2.099137054756283760e-03
2.116104587912559509e-03
2.055033575743436813e-03
2.044723369181156158e-03
2.036151010543107986e-03
2.027127193287014961e-03
2.012714510783553123e-03
1.998530933633446693e-03
1.985970186069607735e-03
1.972301164641976357e-03
1.949223456904292107e-03
1.932009821757674217e-03
1.924295327626168728e-03
1.910065533593297005e-03
1.895391265861690044e-03
1.878556795418262482e-03
1.860557240433990955e-03
1.837438554503023624e-03
1.812233589589595795e-03
1.786265987902879715e-03
1.757420599460601807e-03
1.731697353534400463e-03
1.737404614686965942e-03
1.706822309643030167e-03
1.687943702563643456e-03
1.676019048318266869e-03
1.661512185819447041e-03
1.645293203182518482e-03
1.773924217559397221e-03
1.638327958062291145e-03
1.613441156223416328e-03
1.587647129781544209e-03
1.568355364724993706e-03
1.551622175611555576e-03
1.539363642223179340e-03
1.527979271486401558e-03
1.517002703621983528e-03
1.495998119935393333e-03
1.462334999814629555e-03
1.452454947866499424e-03
1.414128462783992290e-03
1.396920182742178440e-03
1.388757256790995598e-03
1.380915869958698750e-03
1.370794139802455902e-03
1.353204017505049706e-03
1.339387847110629082e-03
1.318892464041709900e-03
1.304502016864717007e-03
1.287127728573977947e-03
1.282118144445121288e-03
1.277634524740278721e-03
1.270451582968235016e-03
1.262230682186782360e-03
1.256137387827038765e-03
1.248665386810898781e-03
1.239406876266002655e-03
1.232178881764411926e-03
1.226915279403328896e-03
1.219916623085737228e-03
1.215457683429121971e-03
1.207232940942049026e-03
1.201173989102244377e-03
1.194650889374315739e-03
1.186446170322597027e-03
1.178620615974068642e-03
1.169890281744301319e-03
1.159029197879135609e-03
1.152050099335610867e-03
1.146140974014997482e-03
1.142114168033003807e-03
1.134123886004090309e-03
1.122746034525334835e-03
1.105338917113840580e-03
1.070832018740475178e-03
1.050941995345056057e-03
1.018461538478732109e-03
9.943310869857668877e-04
9.732741164043545723e-04
9.527863585390150547e-04
9.354614303447306156e-04
9.217264014296233654e-04
9.099929593503475189e-04
9.030314977280795574e-04
8.969081682153046131e-04
8.913890924304723740e-04
8.854133775457739830e-04
8.773716981522738934e-04
8.706555818207561970e-04
8.651169482618570328e-04
8.583615999668836594e-04
8.532772189937531948e-04
8.489648462273180485e-04
8.433382608927786350e-04
8.358414634130895138e-04
8.239509770646691322e-04
8.103155996650457382e-04
7.967242854647338390e-04
7.855906151235103607e-04
7.732938975095748901e-04
7.707274053245782852e-04
7.638859096914529800e-04
7.549885194748640060e-04
7.475726888515055180e-04
7.427085656672716141e-04
7.386346114799380302e-04
7.306020124815404415e-04
7.232655189000070095e-04
7.193011115305125713e-04
7.166891009546816349e-04
7.149731973186135292e-04
7.123745745047926903e-04
7.106761331669986248e-04
7.071734871715307236e-04
7.046987302601337433e-04
7.019022596068680286e-04
6.965544889681041241e-04
6.931819370947778225e-04
6.851201760582625866e-04
6.739629316143691540e-04
6.645347457379102707e-04
6.513014668598771095e-04
6.363271386362612247e-04
6.212882581166923046e-04
6.083186017349362373e-04
6.006226176396012306e-04
5.894533242098987103e-04
5.757751641795039177e-04
5.541327409446239471e-04
5.459933890961110592e-04
5.230843089520931244e-04
5.181513261049985886e-04
5.136210238561034203e-04
5.084004369564354420e-04
5.025747814215719700e-04
4.985843552276492119e-04
4.947886918671429157e-04
4.906882531940937042e-04
4.859527689404785633e-04
4.827798693440854549e-04
4.801138420589268208e-04
4.778878646902740002e-04
4.738278512377291918e-04
4.691628564614802599e-04
4.661533166654407978e-04
4.644509754143655300e-04
4.629078612197190523e-04
4.610566829796880484e-04
4.585052083712071180e-04
4.574587219394743443e-04
4.565922718029469252e-04
4.556685453280806541e-04
4.546878626570105553e-04
4.530802252702414989e-04
4.505812539719045162e-04
4.460147465579211712e-04
4.416180308908224106e-04
4.368305962998420000e-04
4.336909041740000248e-04
4.293322854209691286e-04
4.252990474924445152e-04
4.216167435515671968e-04
4.198680107947438955e-04
4.188572056591510773e-04
4.182187258265912533e-04
4.160151875112205744e-04
4.135894705541431904e-04
4.106535634491592646e-04
4.070936120115220547e-04
4.040043277200311422e-04
4.017150204163044691e-04
3.977919986937195063e-04
3.933537809643894434e-04
3.892556705977767706e-04
3.844090679194778204e-04
3.796506498474627733e-04
3.768418682739138603e-04
3.747596347238868475e-04
3.730286261998116970e-04
3.686184354592114687e-04
3.656979824882000685e-04
3.622974618338048458e-04
3.585859958548098803e-04
3.538033924996852875e-04
3.477654536254703999e-04
3.425283357501029968e-04
3.330830077175050974e-04
3.247700806241482496e-04
3.193182637915015221e-04
3.154993173666298389e-04
3.133384161628782749e-04
3.106356016360223293e-04
3.090556128881871700e-04
3.074656124226748943e-04
3.061898460146039724e-04
3.045519697479903698e-04
3.010109649039804935e-04
3.634915919974446297e-04
2.993674715980887413e-04
2.935754891950637102e-04
2.861518587451428175e-04
2.792234299704432487e-04
2.747445832937955856e-04
2.736636961344629526e-04
2.728274848777800798e-04
2.723395300563424826e-04
2.713943540584295988e-04
2.706371888052672148e-04
2.701996127143502235e-04
2.698928001336753368e-04
2.693664864636957645e-04
2.688348467927426100e-04
2.681143232621252537e-04
2.677594311535358429e-04
2.671043621376156807e-04
2.670628309715539217e-04
2.665985957719385624e-04
2.657803706824779510e-04
2.647028886713087559e-04
2.640731399878859520e-04
2.628216752782464027e-04
2.613751566968858242e-04
2.599299186840653419e-04
2.585780748631805182e-04
2.571534423623234034e-04
2.548452466726303101e-04
2.518335531931370497e-04
2.481092815287411213e-04
2.430087479297071695e-04
2.392639871686697006e-04
2.374943724134936929e-04
2.364659449085593224e-04
2.355643227929249406e-04
2.335372701054438949e-04
2.320683270227164030e-04
2.305756788700819016e-04
2.294951555086299777e-04
2.287320967298001051e-04
2.282678324263542891e-04
2.278906904393807054e-04
2.274244907312095165e-04
2.275901206303387880e-04
2.271742414450272918e-04
2.267837844556197524e-04
2.257628802908584476e-04
2.248555392725393176e-04
2.231963881058618426e-04
2.246818039566278458e-04
2.221836475655436516e-04
2.202455798396840692e-04
2.182804309995844960e-04
2.160025469493120909e-04
2.144980826415121555e-04
2.134344103978946805e-04
2.127070765709504485e-04
2.117827825713902712e-04
2.108377811964601278e-04
2.102484577335417271e-04
2.098224358633160591e-04
2.096416428685188293e-04
2.091048227157443762e-04
2.082564751617610455e-04
2.072655624942854047e-04
2.062736020889133215e-04
2.052536583505570889e-04
2.040781691903248429e-04
2.027878654189407825e-04
2.018783125095069408e-04
2.013510675169527531e-04
2.009354793699458241e-04
2.002435503527522087e-04
1.993180776480585337e-04
1.981873065233230591e-04
1.968371943803504109e-04
1.956085325218737125e-04
1.944615214597433805e-04
1.931756560225039721e-04
1.914973254315555096e-04
1.894639717647805810e-04
1.876166788861155510e-04
1.854864094639196992e-04
1.844356156652793288e-04
1.826626539696007967e-04
1.817980664782226086e-04
1.810177782317623496e-04
1.804231433197855949e-04
1.799094461603090167e-04
1.794721465557813644e-04
1.785445638233795762e-04
1.776183780748397112e-04
1.772346731740981340e-04
1.768639922374859452e-04
1.763995387591421604e-04
1.755679695634171367e-04
1.748330250848084688e-04
1.738598075462505221e-04
1.730972144287079573e-04
1.717539562378078699e-04
1.701668516034260392e-04
1.690354256425052881e-04
1.668406039243564010e-04
1.655844680499285460e-04
1.650095218792557716e-04
1.639522379264235497e-04
1.619831891730427742e-04
1.632805797271430492e-04
1.607297890586778522e-04
1.587158913025632501e-04
1.580224343342706561e-04
1.562943507451564074e-04
1.550511078676208854e-04
1.540244993520900607e-04
1.514337345724925399e-04
1.517144555691629648e-04
1.506648986833170056e-04
1.495333563070744276e-04
1.483134838053956628e-04
1.466764806536957622e-04
1.454061130061745644e-04
1.443495566491037607e-04
1.434108708053827286e-04
1.421662600478157401e-04
1.417038438376039267e-04
1.401066983817145228e-04
1.393046841258183122e-04
1.383805356454104185e-04
1.377985608996823430e-04
1.374799176119267941e-04
1.371990365441888571e-04
1.369872188661247492e-04
1.366293727187439799e-04
1.359311136184260249e-04
1.353168336208909750e-04
1.349377562291920185e-04
1.345836353721097112e-04
1.343021140201017261e-04
1.340397866442799568e-04
1.337220310233533382e-04
1.335389388259500265e-04
1.333413820248097181e-04
1.330383674940094352e-04
1.324441691394895315e-04
1.314974360866472125e-04
1.354156993329524994e-04
1.311197993345558643e-04
1.296389527851715684e-04
1.279387943213805556e-04
1.259213313460350037e-04
1.247590698767453432e-04
1.238382246810942888e-04
1.230671769008040428e-04
1.224461593665182590e-04
1.221582206198945642e-04
1.216164600919000804e-04
1.213734940392896533e-04
1.210647824336774647e-04
1.206891320180147886e-04
1.235268719028681517e-04
1.205504959216341376e-04
1.201330160256475210e-04
1.196656448883004487e-04
1.193358330056071281e-04
1.189646500279195607e-04
1.185510336654260755e-04
1.177284138975664973e-04
1.181205007014796138e-04
1.172284537460654974e-04
1.166384317912161350e-04
1.153831981355324388e-04
1.156430516857653856e-04
1.151450560428202152e-04
1.148373339674435556e-04
1.142513719969429076e-04
1.140327294706366956e-04
1.136693535954691470e-04
1.132766192313283682e-04
1.128990552388131618e-04
1.124865957535803318e-04
1.122399989981204271e-04
1.117937499657273293e-04
1.112203899538144469e-04
1.106117852032184601e-04
1.100691151805222034e-04
1.091983576770871878e-04
1.085531912394799292e-04
1.077560082194395363e-04
1.070758444257080555e-04
1.065639953594654799e-04
1.062578958226367831e-04
1.056745022651739419e-04
1.053641171893104911e-04
1.050123319146223366e-04
1.048438280122354627e-04
1.046909019351005554e-04
1.045790704665705562e-04
1.044730088324286044e-04
1.042943913489580154e-04
1.037832698784768581e-04
1.034245069604367018e-04
1.029839913826435804e-04
1.025070087052881718e-04
1.022523938445374370e-04
1.016633395920507610e-04
1.013671426335349679e-04
1.009447587421163917e-04
1.004030273179523647e-04
9.971803228836506605e-05
9.915325790643692017e-05
9.875418618321418762e-05
9.848809713730588555e-05
9.830104681896045804e-05
9.794858488021418452e-05
9.766929724719375372e-05
9.736936772242188454e-05
9.693060565041378140e-05
9.622848301660269499e-05
9.540103201288729906e-05
9.473201498622074723e-05
9.412979852641001344e-05
9.388901526108384132e-05
9.383096039528027177e-05
9.355787915410473943e-05
9.347384911961853504e-05
9.332843183074146509e-05
9.318737284047529101e-05
9.305788262281566858e-05
9.293887706007808447e-05
9.287413558922708035e-05
9.277421486331149936e-05
9.265210246667265892e-05
9.252527524949982762e-05
9.219979983754456043e-05
9.191092976834625006e-05
9.187043178826570511e-05
9.167530515696853399e-05
9.135360596701502800e-05
9.099469752982258797e-05
9.054641122929751873e-05
9.071522072190418839e-05
9.030594810610637069e-05
8.956462988862767816e-05
8.896170766092836857e-05
8.811878797132521868e-05
8.760226774029433727e-05
8.701597107574343681e-05
8.654793782625347376e-05
8.621006418252363801e-05
8.606344636064022779e-05
8.591340156272053719e-05
8.578217966714873910e-05
8.563022129237651825e-05
8.543748117517679930e-05
8.508125756634399295e-05
8.464168058708310127e-05
8.422460086876526475e-05
8.387391426367685199e-05
9.118276648223400116e-05
8.374833851121366024e-05
8.341249485965818167e-05
8.301174966618418694e-05
8.279614849016070366e-05
8.259245078079402447e-05
8.240094757638871670e-05
8.216065180022269487e-05
8.205090125557035208e-05
8.189457730622962117e-05
8.174766844604164362e-05
8.163368329405784607e-05
8.155967225320637226e-05
8.145364699885249138e-05
8.131317736115306616e-05
8.119157428154721856e-05
8.100418199319392443e-05
8.090477786026895046e-05
8.079149120021611452e-05
8.070660260273143649e-05
8.044418063946068287e-05
8.017441723495721817e-05
7.997046486707404256e-05
7.967156125232577324e-05
7.950659346533939242e-05
7.933964661788195372e-05
7.908548286650329828e-05
7.869537512306123972e-05
7.824187923688441515e-05
7.794202247168868780e-05
7.766026828903704882e-05
7.744690810795873404e-05
7.684480078751221299e-05
7.670445484109222889e-05
7.668836042284965515e-05
7.605927385156974196e-05
7.546191773144528270e-05
7.520190411014482379e-05
7.490455027436837554e-05
7.453552098013460636e-05
7.424125215038657188e-05
7.409581303363665938e-05
7.391286635538563132e-05
7.357131107710301876e-05
7.337942224694415927e-05
7.314656977541744709e-05
7.304844621103256941e-05
7.267342880368232727e-05
7.243652362376451492e-05
7.228797039715573192e-05
7.180586544563993812e-05
7.170195021899417043e-05
7.142445247154682875e-05
7.122330134734511375e-05
7.072154403431341052e-05
7.038150215521454811e-05
6.995981675572693348e-05
6.933233817107975483e-05
7.832827395759522915e-05
6.917270366102457047e-05
6.856571417301893234e-05
6.808432954130694270e-05
6.759670941391959786e-05
6.799410766689106822e-05
6.739617674611508846e-05
6.718724034726619720e-05
6.708462024107575417e-05
6.709995795972645283e-05
6.703102553728967905e-05
6.697762000840157270e-05
6.682614912278950214e-05
6.671667506452649832e-05
6.651251169387251139e-05
6.631034193560481071e-05
6.597895844606682658e-05
6.560356996487826109e-05
6.505005876533687115e-05
6.459317955886945128e-05
6.424076127586886287e-05
6.384809239534661174e-05
6.342043343465775251e-05
6.318998202914372087e-05
6.269576260820031166e-05
6.369123002514243126e-05
6.239859067136421800e-05
6.184089579619467258e-05
6.150327681098133326e-05
6.140804907772690058e-05
6.131004192866384983e-05
6.117083103163167834e-05
6.101719191065058112e-05
6.082848994992673397e-05
6.068550283089280128e-05
6.056988058844581246e-05
6.051591844880022109e-05
6.039853906258940697e-05
6.024949107086285949e-05
6.007659612805582583e-05
5.989216151647269726e-05
5.962111026747152209e-05
5.984478048048913479e-05
5.951611819909885526e-05
5.930447514401748776e-05
5.913231871090829372e-05
5.899382813367992640e-05
5.884360143681988120e-05
5.862128455191850662e-05
5.851961395819671452e-05
5.831737144035287201e-05
5.817736018798314035e-05
5.804630200145766139e-05
5.790266004623845220e-05
5.778340710094198585e-05
5.768342089140787721e-05
5.760016938438639045e-05
5.753853474743664265e-05
5.742289795307442546e-05
5.725084702135063708e-05
5.708646494895219803e-05
5.698889435734599829e-05
5.671188773703761399e-05
5.659930684487335384e-05
5.649133527185767889e-05
5.639647133648395538e-05
5.625110497931018472e-05
5.598706047749146819e-05
5.578393756877630949e-05
5.561584112001582980e-05
5.548875196836888790e-05
5.533624062081798911e-05
5.522958235815167427e-05
5.507552850758656859e-05
5.503018473973497748e-05
5.488288297783583403e-05
5.477575177792459726e-05
5.461625551106408238e-05
5.448267984320409596e-05
5.455936843645758927e-05
5.439817323349416256e-05
5.420140223577618599e-05
5.408671859186142683e-05
5.400309964898042381e-05
5.389338912209495902e-05
5.377272100304253399e-05
5.364034950616769493e-05
5.344226156012155116e-05
5.315443559084087610e-05
5.433897604234516621e-05
5.304000296746380627e-05
5.281808989821001887e-05
5.243728082859888673e-05
5.257144948700442910e-05
5.235317803453654051e-05
5.222035179031081498e-05
5.202344982535578310e-05
5.188793875277042389e-05
5.172518285689875484e-05
5.155963299330323935e-05
5.146805051481351256e-05
5.131291254656389356e-05
5.125914321979507804e-05
5.119947672937996686e-05
5.115028034197166562e-05
5.104009323986247182e-05
5.091826460557058454e-05
5.069676262792199850e-05
5.079004040453583002e-05
5.058135138824582100e-05
5.030138345318846405e-05
5.010159657103940845e-05
4.996915231458842754e-05
4.987126158084720373e-05
4.977783828508108854e-05
4.967991480953060091e-05
4.956503835273906589e-05
4.935480319545604289e-05
4.926689871354028583e-05
4.904650268144905567e-05
4.891348362434655428e-05
4.875397644354961812e-05
4.854810686083510518e-05
4.829641329706646502e-05
4.808473750017583370e-05
4.787352008861489594e-05
4.766092024510726333e-05
4.760000956594012678e-05
4.738463758258149028e-05
4.725150938611477613e-05
4.711342626251280308e-05
4.701538273366168141e-05
4.695037569035775959e-05
4.688794069807045162e-05
4.682092549046501517e-05
4.676132084568962455e-05
4.665695087169297040e-05
4.661281855078414083e-05
4.655343946069478989e-05
4.651235940400511026e-05
4.647014429792761803e-05
4.657823228626511991e-05
4.644494038075208664e-05
4.641427949536591768e-05
4.635650111595168710e-05
4.630759212886914611e-05
4.626223380910232663e-05
4.617800732376053929e-05
4.610386531567201018e-05
4.605478170560672879e-05
4.600636748364195228e-05
4.592449477058835328e-05
4.570293822325766087e-05
4.554902989184483886e-05
4.547755816020071507e-05
4.552372411126270890e-05
4.545841511571779847e-05
4.544530747807584703e-05
4.542554961517453194e-05
4.539343353826552629e-05
4.531459853751584888e-05
4.520112270256504416e-05
4.610211180988699198e-05
4.517330307862721384e-05
4.506995173869654536e-05
4.501785588217899203e-05
4.498788257478736341e-05
4.494962195167317986e-05
4.485698809730820358e-05
4.499690840020775795e-05
4.480406641960144043e-05
4.470260319067165256e-05
4.463805453269742429e-05
4.458698094822466373e-05
4.451214772416278720e-05
4.444337537279352546e-05
4.432597779668867588e-05
4.425300721777603030e-05
4.411572081153281033e-05
4.410026303958147764e-05
4.399680619826540351e-05
4.391528636915609241e-05
4.382964107207953930e-05
4.374736454337835312e-05
4.381351027404889464e-05
4.369202360976487398e-05
4.359270678833127022e-05
4.349090158939361572e-05
4.339403676567599177e-05
4.333182732807472348e-05
4.325173722463659942e-05
4.319850995671004057e-05
4.314803663874045014e-05
4.309800715418532491e-05
4.304890899220481515e-05
4.300157888792455196e-05
4.292104131309315562e-05
4.283761518308892846e-05
4.266978430678136647e-05
4.252156213624402881e-05
4.239083500578999519e-05
4.215623994241468608e-05
4.199512477498501539e-05
4.184649878880009055e-05
4.167640145169571042e-05
4.169470776105299592e-05
4.161834658589214087e-05
4.151812754571437836e-05
4.139774682698771358e-05
4.125563282286748290e-05
4.107012500753626227e-05
4.094876203453168273e-05
4.089833237230777740e-05
4.087991692358627915e-05
4.084636384504847229e-05
4.075258402735926211e-05
4.069419082952663302e-05
4.060682840645313263e-05
4.057435944559983909e-05
4.051266296301037073e-05
4.048657137900590897e-05
4.046141111757606268e-05
4.041448846692219377e-05
4.033229197375476360e-05
4.037930921185761690e-05
4.029976116726174951e-05
4.023391738883219659e-05
4.018984327558428049e-05
4.014809383079409599e-05
4.006958261015824974e-05
4.007908137282356620e-05
4.003572394140064716e-05
3.999597902293317020e-05
3.995007500634528697e-05
3.990895493188872933e-05
3.988708340330049396e-05
3.983328497270122170e-05
3.981380723416805267e-05
3.978033782914280891e-05
3.974074934376403689e-05
3.961742913816124201e-05
3.955515421694144607e-05
3.948984885937534273e-05
3.944370837416499853e-05
3.939614180126227438e-05
3.930938692064955831e-05
3.922625910490751266e-05
3.918100264854729176e-05
3.914039189112372696e-05
3.911248859367333353e-05
3.907897917088121176e-05
3.905722405761480331e-05
3.903303877450525761e-05
3.900531737599521875e-05
3.896484849974513054e-05
3.898675640812143683e-05
3.892328822985291481e-05
3.890381049131974578e-05
3.880058648064732552e-05
3.875421680277213454e-05
3.868769272230565548e-05
3.859506978187710047e-05
3.866243787342682481e-05
3.853961607092060149e-05
3.849246058962307870e-05
3.844159073196351528e-05
3.839725832222029567e-05
3.829620254691690207e-05
3.819050471065565944e-05
3.804174048127606511e-05
3.787106834352016449e-05
3.779614053200930357e-05
3.765361179830506444e-05
3.754251156351529062e-05
3.727892544702626765e-05
3.711545286932960153e-05
3.697978172567673028e-05
3.701723835547454655e-05
3.692765312734991312e-05
3.685598858282901347e-05
3.677036875160411000e-05
3.669637590064667165e-05
3.660275979200378060e-05
3.650636426755227149e-05
3.638258203864097595e-05
3.625785757321864367e-05
3.622015719884075224e-05
3.608475162764079869e-05
3.602245124056935310e-05
3.591401764424517751e-05
3.585698141250759363e-05
3.579711483325809240e-05
3.571337219909764826e-05
3.562912024790421128e-05
3.554796057869680226e-05
3.545087747625075281e-05
3.537511656759306788e-05
3.563874997780658305e-05
3.534318966558203101e-05
3.524385829223319888e-05
3.512109833536669612e-05
3.501274113659746945e-05
3.490004382911138237e-05
3.480885061435401440e-05
3.468722934485413134e-05
3.455406840657815337e-05
3.531489710439927876e-05
3.446291520958766341e-05
3.429494972806423903e-05
3.410644058021716774e-05
3.395815656404010952e-05
3.384446608833968639e-05
3.376159293111413717e-05
3.361041308380663395e-05
3.348449536133557558e-05
3.338521491969004273e-05
3.328864841023460031e-05
3.320285759400576353e-05
3.310675674583762884e-05
3.300494427094236016e-05
3.293628833489492536e-05
3.286062565166503191e-05
3.280035889474675059e-05
3.269066291977651417e-05
3.260496305301785469e-05
3.250646113883703947e-05
3.240485602873377502e-05
3.227071647415868938e-05
3.220644430257380009e-05
3.247197309974581003e-05
3.217967605451121926e-05
3.210905924788676202e-05
3.208070847904309630e-05
3.201668732799589634e-05
3.206832479918375611e-05
3.199123966624028981e-05
3.196559555362910032e-05
3.193611701135523617e-05
3.191828000126406550e-05
3.187301626894623041e-05
3.189194103470072150e-05
3.185543391737155616e-05
3.181890497216954827e-05
3.177816324750892818e-05
3.173481673002243042e-05
3.168881812598556280e-05
3.164506415487267077e-05
3.164988447679206729e-05
3.161800123052671552e-05
3.158525942126289010e-05
3.151413693558424711e-05
3.145901428069919348e-05
3.135167935397475958e-05
3.133406062261201441e-05
3.129722244921140373e-05
3.128804382868111134e-05
3.127577656414359808e-05
3.125879447907209396e-05
3.123853821307420731e-05
3.138556712656281888e-05
3.123346687061712146e-05
3.122127236565575004e-05
3.119501707260496914e-05
3.116583684459328651e-05
3.123559508821927011e-05
3.114416176686063409e-05
3.111804835498332977e-05
3.106043732259422541e-05
3.101425681961700320e-05
3.093210762017406523e-05
3.083480260102078319e-05
3.066989302169531584e-05
3.070249658776447177e-05
3.058368747588247061e-05
3.046994606847874820e-05
3.040832234546542168e-05
3.035598638234660029e-05
3.033235589100513607e-05
3.025632395292632282e-05
3.023280623892787844e-05
3.019954056071583182e-05
3.015279617102351040e-05
3.009669489983934909e-05
3.005640246556140482e-05
2.991990368172992021e-05
2.986462641274556518e-05
2.976854739245027304e-05
2.967434193124063313e-05
2.969477645820006728e-05
2.961058635264635086e-05
2.952656905108597130e-05
2.942564969998784363e-05
2.933065843535587192e-05
2.933868381660431623e-05
2.926398701674770564e-05
2.914341894211247563e-05
2.905828114307951182e-05
2.899930041166953743e-05
2.894167118938639760e-05
2.890872929128818214e-05
2.884270361391827464e-05
2.879203566408250481e-05
2.875652717193588614e-05
2.870395474019460380e-05
2.865989154088310897e-05
2.863717600121162832e-05
2.861756183847319335e-05
2.859374217223376036e-05
2.856961145880632102e-05
2.853042497008573264e-05
2.849733573384582996e-05
2.843313995981588960e-05
2.840096203726716340e-05
2.837022839230485260e-05
2.834770202753134072e-05
2.831085294019430876e-05
2.826569107128307223e-05
2.822142778313718736e-05
2.819983274093829095e-05
2.817011227307375520e-05
2.814247272908687592e-05
2.816372216329909861e-05
2.811597187246661633e-05
2.805462645483203232e-05
2.801777191052678972e-05
2.798579225782305002e-05
2.796126864268444479e-05
2.790638063743244857e-05
2.784024400170892477e-05
2.776101791823748499e-05
2.770471110125072300e-05
2.760622919595334679e-05
2.757125184871256351e-05
2.755036621238104999e-05
2.749096347542945296e-05
2.746014615695457906e-05
2.740423769864719361e-05
2.732101711444556713e-05
2.724029400269500911e-05
2.716224116738885641e-05
2.706773193494882435e-05
2.698496427910868078e-05
2.692478119570296258e-05
2.689234133868012577e-05
2.689550274226348847e-05
2.688194945221766829e-05
2.686665720830205828e-05
2.683825186977628618e-05
2.681846308405511081e-05
2.679434328456409276e-05
2.676818621694110334e-05
2.674223105714190751e-05
2.669282184797339141e-05
2.666060936462599784e-05
2.660755853867158294e-05
2.658264384081121534e-05
2.652461989782750607e-05
2.646597204147838056e-05
2.642794788698665798e-05
2.638894147821702063e-05
2.635025157360360026e-05
2.629231312312185764e-05
2.624229455250315368e-05
2.620659506646916270e-05
2.616527490317821503e-05
2.633022086229175329e-05
2.614807090139947832e-05
2.609794319141656160e-05
2.603708162496332079e-05
2.598334867798257619e-05
2.595186379039660096e-05
2.590332587715238333e-05
2.587185190350282937e-05
2.584023968665860593e-05
2.580017462605610490e-05
2.576181395852472633e-05
2.584348658274393529e-05
2.574389873188920319e-05
2.571350341895595193e-05
2.567203955550212413e-05
2.563963062129914761e-05
2.558805135777220130e-05
2.552409205236472189e-05
2.551311445131432265e-05
2.544941889937035739e-05
2.543217851780354977e-05
2.541633148211985826e-05
2.539486922614742070e-05
2.539950219215825200e-05
2.537389445933513343e-05
2.532271173549816012e-05
2.528608092688955367e-05
2.522170871088746935e-05
2.517586653993930668e-05
2.511903221602551639e-05
2.496641718607861549e-05
2.486360426701139659e-05
2.476305962773039937e-05
2.470091021677944809e-05
2.463547934894450009e-05
2.457150549162179232e-05
2.450573265377897769e-05
2.448745362926274538e-05
2.442889308440499008e-05
2.439550553390290588e-05
2.435570604575332254e-05
2.430613130854908377e-05
2.432768815197050571e-05
2.427219442324712873e-05
2.421883982606232166e-05
2.416266033833380789e-05
2.412233152426779270e-05
2.410808701824862510e-05
2.404602491878904402e-05
2.400100311206188053e-05
2.392257010797038674e-05
2.385165862506255507e-05
2.389540713920723647e-05
2.382506499998271465e-05
2.376974953222088516e-05
2.368393325014039874e-05
2.364492866036016494e-05
2.358919846301432699e-05
2.351719922444317490e-05
2.343152846151497215e-05
2.347871122765354812e-05
2.337584919587243348e-05
2.329180824744980782e-05
2.319916893611662090e-05
2.314045195817016065e-05
2.305843190697487444e-05
2.300181586178950965e-05
2.291177770530339330e-05
2.286850576638244092e-05
2.283980575157329440e-05
2.279858017573133111e-05
2.275405677210073918e-05
2.272076017106883228e-05
2.266903902636840940e-05
2.263823989778757095e-05
2.261500958411488682e-05
2.259023858641739935e-05
2.254927312606014311e-05
2.251008118037134409e-05
2.248047894681803882e-05
2.244720963062718511e-05
2.241546098957769573e-05
2.237267290183808655e-05
2.233156010333914310e-05
2.227968434453941882e-05
2.224976378784049302e-05
2.215564927610103041e-05
2.213378684245981276e-05
2.207152465416584164e-05
2.205286182288546115e-05
2.203191070293541998e-05
2.200146263930946589e-05
2.207486249972134829e-05
2.198621223215013742e-05
2.195942033722531050e-05
2.192605825257487595e-05
2.190574014093726873e-05
2.187773861805908382e-05
2.183519427489954978e-05
2.180487899750005454e-05
2.178502836613915861e-05
2.174508335883729160e-05
2.169829167542047799e-05
2.168191167584154755e-05
2.161780685128178447e-05
2.158807546948082745e-05
2.157179005735088140e-05
2.155075890186708421e-05
2.150608452211599797e-05
2.149407009710557759e-05
2.144143581972457469e-05
2.141104050679132342e-05
2.135199974873103201e-05
2.126961408066563308e-05
2.149924330296926200e-05
2.121044599334709346e-05
2.111876165145076811e-05
2.097504875564482063e-05
2.085868254653178155e-05
2.072682400466874242e-05
2.058531208604108542e-05
2.060690167127177119e-05
2.056044104392640293e-05
2.051885348919313401e-05
2.046847293968312442e-05
2.040061553998384625e-05
2.034637691394891590e-05
2.028593007707968354e-05
2.024024433922022581e-05
2.020208739850204438e-05
2.015116115217097104e-05
2.009056697716005147e-05
2.028036396950483322e-05
2.006267823162488639e-05
2.001458415179513395e-05
1.993530349864158779e-05
1.990637611015699804e-05
1.987748510146047920e-05
1.982917819987051189e-05
1.980724300665315241e-05
1.976848761842120439e-05
1.970449739019386470e-05
1.961635825864505023e-05
1.961120142368599772e-05
1.957494714588392526e-05
1.949701618286781013e-05
1.943177267094142735e-05
1.936227454280015081e-05
1.927808443724643439e-05
1.919127680594101548e-05
1.907573641801718622e-05
1.900047027447726578e-05
1.895513014460448176e-05
1.893022999865934253e-05
1.891350439109373838e-05
1.889323175419121981e-05
1.887070175143890083e-05
1.884274206531699747e-05
1.880648778751492500e-05
1.876441274362150580e-05
1.873247674666345119e-05
1.869184052338823676e-05
1.864604564616456628e-05
1.857928145909681916e-05
1.848457395681180060e-05
1.843447353166993707e-05
1.836968658608384430e-05
1.872348002507351339e-05
1.832847192417830229e-05
1.825893195928074419e-05
1.814646566344890743e-05
1.809097011573612690e-05
1.794370109564624727e-05
1.777957550075370818e-05
1.758329017320647836e-05
1.741906999086495489e-05
1.724809590086806566e-05
1.716154292807914317e-05
1.711088043521158397e-05
1.705837712506763637e-05
1.702019108051899821e-05
1.697396692179609090e-05
1.693452031759079546e-05
1.688932206889148802e-05
1.682163019722793251e-05
1.683829577814321965e-05
1.678999797150027007e-05
1.673912265687249601e-05
1.671887912380043417e-05
1.670804158493410796e-05
1.668132608756422997e-05
1.666068055783398449e-05
1.663155126152560115e-05
1.661349597270600498e-05
1.656250606174580753e-05
1.660243287915363908e-05
1.652538048801943660e-05
1.645205338718369603e-05
1.638223329791799188e-05
1.649467048991937190e-05
1.635152875678613782e-05
1.630660699447616935e-05
1.625523691473063082e-05
1.619381509954109788e-05
1.615556175238452852e-05
1.607924059499055147e-05
1.604998396942391992e-05
1.602461270522326231e-05
1.599438473931513727e-05
1.593395245436113328e-05
1.586341386428102851e-05
1.579782110638916492e-05
1.573517147335223854e-05
1.561626231705304235e-05
1.548094587633386254e-05
1.526315099908970296e-05
1.524735489510931075e-05
1.516276643087621778e-05
1.510202673671301454e-05
1.503713247075211257e-05
1.499861355114262551e-05
1.492500996391754597e-05
1.487139707023743540e-05
1.488799625803949311e-05
1.482200059399474412e-05
1.478701688029104844e-05
1.473281736252829432e-05
1.469191920477896929e-05
1.465221521357307211e-05
1.459698705730261281e-05
1.456216523365583271e-05
1.449962019250961021e-05
1.452297692594584078e-05
1.447200793336378410e-05
1.443338260287418962e-05
1.437613900634460151e-05
1.431741839041933417e-05
1.428891300747636706e-05
1.431089822290232405e-05
1.427268034603912383e-05
1.426095604983856902e-05
1.425283517164643854e-05
1.422981858922867104e-05
1.418650026607792825e-05
1.428992163710063323e-05
1.416865598002914339e-05
1.412278470525052398e-05
1.405552575306501240e-05
1.400421388098038733e-05
1.519110264780465513e-05
1.398737822455586866e-05
1.394975333823822439e-05
1.392117519571911544e-05
1.390107354382053018e-05
1.386721305607352406e-05
1.379299737891415134e-05
1.374720613966928795e-05
1.365520347462734208e-05
1.364631680189631879e-05
1.360367605229839683e-05
1.359507405140902847e-05
1.358392546535469592e-05
1.356808661512332037e-05
1.355926178803201765e-05
1.355126732960343361e-05
1.354625055682845414e-05
1.353889001620700583e-05
1.354234973405255005e-05
1.353385232505388558e-05
1.352296931145247072e-05
1.351126866211416200e-05
1.350154616375220940e-05
1.348634123132796958e-05
1.345338205283042043e-05
1.341860297543462366e-05
1.336214700131677091e-05
1.332477586402092129e-05
1.329674341832287610e-05
1.328735379502177238e-05
1.327442350884666666e-05
1.326066376350354403e-05
1.325385073869256303e-05
1.325053017353639007e-05
1.324326967733213678e-05
1.323452670476399362e-05
1.322860225627664477e-05
1.322064872510964051e-05
1.321466334047727287e-05
1.319832972512813285e-05
1.318475187872536480e-05
1.317215537710580975e-05
1.315482222707942128e-05
1.314034125243779272e-05
1.311245523538673297e-05
1.309516665060073137e-05
1.307596812694100663e-05
1.305949808738660067e-05
1.303186581935733557e-05
1.304683610214851797e-05
1.302134205616312101e-05
1.300742769672069699e-05
1.299410359933972359e-05
1.297717244597151875e-05
1.295950369240017608e-05
1.298730421694926918e-05
1.294906269322382286e-05
1.292638444283511490e-05
1.289193642151076347e-05
1.285020880459342152e-05
1.282317771256202832e-05
1.280685046367580071e-05
1.279475327464751899e-05
1.277778119401773438e-05
1.278434865525923669e-05
1.276607054023770615e-05
1.274281476071337238e-05
1.272912413696758449e-05
1.271076689590699971e-05
1.269589483854360878e-05
1.269288623007014394e-05
1.267188872589031234e-05
1.266438539460068569e-05
1.265372611669590697e-05
1.263935155293438584e-05
1.261803936358774081e-05
1.259719465451780707e-05
1.257757594430586323e-05
1.255507777386810631e-05
1.253258415090385824e-05
1.249453271157108247e-05
1.263060676137683913e-05
1.248377157025970519e-05
1.244654777110554278e-05
1.241218069480964914e-05
1.238213553733658046e-05
1.236474781762808561e-05
1.235041054314933717e-05
1.234212140843737870e-05
1.233832608704688028e-05
1.233355033036787063e-05
1.232255544891813770e-05
1.230536599905462936e-05
1.228035034728236496e-05
1.228056135005317628e-05
1.226849508384475484e-05
1.225383039127336815e-05
1.224397419719025493e-05
1.223247272719163448e-05
1.222220726049272344e-05
1.220087142428383231e-05
1.222252831212244928e-05
1.219539990415796638e-05
1.218181023432407528e-05
1.216833607031730935e-05
1.215550037159118801e-05
1.214186977449571714e-05
1.214914482261519879e-05
1.213655377796385437e-05
1.212767529068514705e-05
1.211715789395384490e-05
1.210981190524762496e-05
1.209860511153237894e-05
1.208424328069668263e-05
1.206406068376963958e-05
1.204300497192889452e-05
1.201959821628406644e-05
1.199964026454836130e-05
1.199258076667319983e-05
1.198013706016354263e-05
1.197279289044672623e-05
1.196748144138837233e-05
1.196218909171875566e-05
1.195685217680875212e-05
1.194902779388939962e-05
1.193618118122685701e-05
1.192514810099964961e-05
1.192545005324063823e-05
1.192008949146838859e-05
1.190987404697807506e-05
1.190168950415682048e-05
1.188183159683831036e-05
1.186333338409895077e-05
1.186329791380558163e-05
1.185256132885115221e-05
1.183823405881412327e-05
1.183083440992049873e-05
1.181826974061550573e-05
1.180157960334327072e-05
1.179544506157981232e-05
1.178012280433904380e-05
1.177380181616172194e-05
1.175492798211053014e-05
1.174039061879739165e-05
1.172413340100320056e-05
1.171085750684142113e-05
1.168162089015822858e-05
1.165872981800930575e-05
1.162331136583816260e-05
1.167895516118733212e-05
1.160925603471696377e-05
1.158998020400758833e-05
1.156901907961582765e-05
1.158341729023959488e-05
1.156000234914245084e-05
1.154587152996100485e-05
1.149448962678434327e-05
1.147508737631142139e-05
1.144330144597915933e-05
1.146511749539058656e-05
1.143357167165959254e-05
1.142009477916872129e-05
1.139432242780458182e-05
1.136470018536783755e-05
1.132095439970726147e-05
1.156526741397101432e-05
1.130553209804929793e-05
1.123867241403786466e-05
1.116818566515576094e-05
1.110005359805654734e-05
1.106587842514272779e-05
1.103335671359673142e-05
1.101347879739478230e-05
1.099612654797965661e-05
1.098046413972042501e-05
1.095551670005079359e-05
1.092873571906238794e-05
1.090070327336434275e-05
1.089040688384557143e-05
1.087374585040379316e-05
1.086216343537671492e-05
1.083710139937466010e-05
1.082224298443179578e-05
1.079648336599348113e-05
1.085889562091324478e-05
1.078766308637568727e-05
1.076468197425128892e-05
1.074360716302180663e-05
1.073065595846856013e-05
1.071655970008578151e-05
1.069200152414850891e-05
1.071991664503002539e-05
1.067054108716547489e-05
1.064485331880860031e-05
1.059442820405820385e-05
1.054232416208833456e-05
1.071710175892803818e-05
1.051268372975755483e-05
1.045004682964645326e-05
1.040737697621807456e-05
1.038720529322745278e-05
1.037912443280220032e-05
1.035208970279200003e-05
1.034407523547997698e-05
1.033777425618609414e-05
1.032711406878661364e-05
1.031091233016923070e-05
1.031627289194148034e-05
1.030391922540729865e-05
1.029209852276835591e-05
1.028455517371185124e-05
1.028045880957506597e-05
1.027497182803926989e-05
1.026719746732851490e-05
1.028442875394830480e-05
1.026303743856260553e-05
1.025147685140836984e-05
1.023968707158928737e-05
1.023004006128758192e-05
1.022351898427587003e-05
1.021469142870046198e-05
1.020778472593519837e-05
1.019923183775972575e-05
1.019261617329902947e-05
1.018603506963700056e-05
1.017879458231618628e-05
1.017261820379644632e-05
1.016853366309078410e-05
1.015950783767038956e-05
1.014941972243832424e-05
1.035739205690333620e-05
1.014725421555340290e-05
1.013824567053234205e-05
1.013047403830569237e-05
1.011501080938614905e-05
1.009910010907333344e-05
1.008880826702807099e-05
1.007602350000524893e-05
1.006382171908626333e-05
1.005420381261501461e-05
1.003834313451079652e-05
1.003680154099129140e-05
1.002331464405870065e-05
1.000948941509705037e-05
1.000048359856009483e-05
9.979805327020585537e-06
9.964453965949360281e-06
9.996505468734540045e-06
9.957639122148975730e-06
9.942608812707476318e-06
9.928402505465783179e-06
9.916776434693019837e-06
9.899511496769264340e-06
9.900893019221257418e-06
9.885585313895717263e-06
9.869356290437281132e-06
9.861025318969041109e-06
9.848463378148153424e-06
9.840219718171283603e-06
9.832891009864397347e-06
9.826510904531460255e-06
9.813502401812002063e-06
9.792043783818371594e-06
9.792974196898285300e-06
9.779603715287521482e-06
9.755025530466809869e-06
9.740702807903289795e-06
9.719897207105532289e-06
9.714651241665706038e-06
9.688567843113560230e-06
9.678929018264170736e-06
9.675532055553048849e-06
9.669176506577059627e-06
9.663555829320102930e-06
9.657482223701663315e-06
9.649061212257947773e-06
9.632934052206110209e-06
9.612245776224881411e-06
9.595107258064672351e-06
9.568903806211892515e-06
9.551930816087406129e-06
9.540705832478124648e-06
9.529012459097430110e-06
9.515100828139111400e-06
9.501623935648240149e-06
9.491856872045900673e-06
9.489493095315992832e-06
9.483279427513480186e-06
9.481267625233158469e-06
9.474393664277158678e-06
9.466062692808918655e-06
9.458064596401527524e-06
9.450815014133695513e-06
9.440303983865305781e-06
9.425946700503118336e-06
9.415421118319500238e-06
9.403330295754130930e-06
9.397923349752090871e-06
9.389312253915704787e-06
9.410621714778244495e-06
9.379391485708765686e-06
9.366764970764052123e-06
9.351132575829979032e-06
9.338231393485330045e-06
9.320736353402025998e-06
9.312696420238353312e-06
9.290182788390666246e-06
9.273162504541687667e-06
9.253937605535611510e-06
9.232549928128719330e-06
9.200683052767999470e-06
9.393817890668287873e-06
9.193510777549818158e-06
9.168497854261659086e-06
9.156048690783791244e-06
9.145169315161183476e-06
9.137796951108612120e-06
9.132134437095373869e-06
9.123395102506037802e-06
9.105475328397005796e-06
9.147117452812381089e-06
9.096531357499770820e-06
9.081390089704655111e-06
9.067156497621908784e-06
9.054205293068662286e-06
9.039411452249623835e-06
9.024812243296764791e-06
9.001752005133312196e-06
8.975376658781897277e-06
8.975260243460070342e-06
8.957811587606556714e-06
8.923521818360313773e-06
8.905084541765972972e-06
8.879937013261951506e-06
8.857407920004334301e-06
8.848128345562145114e-06
8.814543434709776193e-06
8.806895493762567639e-06
8.798560884315520525e-06
8.791066647972911596e-06
8.778717528912238777e-06
8.766111932345665991e-06
8.751458153710700572e-06
8.746595995035022497e-06
8.718240678717847914e-06
8.698134479345753789e-06
8.673215234011877328e-06
8.656593308842275292e-06
8.635492122266441584e-06
8.643821274745278060e-06
8.626225280750077218e-06
8.613474165031220764e-06
8.596992302045691758e-06
8.581118891015648842e-06
8.568911653128452599e-06
8.563592018617782742e-06
8.557923138141632080e-06
8.551014616386964917e-06
8.542235264030750841e-06
8.533094842277932912e-06
8.528486432624049485e-06
8.525625162292271852e-06
8.523488759237807244e-06
8.517446985933929682e-06
8.511427949997596443e-06
8.504714060109108686e-06
8.494253052049316466e-06
8.488666935591027141e-06
8.477626579406205565e-06
8.469451131531968713e-06
8.461653123958967626e-06
8.457627700408920646e-06
8.454116141365375370e-06
8.446389983873814344e-06
8.441264981229323894e-06
8.431887181359343231e-06
8.425736268691252917e-06
8.419658115599304438e-06
8.414775948040187359e-06
8.406394954363349825e-06
8.402917956118471920e-06
8.384835382457822561e-06
8.375392098969314247e-06
8.362429070984944701e-06
8.358607374248094857e-06
8.347878065251279622e-06
8.340181011590175331e-06
8.333654477610252798e-06
8.326747774844989181e-06
8.316208550240844488e-06
8.309412805829197168e-06
8.296715350297745317e-06
8.288185199489817023e-06
8.281728696601931006e-06
8.270479156635701656e-06
8.260128197434823960e-06
8.254942258645314723e-06
8.251592589658685029e-06
8.246931429312098771e-06
8.239569979195948690e-06
8.234261258621700108e-06
8.229107152146752924e-06
8.222608812502585351e-06
8.211152817239053547e-06
8.199710464396048337e-06
8.188579158741049469e-06
8.180828444892540574e-06
8.175390576070640236e-06
8.168297426891513169e-06
8.159362550941295922e-06
8.151881047524511814e-06
8.144558705680537969e-06
8.138188604789320379e-06
8.134607014653738588e-06
8.127269211399834603e-06
8.133460141834802926e-06
8.123898624035064131e-06
8.118202458717860281e-06
8.112565410556271672e-06
8.109486770990770310e-06
8.103761501843109727e-06
8.094737495412118733e-06
8.083474313025362790e-06
8.071002412179950625e-06
8.074526704149320722e-06
8.064860594458878040e-06
8.057155355345457792e-06
8.045316462812479585e-06
8.029637683648616076e-06
8.024968337849713862e-06
8.015305866138078272e-06
8.011400495888665318e-06
8.006602911336813122e-06
7.999078661669045687e-06
7.992181053850799799e-06
7.986270247783977538e-06
7.977878340170718729e-06
7.968817953951656818e-06
7.957918569445610046e-06
7.947046469780616462e-06
7.936399015306960791e-06
7.923319572000764310e-06
7.908079169283155352e-06
7.893497240729629993e-06
7.877206371631473303e-06
7.870787158026359975e-06
7.845630534575320780e-06
7.831196853658184409e-06
7.821939107088837773e-06
7.855149306124076247e-06
7.818281119398307055e-06
7.814947821316309273e-06
7.808034752088133246e-06
7.802646905474830419e-06
7.794020348228514194e-06
7.808300324541050941e-06
7.790762538206763566e-06
7.785821253492031246e-06
7.780131454637739807e-06
7.773200195515528321e-06
7.762616405670996755e-06
7.749040378257632256e-06
7.737769010418560356e-06
7.723958333372138441e-06
7.709760211582761258e-06
7.699237357883248478e-06
7.693466614000499249e-06
7.693592124269343913e-06
7.684859156142920256e-06
7.680345333938021213e-06
7.677016583329532295e-06
7.671107596252113581e-06
7.665470548090524971e-06
7.661767085664905608e-06
7.657631613255944103e-06
7.651700798305682838e-06
7.645790901733562350e-06
7.630426807736512274e-06
7.612680292368168011e-06
7.601163360959617421e-06
7.592800102429464459e-06
7.589492270199116319e-06
7.586666470160707831e-06
7.583337719552218914e-06
7.576752068416681141e-06
7.569098670501261950e-06
7.562916835013311356e-06
7.558045581390615553e-06
7.554633157269563526e-06
7.546851520601194352e-06
7.540037586295511574e-06
7.531978553743101656e-06
7.528777132392860949e-06
7.522123269154690206e-06
7.516408004448749125e-06
7.511255716963205487e-06
7.506621841457672417e-06
7.501525033148936927e-06
7.494416422559879720e-06
7.489868039556313306e-06
7.481538887077476829e-06
7.492478289350401610e-06
7.478596216969890520e-06
7.473727237083949149e-06
7.470212040061596781e-06
7.464223926945123821e-06
7.540839760622475296e-06
7.462028406735043973e-06
7.458306299668038264e-06
7.447972166119143367e-06
7.444416041835211217e-06
7.442191417794674635e-06
7.438749889843165874e-06
7.435797670041210949e-06
7.431818630720954388e-06
7.426177035085856915e-06
7.451110377587610856e-06
7.424012437695637345e-06
7.417593224090524018e-06
7.412103968817973509e-06
7.404643838526681066e-06
7.396344699373003095e-06
7.407872544717974961e-06
7.391844064841279760e-06
7.381739123957231641e-06
7.372123491222737357e-06
7.366892987192841247e-06
7.362905762420268729e-06
7.355308298429008573e-06
7.345868652919307351e-06
7.342845037783263251e-06
7.331149845413165167e-06
7.325318165385397151e-06
7.319816177187021822e-06
7.305891813302878290e-06
7.301086043298710138e-06
7.293429007404483855e-06
7.288538654393050820e-06
7.283409559022402391e-06
7.271482900250703096e-06
7.257192010001745075e-06
7.239460956043330953e-06
7.222724889288656414e-06
7.207548605947522447e-06
7.195927537395618856e-06
7.180669399531325325e-06
7.226012257888214663e-06
7.175851351348683238e-06
7.166740033426322043e-06
7.132118298613931984e-06
7.119326255633495748e-06
7.109534635674208403e-06
7.105270924512296915e-06
7.098063179000746459e-06
7.092966370692010969e-06
7.087533049343619496e-06
7.077850568748544902e-06
7.065675163175910711e-06
7.081158400978893042e-06
7.060923508106498048e-06
7.056144568196032196e-06
7.052964974718634039e-06
7.051111424516420811e-06
7.046740392979700118e-06
7.049314717733068392e-06
7.043621735647320747e-06
7.038954208837822080e-06
7.029212611087132245e-06
7.026648290775483474e-06
7.022238150966586545e-06
7.017679763521300629e-06
7.014548373263096437e-06
7.009288765402743593e-06
7.006015039223711938e-06
7.002399797784164548e-06
7.000539881119038910e-06
6.996925549174193293e-06
6.994686373218428344e-06
6.993013812461867929e-06
6.989984285610262305e-06
6.985218078625621274e-06
6.984938863752176985e-06
6.981430487940087914e-06
6.976404165470739827e-06
6.971534730837447569e-06
6.967885383346583694e-06
6.964257408981211483e-06
6.959056918276473880e-06
6.955644948902772740e-06
6.950707756914198399e-06
6.947913789190351963e-06
6.942987056390848011e-06
6.936919817235320807e-06
6.931329153303522617e-06
6.926411515451036394e-06
6.922075044712983072e-06
6.916992788319475949e-06
6.913368451932910830e-06
6.910374850122025236e-06
6.907316674187313765e-06
6.905440386617556214e-06
6.903795565449399874e-06
6.902602308400673792e-06
6.901347660459578037e-06
6.900318112457171082e-06
6.896882950968574733e-06
6.895645128679461777e-06
6.891714747325750068e-06
6.886608389322645962e-06
6.882235084049170837e-06
6.875453891552751884e-06
6.868009222671389580e-06
6.875616691104369238e-06
6.865887826279504225e-06
6.862620466563384980e-06
6.860363100713584572e-06
6.857679181848652661e-06
6.854277671664021909e-06
6.853722879895940423e-06
6.848629709566012025e-06
6.843039955128915608e-06
6.838188710389658809e-06
6.831387509009800851e-06
6.845973985036835074e-06
6.828248388046631590e-06
6.822339400969212875e-06
6.828499863331671804e-06
6.820454473199788481e-06
6.816535460529848933e-06
6.811254934291355312e-06
6.808393663959577680e-06
6.804062650189734995e-06
6.818149813625495881e-06
6.803097221563803032e-06
6.799238690291531384e-06
6.794877208449179307e-06
6.790896804886870086e-06
6.791414307372178882e-06
6.789435701648471877e-06
6.786557605664711446e-06
6.781807314837351441e-06
6.778599527024198323e-06
6.774855137336999178e-06
6.770404525013873354e-06
6.764696991012897342e-06
6.763859801139915362e-06
6.757520168321207166e-06
6.754433343303389847e-06
6.751380169589538127e-06
6.748495252395514399e-06
6.746539838786702603e-06
6.742408913851249963e-06
6.739574473613174632e-06
6.737084277119720355e-06
6.733145710313692689e-06
6.723946171405259520e-06
6.757250048394780606e-06
6.720537385263014585e-06
6.709870831400621682e-06
6.700347057631006464e-06
6.692395800200756639e-06
6.719757038808893412e-06
6.689308065688237548e-06
6.685173502773977816e-06
6.676399152638623491e-06
6.669202321063494310e-06
6.661044608335942030e-06
6.653795935562811792e-06
6.646417659794678912e-06
6.640632818744052202e-06
6.633565135416574776e-06
6.649584975093603134e-06
6.630333700741175562e-06
6.621988177357707173e-06
6.616641258005984128e-06
6.612947800022084266e-06
6.609926458622794598e-06
6.607378963963128626e-06
6.600726919714361429e-06
6.596315870410762727e-06
6.589828899450367317e-06
6.590978955500759184e-06
6.586231393157504499e-06
6.581239176739472896e-06
6.577360181836411357e-06
6.584490620298311114e-06
6.576373380084987730e-06
6.573809969268040732e-06
6.571477570105344057e-06
6.567721356987021863e-06
6.564934210473438725e-06
6.560932888532988727e-06
6.558134828082984313e-06
6.553068942594109103e-06
6.548139026563148946e-06
6.540125468745827675e-06
6.535024112963583320e-06
6.524953278130851686e-06
6.513456355605740100e-06
6.502330052171600983e-06
6.478596333181485534e-06
6.451160516007803380e-06
6.437204319809097797e-06
6.419589226425159723e-06
6.411478352674748749e-06
6.406930879165884107e-06
6.397555807780008763e-06
6.385869710356928408e-06
6.389813279383815825e-06
6.378615580615587533e-06
6.370142727973870933e-06
6.360682164086028934e-06
6.345080691971816123e-06
6.336552814900642261e-06
6.312472123681800440e-06
6.305607712420169264e-06
6.299152573774335906e-06
6.294868853728985414e-06
6.298438165686093271e-06
6.290104010986397043e-06
6.284994015004485846e-06
6.278805358306271955e-06
6.271357051446102560e-06
6.261008820729330182e-06
6.244089490792248398e-06
6.256007964111631736e-06
6.237748493731487542e-06
6.227590347407385707e-06
6.222464435268193483e-06
6.235086857486749068e-06
6.221611329237930477e-06
6.218037924554664642e-06
6.213449523784220219e-06
6.204873443493852392e-06
6.194104571477510035e-06
6.206933903740718961e-06
6.189263331179972738e-06
6.181365279189776629e-06
6.174827376526081935e-06
6.171061613713391125e-06
6.158928499644389376e-06
6.146517534943995997e-06
6.138706339697819203e-06
6.134742761787492782e-06
6.141884568933164701e-06
6.133303031674586236e-06
6.129836037871427834e-06
6.127128926891600713e-06
6.123841558292042464e-06
6.140419827715959400e-06
6.121934347902424634e-06
6.117559223639545962e-06
6.110162757977377623e-06
6.104645763116423041e-06
6.097257482906570658e-06
6.086020675866166130e-06
6.085523182264296338e-06
6.080337243474787101e-06
6.072888027119915932e-06
6.066065452614566311e-06
6.056178335711592808e-06
6.043470420991070569e-06
6.023542027833173051e-06
6.037295406713383272e-06
6.013721304043428972e-06
6.000393568683648482e-06
5.990375029796268791e-06
5.982648872304707766e-06
6.038649189576972276e-06
5.980568857921753079e-06
5.974335181235801429e-06
5.970573511149268597e-06
5.966184744465863332e-06
5.958811016171239316e-06
5.946240889898035675e-06
5.937940841249655932e-06
5.924529432377312332e-06
5.918953775108093396e-06
5.922585842199623585e-06
5.915990641369717196e-06
5.912753749726107344e-06
5.907001650484744459e-06
5.901560143684037030e-06
5.896707989450078458e-06
5.893770321563351899e-06
5.889893145649693906e-06
5.885576683795079589e-06
5.878705451323185116e-06
5.870841050636954606e-06
5.865862476639449596e-06
5.858667918801074848e-06
5.840200174134224653e-06
5.823383617098443210e-06
5.808336027257610112e-06
5.800049621029756963e-06
5.788725502497982234e-06
5.778791091870516539e-06
5.766437425336334854e-06
5.760881322203204036e-06
5.745861926698125899e-06
5.740522283304017037e-06
5.733802026952616870e-06
5.727331426896853372e-06
5.715784936910495162e-06
5.701247573597356677e-06
5.717006843042327091e-06
5.694391347788041458e-06
5.676971795764984563e-06
5.662765488523291424e-06
5.656722350977361202e-06
5.641609277518000454e-06
5.635972229356411844e-06
5.627927748719230294e-06
5.617592705675633624e-06
5.604704711004160345e-06
5.602386863756692037e-06
5.588852218352258205e-06
5.583392976404866204e-06
5.578529453487135470e-06
5.573370799538679421e-06
5.727395091525977477e-06
5.572368536377325654e-06
5.567761945712845773e-06
5.563546892517479137e-06
5.558845259656663984e-06
5.553656592383049428e-06
5.546014108404051512e-06
5.535458512895274907e-06
5.525121196114923805e-06
5.516439159691799432e-06
5.499779945239424706e-06
5.521103048522491008e-06
5.493408025358803570e-06
5.479643732542172074e-06
5.468631570693105459e-06
5.459156454890035093e-06
5.447256626212038100e-06
5.439568667497951537e-06
5.436892024590633810e-06
5.433294973045121878e-06
5.432853413367411122e-06
5.431310000858502463e-06
5.428862095868680626e-06
5.430129931482952088e-06
5.427837095339782536e-06
5.424788923846790567e-06
5.422605681815184653e-06
5.418417913460871205e-06
5.414393854152876884e-06
5.411240636021830142e-06
5.408212473412277177e-06
5.405386218626517802e-06
5.400886493589496240e-06
5.394212621467886493e-06
5.388465979194734246e-06
5.385152235248824582e-06
5.382845301937777549e-06
5.380501988838659599e-06
5.378376954467967153e-06
5.374837655836017802e-06
5.372235136746894568e-06
5.367473931983113289e-06
5.365149718272732571e-06
5.361498551792465150e-06
5.356344445317517966e-06
5.353743290470447391e-06
5.349365437723463401e-06
5.343961220205528662e-06
5.335435162123758346e-06
5.330097337719053030e-06
5.320382115314714611e-06
5.365228844311786816e-06
5.317756404110696167e-06
5.312492248776834458e-06
5.308945219439920038e-06
5.305701961333397776e-06
5.302394129103049636e-06
5.300244083628058434e-06
5.297414190863491967e-06
5.294637048791628331e-06
5.290626177156809717e-06
5.286635769152780995e-06
5.283356586005538702e-06
5.279824108583852649e-06
5.277276613924186677e-06
5.270064320939127356e-06
5.262591912469360977e-06
5.270441761240363121e-06
5.258204055280657485e-06
5.257360044197412208e-06
5.252708888292545453e-06
5.251100446912460029e-06
5.249326477496651933e-06
5.246105502010323107e-06
5.250764388620154932e-06
5.244458861852763221e-06
5.240766313363565132e-06
5.237956429482437670e-06
5.233416231931187212e-06
5.232288458500988781e-06
5.224205779086332768e-06
5.219583272264571860e-06
5.214885277382563800e-06
5.211272764427121729e-06
5.207190042710863054e-06
5.200968189456034452e-06
5.197324753680732101e-06
5.192116077523678541e-06
5.193471679376671091e-06
5.189534476812696084e-06
5.183282610232708976e-06
5.176862941880244762e-06
5.164362846699077636e-06
5.152749963599490002e-06
5.156795850780326873e-06
5.147595402377191931e-06
5.141158908372744918e-06
5.135037099535111338e-06
5.126041287439875305e-06
5.112571670906618237e-06
5.093162144476082176e-06
5.073271950095659122e-06
5.056613190390635282e-06
5.041437361796852201e-06
5.026951839681714773e-06
5.018565389036666602e-06
5.014573616790585220e-06
5.008111656934488565e-06
5.003866135666612536e-06
5.000133569410536438e-06
4.993099537387024611e-06
4.987783540855161846e-06
4.981522124580806121e-06
4.986685780750121921e-06
4.978176093572983518e-06
4.970870577380992472e-06
4.966976575815351680e-06
4.959894795319996774e-06
4.951926712237764150e-06
4.944727152178529650e-06
4.938307029078714550e-06
4.934691787639167160e-06
4.925823304802179337e-06
4.918026661471230909e-06
4.911752512271050364e-06
4.906841240881476551e-06
4.903695298708043993e-06
4.900718977296492085e-06
4.890322543360525742e-06
4.885951966571155936e-06
4.881339009443763644e-06
4.873402758676093072e-06
4.917186743114143610e-06
4.871374585491139442e-06
4.864674338023178279e-06
4.855605311604449525e-06
4.849945071327965707e-06
4.844861905439756811e-06
4.842520866077393293e-06
4.837346295971656218e-06
4.837217147724004462e-06
4.835882009501801804e-06
4.833050297747831792e-06
4.831304977415129542e-06
4.829400950256967917e-06
4.827562861464684829e-06
4.824464667763095349e-06
4.822404662263579667e-06
4.817906756215961650e-06
4.811577127838972956e-06
4.821592028747545555e-06
4.808045105164637789e-06
4.803888714377535507e-06
4.800586339115398005e-06
4.798101599590154365e-06
4.793180778506211936e-06
4.788223577634198591e-06
4.783586064149858430e-06
4.782864380104001611e-06
4.776167315867496654e-06
4.771550266013946384e-06
4.764405275636818260e-06
4.754654128191759810e-06
4.744884790852665901e-06
4.734248705062782392e-06
4.728147359855938703e-06
4.723789061245042831e-06
4.720837750937789679e-06
4.717643150797812268e-06
4.715123395726550370e-06
4.712844202003907412e-06
4.708024789579212666e-06
4.700600584328640252e-06
4.693780738307395950e-06
4.688932222052244470e-06
4.685826752393040806e-06
4.683650786319049075e-06
4.679612629843177274e-06
4.676792741520330310e-06
4.673357125284383073e-06
4.669939244195120409e-06
4.664963398681720719e-06
4.659730620915070176e-06
4.657902536564506590e-06
4.655915290641132742e-06
4.654865733755286783e-06
4.653226824302691966e-06
4.651877134165260941e-06
4.649949914892204106e-06
4.648752110369969159e-06
4.647546120395418257e-06
4.646421984944026917e-06
4.644410182663705200e-06
4.643104148271959275e-06
4.641587565856752917e-06
4.639128746930509806e-06
4.637834990717237815e-06
4.633958269550930709e-06
4.654639724321896210e-06
4.632690433936659247e-06
4.628791430150158703e-06
4.624690518539864570e-06
4.620772870111977682e-06
4.617805643647443503e-06
4.621511379809817299e-06
4.615547368302941322e-06
4.613402779796160758e-06
4.610188170772744343e-06
4.607275968737667426e-06
4.602211902238195762e-06
4.599301973939873278e-06
4.597358383762184530e-06
4.594972324412083253e-06
4.594445272232405841e-06
4.591573087964206934e-06
4.590028765960596502e-06
4.587361218000296503e-06
4.583332156471442431e-06
4.606673428497742862e-06
4.581473604048369452e-06
4.577299932861933485e-06
4.572302259475691244e-06
4.569050815916853026e-06
4.563781658362131566e-06
4.556752173812128603e-06
4.548787728708703071e-06
4.541777343547437340e-06
4.537339918897487223e-06
4.535801963356789201e-06
4.532348611974157393e-06
4.528775207290891558e-06
4.524596079136244953e-06
4.520618858805391937e-06
4.516714852798031643e-06
4.514437023317441344e-06
4.510659891820978373e-06
4.507390713115455583e-06
4.503207946982001886e-06
4.502709089138079435e-06
4.499760052567580715e-06
4.494173481361940503e-06
4.490279025048948824e-06
4.487630121730035171e-06
4.483557859202846885e-06
4.479987183003686368e-06
4.499661372392438352e-06
4.478799382923170924e-06
4.475461082620313391e-06
4.472114142117789015e-06
4.468791303224861622e-06
4.466127393243368715e-06
4.463811819732654840e-06
4.460536729311570525e-06
4.457575869309948757e-06
4.450309916137484834e-06
4.448560048331273720e-06
4.445314061740646139e-06
4.443354555405676365e-06
4.441088094608858228e-06
4.438094492797972634e-06
4.445159447641344741e-06
4.437332790985237807e-06
4.435592018126044422e-06
4.434023594512837008e-06
4.432817604538286105e-06
4.431385605130344629e-06
4.428268766787368804e-06
4.423790414875838906e-06
4.419600372784771025e-06
4.416613137436797842e-06
4.414306204125750810e-06
4.412619091453962028e-06
4.407133928907569498e-06
4.401160367706324905e-06
4.394593361212173477e-06
4.390757567307446152e-06
4.384669409773778170e-06
4.379684924060711637e-06
4.376061951916199178e-06
4.372311195766087621e-06
4.365222139313118532e-06
4.360203547548735514e-06
4.353996700956486166e-06
4.350554263510275632e-06
4.347038611740572378e-06
4.344895387475844473e-06
4.341908606875222176e-06
4.337297013989882544e-06
4.334292498242575675e-06
4.331864602136192843e-06
4.329713647166499868e-06
4.324060228100279346e-06
4.337771315476857126e-06
4.322595486883074045e-06
4.318264927860582247e-06
4.315716978453565389e-06
4.312591045163571835e-06
4.307981726014986634e-06
4.301630724512506276e-06
4.296157840144587681e-06
4.291573077352950349e-06
4.287856427254155278e-06
4.284955139155499637e-06
4.281468136468902230e-06
4.279198947187978774e-06
4.275356332072988153e-06
4.278550932212965563e-06
4.273113518138416111e-06
4.268764769221888855e-06
4.262631591700483114e-06
4.257405635144095868e-06
4.249061930750031024e-06
4.276793788449140266e-06
4.244041519996244460e-06
4.234417247062083334e-06
4.225941211188910529e-06
4.226015335007105023e-06
4.223991709295660257e-06
4.221154995320830494e-06
4.218509729980723932e-06
4.207271103950915858e-06
4.193722816125955433e-06
4.178597919235471636e-06
4.169273779552895576e-06
4.165535756328608841e-06
4.163378889643354341e-06
4.160036951361689717e-06
4.154853741056285799e-06
4.151290340814739466e-06
4.146632363699609414e-06
4.141258614254184067e-06
4.136936695431359112e-06
4.132952653890242800e-06
4.127829470235155895e-06
4.124461611354490742e-06
4.122308382648043334e-06
4.119620371056953445e-06
4.116237960261059925e-06
4.114567673241253942e-06
4.113529485039180145e-06
4.113987870368873700e-06
4.113136583328014240e-06
4.112354417884489521e-06
4.110556346859084442e-06
4.108851953787961975e-06
4.106490450794808567e-06
4.102877937839366496e-06
4.099291345482924953e-06
4.095683834748342633e-06
4.091870323463808745e-06
4.085553882759995759e-06
4.080838152731303126e-06
4.071438524988479912e-06
4.074392563779838383e-06
4.067514055350329727e-06
4.060779701831052080e-06
4.048321443406166509e-06
4.046304638904985040e-06
4.040700332552660257e-06
4.038230144942644984e-06
4.034176072309492156e-06
4.030231593787902966e-06
4.027265276818070561e-06
4.026980604976415634e-06
4.025551334052579477e-06
4.024914233013987541e-06
4.023267138109076768e-06
4.021638687845552340e-06
4.020164851681329310e-06
4.018994332000147551e-06
4.017785613541491330e-06
4.015939339296892285e-06
4.013929356005974114e-06
4.010829798062331975e-06
4.007354618806857616e-06
4.003351932624354959e-06
3.998701231466839090e-06
3.997042767878156155e-06
3.994028702436480671e-06
3.992326583102112636e-06
3.990287950728088617e-06
3.988380740338470787e-06
3.989020115113817155e-06
3.987598574894946069e-06
3.986006049672141671e-06
3.984800969192292541e-06
3.983112947025801986e-06
3.980683231930015609e-06
3.995781753474147990e-06
3.979178018198581412e-06
3.976324023824417964e-06
3.973037564719561487e-06
3.968948021793039516e-06
3.963994458899833262e-06
3.956727141485316679e-06
3.960783942602574825e-06
3.951771304855355993e-06
3.944644049624912441e-06
3.934467713406775147e-06
3.930079401470720768e-06
3.929181730200070888e-06
3.921883489965694025e-06
3.919632945326156914e-06
3.916610694432165474e-06
3.914520675607491285e-06
3.911675321432994679e-06
3.909746737917885184e-06
3.907641257683280855e-06
3.905676294380100444e-06
3.904255208908580244e-06
3.901008312823250890e-06
3.899003786500543356e-06
3.891422693413915113e-06
3.890169409714872018e-06
3.883101726387394592e-06
3.879710675391834229e-06
3.874737558362539858e-06
3.865352482534945011e-06
3.880906206177314743e-06
3.860724063997622579e-06
3.852865120279602706e-06
3.849605491268448532e-06
3.846907020488288254e-06
3.850344000966288149e-06
3.845678747893543914e-06
3.843835656880401075e-06
3.841920261038467288e-06
3.841218585876049474e-06
3.839497367152944207e-06
3.836400537693407387e-06
3.835295956378104165e-06
3.831025878753280267e-06
3.827924956567585468e-06
3.825316525762900710e-06
3.822079634119290859e-06
3.818737695837626234e-06
3.815764557657530531e-06
3.811099077211110853e-06
3.806600489042466506e-06
3.804214657066040672e-06
3.801150114668416791e-06
3.797117415160755627e-06
3.794336635110084899e-06
3.790781420320854522e-06
3.787192326853983104e-06
3.790195023611886427e-06
3.785098215303150937e-06
3.782705789490137249e-06
3.778172413149150088e-06
3.773428488784702495e-06
3.768434680750942789e-06
3.762300821108510718e-06
3.758346338145202026e-06
3.752164957404602319e-06
3.748091558009036817e-06
3.744984496734105051e-06
3.742540229723090306e-06
3.741134833035175689e-06
3.738760369742522016e-06
3.736889766514650546e-06
3.734637175512034446e-06
3.735036443686112761e-06
3.733659923454979435e-06
3.732407094503287226e-06
3.730758180608972907e-06
3.728139290615217760e-06
3.724620000866707414e-06
3.719160758919315413e-06
3.715372713486431167e-06
3.710621740538044833e-06
3.708050371642457321e-06
3.705290509969927371e-06
3.702703452290734276e-06
3.700245770232868381e-06
3.697178271977463737e-06
3.693251983349910006e-06
3.689814548124559224e-06
3.686455329443560913e-06
3.684404191517387517e-06
3.705236395035171881e-06
3.682993792608613148e-06
3.679355813801521435e-06
3.675184871099190786e-06
3.671474814836983569e-06
3.667422788566909730e-06
3.660750735434703529e-06
3.656706212495919317e-06
3.651760607681353576e-06
3.648660367616685107e-06
3.647222911240532994e-06
3.644892103693564422e-06
3.642028786998707801e-06
3.639739588834345341e-06
3.637856480054324493e-06
3.636117526184534654e-06
3.633885171439033002e-06
3.631989102359511890e-06
3.628597369242925197e-06
3.625830913733807392e-06
3.622538088166038506e-06
3.617198444771929644e-06
3.613717126427218318e-06
3.610969088185811415e-06
3.607638745961594395e-06
3.605997790145920590e-06
3.604371158871799707e-06
3.599820956878829747e-06
3.596913074943586253e-06
3.594646841520443559e-06
3.590651886042905971e-06
3.589685093174921349e-06
3.588011395549983718e-06
3.587474111554911360e-06
3.585943886719178408e-06
3.585286776797147468e-06
3.584638761822134256e-06
3.583803618312231265e-06
3.582844556149211712e-06
3.580703832994913682e-06
3.578211135391029529e-06
3.571719389583449811e-06
3.576432845875388011e-06
3.569771706679603085e-06
3.565811312000732869e-06
3.563860900612780824e-06
3.562337496987311170e-06
3.560639015631750226e-06
3.556950105121359229e-06
3.553975147951859981e-06
3.551555892045143992e-06
3.547299911588197574e-06
3.544483661244157702e-06
3.541875685186823830e-06
3.540268153301440179e-06
3.538356395438313484e-06
3.536422354954993352e-06
3.532822574925376102e-06
3.529214382069767453e-06
3.523668510752031580e-06
3.524430667312117293e-06
3.522294264257652685e-06
3.519499841786455363e-06
3.516618789944914170e-06
3.513827323331497610e-06
3.511756403895560652e-06
3.511993782012723386e-06
3.510901933623244986e-06
3.510106580506544560e-06
3.508334430080140010e-06
3.506792381813284010e-06
3.504215783323161304e-06
3.511819613777333871e-06
3.503221250866772607e-06
3.500400907796574757e-06
3.498558498904458247e-06
3.496945737424539402e-06
3.494829798000864685e-06
3.490516974125057459e-06
3.493457143122213893e-06
3.489044047455536202e-06
3.487519052214338444e-06
3.485668685243581422e-06
3.484866510916617699e-06
3.483748969301814213e-06
3.485455408736015670e-06
3.483138698356924579e-06
3.482129613985307515e-06
3.480904524622019380e-06
3.480043687886791304e-06
3.477602604107232764e-06
3.478057806205470115e-06
3.476283154668635689e-06
3.474031700534396805e-06
3.471487161732511595e-06
3.469050398052786477e-06
3.487524736556224525e-06
3.468239128778805025e-06
3.465637746558059007e-06
3.463554548943648115e-06
3.462099130047135986e-06
3.460499556240392849e-06
3.458294941083295271e-06
3.454472107478068210e-06
3.450549684202997014e-06
3.447494236752390862e-06
3.444975391175830737e-06
3.442361503402935341e-06
3.440333784965332597e-06
3.437884060986107215e-06
3.435145572439068928e-06
3.433483698245254345e-06
3.429842081459355541e-06
3.429120852160849608e-06
3.426988087085192092e-06
3.425753902774886228e-06
3.424397618800867349e-06
3.422540657993522473e-06
3.420042730795103125e-06
3.418024789425544441e-06
3.416632580410805531e-06
3.414688990233116783e-06
3.413076228753197938e-06
3.409244072827277705e-06
3.410312729101860896e-06
3.408126758586149663e-06
3.406624273338820785e-06
3.405510597076499835e-06
3.403790969969122671e-06
3.401549292902927846e-06
3.400856940061203204e-06
3.397761247470043600e-06
3.396562760826782323e-06
3.394295617908937857e-06
3.391819518583361059e-06
3.391707878108718432e-06
3.389940957276849076e-06
3.388502591405995190e-06
3.387792276043910533e-06
3.385736363270552829e-06
3.383659077371703461e-06
3.382250042704981752e-06
3.380072030267911032e-06
3.377367647772189230e-06
3.373978643139707856e-06
3.372468654561089352e-06
3.370799731783336028e-06
3.369814521647640504e-06
3.369205387571128085e-06
3.367768840689677745e-06
3.365628799656406045e-06
3.363262067068717442e-06
3.366811597516061738e-06
3.360968776178197004e-06
3.359187303431099281e-06
3.356989964231615886e-06
3.355647095304448158e-06
3.352441808601724915e-06
3.350099177623633295e-06
3.349694225107668899e-06
3.348030759298126213e-06
3.347503024997422472e-06
3.345428012835327536e-06
3.343890057294629514e-06
3.342945092299487442e-06
3.341347564855823293e-06
3.339716840855544433e-06
3.338068381708581001e-06
3.334640723551274277e-06
3.335591372888302431e-06
3.332046617288142443e-06
3.328336106278584339e-06
3.324917997815646231e-06
3.322669726912863553e-06
3.328638513266923837e-06
3.321934173072804697e-06
3.318992867207271047e-06
3.319664301670854911e-06
3.317150230941479094e-06
3.313957677164580673e-06
3.312255785203888081e-06
3.309786507088574581e-06
3.308686473246780224e-06
3.307407951069762930e-06
3.305915697637828998e-06
3.305342943349387497e-06
3.303540324850473553e-06
3.302064897070522420e-06
3.300618345747352578e-06
3.298771389381727204e-06
3.295999022157047875e-06
3.292457904535694979e-06
3.290129370725480840e-06
3.287117124273208901e-06
3.284946842541103251e-06
3.282688567196601070e-06
3.280896407886757515e-06
3.278715439591906033e-06
3.276061761425808072e-06
3.273144557169871405e-06
3.271546574978856370e-06
3.270642537245294079e-06
3.268227374064736068e-06
3.265431132604135200e-06
3.262443442508811131e-06
3.260268840676872060e-06
3.257977141402079724e-06
3.254221837778459303e-06
3.261414349253755063e-06
3.252573378631495871e-06
3.248408347644726746e-06
3.244118943257490173e-06
3.240708792873192579e-06
3.238260433136019856e-06
3.235319127270486206e-06
3.233181132600293495e-06
3.231280970794614404e-06
3.230301217627129517e-06
3.227666411476093344e-06
3.223551175324246287e-06
3.217928224330535159e-06
3.212686578990542330e-06
3.208823045497410931e-06
3.207036115782102570e-06
3.206179371773032472e-06
3.204231234121834859e-06
3.202450443495763466e-06
3.201249910489423200e-06
3.200223773092147894e-06
3.198981630703201517e-06
3.197419118805555627e-06
3.196167199348565191e-06
3.193812972313025966e-06
3.191882797182188369e-06
3.190127699781442061e-06
3.187771881130174734e-06
3.188259142916649580e-06
3.186733692928100936e-06
3.184906972819590010e-06
3.183863327649305575e-06
3.181351530656684190e-06
3.181120064255082980e-06
3.179227860528044403e-06
3.176912059643655084e-06
3.174459379806648940e-06
3.172571268805768341e-06
3.166261876685894094e-06
3.164368308716802858e-06
3.158704430461511947e-06
3.155993681502877735e-06
3.153857505822088569e-06
3.151376859023002908e-06
3.148370069538941607e-06
3.145094069623155519e-06
3.143313278997084126e-06
3.140579337923554704e-06
3.138075271635898389e-06
3.134981852781493217e-06
3.131701532765873708e-06
3.130461664113681763e-06
3.129481683572521433e-06
3.129128799628233537e-06
3.128514890704536811e-06
3.127804575342452154e-06
3.126581759715918452e-06
3.126345518467132933e-06
3.125506282231071964e-06
3.125010152871254832e-06
3.124698650935897604e-06
3.123267333648982458e-06
3.122881707895430736e-06
3.120032260994776152e-06
3.119000666629290208e-06
3.117621417914051563e-06
3.117203732472262345e-06
3.115558683930430561e-06
3.113797674814122729e-06
3.111795649601845071e-06
3.110622401436557993e-06
3.110907982772914693e-06
3.108978944510454312e-06
3.108349574176827446e-06
3.106548319919966161e-06
3.104220240857102908e-06
3.100932644883869216e-06
3.097678245467250235e-06
3.094948397119878791e-06
3.094054363828036003e-06
3.092424094575108029e-06
3.090672407779493369e-06
3.088474841206334531e-06
3.084945092268753797e-06
3.087307050009258091e-06
3.083033561779302545e-06
3.081156592088518664e-06
3.079294174312963150e-06
3.078876488871173933e-06
3.078581357840448618e-06
3.078097734032780863e-06
3.077161863984656520e-06
3.074969981753383763e-06
3.073029802180826664e-06
3.070738785027060658e-06
3.068790874749538489e-06
3.066733825107803568e-06
3.065383907596697100e-06
3.064130396523978561e-06
3.070341790589736775e-06
3.063470558117842302e-06
3.061793904635123909e-06
3.059900336666032672e-06
3.058846232306677848e-06
3.058023594348924235e-06
3.056838522752514109e-06
3.056824425584636629e-06
3.056256446143379435e-06
3.055425167985958979e-06
3.055119577766163275e-06
3.054564331250730902e-06
3.054145281566889025e-06
3.053288310184143484e-06
3.052868578379275277e-06
3.052640295209130272e-06
3.051186922675697133e-06
3.050170562346465886e-06
3.049195811399840750e-06
3.048088274226756766e-06
3.047499831154709682e-06
3.047146947210421786e-06
3.046550091312383302e-06
3.046229494430008344e-06
3.045724270123173483e-06
3.045473931706510484e-06
3.044599452550755814e-06
3.044653567485511303e-06
3.044511686312034726e-06
3.044051254619262181e-06
3.043728611373808235e-06
3.043523065571207553e-06
3.042878233827650547e-06
3.042215666937408969e-06
3.041578565898817033e-06
3.041113586732535623e-06
3.040426690859021619e-06
3.039448074559913948e-06
3.037467649846803397e-06
3.036145699297776446e-06
3.034263727386132814e-06
3.032992481166729704e-06
3.031550932064419612e-06
3.029804474863340147e-06
3.027614638995146379e-06
3.025931619049515575e-06
3.023994622708414681e-06
3.023086264875018969e-06
3.021763177457614802e-06
3.019164068973623216e-06
3.017739572896971367e-06
3.015515403603785671e-06
3.013729838130529970e-06
3.011795342899858952e-06
3.009378815477248281e-06
3.007921804965008050e-06
3.007162376889027655e-06
3.006175802511279471e-06
3.005538246725336649e-06
3.004575773957185447e-06
3.003288384206825867e-06
3.001885488629341125e-06
3.000652668561087921e-06
2.999061734954011627e-06
2.997427600348601118e-06
2.996190687554189935e-06
2.994505621245480143e-06
2.991843302879715338e-06
2.991728251799941063e-06
2.990905386468512006e-06
2.989546828757738695e-06
2.988827873195987195e-06
2.987495690831565298e-06
2.986337676702532917e-06
2.984869297506520525e-06
2.983679678436601534e-06
2.983045533255790360e-06
2.981545094371540472e-06
2.980910494443378411e-06
2.979878217956866138e-06
2.978829570565721951e-06
2.976228643092326820e-06
2.980672661578864790e-06
2.975109282488119788e-06
2.973420350826927461e-06
2.972142283397261053e-06
2.971937192342011258e-06
2.971404683194123209e-06
2.971050889755133539e-06
2.970012928926735185e-06
2.968590706586837769e-06
2.966970896522980183e-06
2.966431793538504280e-06
2.965382236652658321e-06
2.964827444884576835e-06
2.964352233902900480e-06
2.963666020150412805e-06
2.962948428830713965e-06
2.962130793093820103e-06
2.961126938316738233e-06
2.960236543003702536e-06
2.959155381176969968e-06
2.958543973363703117e-06
2.957488959509646520e-06
2.956413027277449146e-06
2.955109266622457653e-06
2.952210707007907331e-06
2.950130465251277201e-06
2.947680286524700932e-06
2.947082521131960675e-06
2.945414507848909125e-06
2.944166226370725781e-06
2.942944774986244738e-06
2.941446837212424725e-06
2.939575551863526925e-06
2.937929366453317925e-06
2.936616283477633260e-06
