3.912673034667968750e+02
3.386740112304687500e+02
2.707294616699218750e+02
2.058528137207031250e+02
1.823684082031250000e+02
1.756230163574218750e+02
1.519610595703125000e+02
1.278186950683593750e+02
2.166130859375000000e+03
1.149802551269531250e+02
1.697928924560546875e+02
1.041803741455078125e+02
9.026478576660156250e+01
7.556872558593750000e+01
6.411187744140625000e+01
4.593251037597656250e+01
3.492604827880859375e+01
2.909125328063964844e+01
2.514405441284179688e+01
2.269972991943359375e+01
1.981136894226074219e+01
1.634013557434082031e+01
1.504936981201171875e+01
1.355468177795410156e+01
1.240942573547363281e+01
1.150476837158203125e+01
1.050850677490234375e+01
9.989081382751464844e+00
9.430164337158203125e+00
8.976812362670898438e+00
8.677417755126953125e+00
8.356039047241210938e+00
7.788041591644287109e+00
6.976010322570800781e+00
6.691130161285400391e+00
6.268611907958984375e+00
6.075569152832031250e+00
5.714756488800048828e+00
5.250776767730712891e+00
5.025221347808837891e+00
4.806682109832763672e+00
4.505269527435302734e+00
4.269082069396972656e+00
4.060300350189208984e+00
3.861530065536499023e+00
3.747560024261474609e+00
3.603998899459838867e+00
3.412610530853271484e+00
3.188779354095458984e+00
2.956629991531372070e+00
2.880147933959960938e+00
2.787803173065185547e+00
2.752510786056518555e+00
2.724581241607666016e+00
2.694894313812255859e+00
2.662948131561279297e+00
2.603515863418579102e+00
2.537486553192138672e+00
2.408730268478393555e+00
2.245480537414550781e+00
2.115196704864501953e+00
2.040300846099853516e+00
1.968084573745727539e+00
1.904756784439086914e+00
1.853468775749206543e+00
1.790770053863525391e+00
1.805125236511230469e+00
1.756701350212097168e+00
1.706460595130920410e+00
1.667578101158142090e+00
1.616455435752868652e+00
1.599288940429687500e+00
1.542486429214477539e+00
1.527302026748657227e+00
1.505144834518432617e+00
1.481995344161987305e+00
1.440123438835144043e+00
1.386039972305297852e+00
1.335223078727722168e+00
1.292198896408081055e+00
1.275716900825500488e+00
1.251822829246520996e+00
1.219416141510009766e+00
1.185917973518371582e+00
1.141070127487182617e+00
1.102450251579284668e+00
1.078912258148193359e+00
1.062720775604248047e+00
1.043789148330688477e+00
1.026167154312133789e+00
1.015838742256164551e+00
9.971185326576232910e-01
9.740512967109680176e-01
9.532067179679870605e-01
9.311318993568420410e-01
9.177564382553100586e-01
8.916441202163696289e-01
8.664360046386718750e-01
8.438460230827331543e-01
8.287582397460937500e-01
8.225614428520202637e-01
8.185253739356994629e-01
8.105052709579467773e-01
7.938029170036315918e-01
7.837758064270019531e-01
7.771306037902832031e-01
7.732199430465698242e-01
7.673395872116088867e-01
7.565437555313110352e-01
7.461659312248229980e-01
7.386269569396972656e-01
7.331886887550354004e-01
7.294654250144958496e-01
7.203619480133056641e-01
7.113459706306457520e-01
7.071714401245117188e-01
7.038083672523498535e-01
7.016620635986328125e-01
6.984878778457641602e-01
6.934766173362731934e-01
6.873706579208374023e-01
6.871368885040283203e-01
6.842842698097229004e-01
6.810011267662048340e-01
6.785315275192260742e-01
6.761175990104675293e-01
6.713688969612121582e-01
6.633243560791015625e-01
6.607427597045898438e-01
6.505935192108154297e-01
6.476663351058959961e-01
6.457070112228393555e-01
6.442441940307617188e-01
6.409348845481872559e-01
6.347243189811706543e-01
6.218534111976623535e-01
6.000789999961853027e-01
6.026034355163574219e-01
5.928936004638671875e-01
5.842828154563903809e-01
5.833714008331298828e-01
5.780280232429504395e-01
5.725187659263610840e-01
5.677088499069213867e-01
5.659719109535217285e-01
5.646206140518188477e-01
5.635663270950317383e-01
5.613260865211486816e-01
5.581174492835998535e-01
5.541969537734985352e-01
5.488146543502807617e-01
5.427994132041931152e-01
5.377972722053527832e-01
5.301499366760253906e-01
5.233423113822937012e-01
5.185934901237487793e-01
5.138468742370605469e-01
5.102344751358032227e-01
5.074841380119323730e-01
5.059181451797485352e-01
5.038355588912963867e-01
5.025767683982849121e-01
5.010806322097778320e-01
4.991618990898132324e-01
4.958671033382415771e-01
4.917675554752349854e-01
4.869509935379028320e-01
4.819904863834381104e-01
4.793415665626525879e-01
4.747463166713714600e-01
4.695560336112976074e-01
4.659726321697235107e-01
4.643862247467041016e-01
4.633197188377380371e-01
4.618719220161437988e-01
4.601844847202301025e-01
4.585352241992950439e-01
4.568833112716674805e-01
4.552459716796875000e-01
4.531645774841308594e-01
4.508668780326843262e-01
4.484227299690246582e-01
4.460124969482421875e-01
4.426900446414947510e-01
4.385199546813964844e-01
4.310284852981567383e-01
4.246982932090759277e-01
4.123828709125518799e-01
4.017025232315063477e-01
3.923258185386657715e-01
3.905496001243591309e-01
3.881336152553558350e-01
3.845162093639373779e-01
3.804915845394134521e-01
3.756191432476043701e-01
3.722174167633056641e-01
3.704820275306701660e-01
3.688095211982727051e-01
3.668625056743621826e-01
3.645271956920623779e-01
3.615482747554779053e-01
3.591053485870361328e-01
3.571089804172515869e-01
3.538131117820739746e-01
3.482668995857238770e-01
3.426539301872253418e-01
3.382898271083831787e-01
3.343718647956848145e-01
3.309904336929321289e-01
3.278329968452453613e-01
3.242389559745788574e-01
3.208504915237426758e-01
3.181466460227966309e-01
3.160758018493652344e-01
3.141353726387023926e-01
3.125917315483093262e-01
3.102741539478302002e-01
3.075917959213256836e-01
3.052283823490142822e-01
3.085942268371582031e-01
3.037896752357482910e-01
3.008453249931335449e-01
2.973144650459289551e-01
2.942308485507965088e-01
2.943761050701141357e-01
2.925213873386383057e-01
2.905313074588775635e-01
2.892482280731201172e-01
2.883524596691131592e-01
2.876953184604644775e-01
2.869144380092620850e-01
2.858873605728149414e-01
2.845888733863830566e-01
2.822217345237731934e-01
2.798995971679687500e-01
2.786970436573028564e-01
2.776145040988922119e-01
2.771405279636383057e-01
2.765427827835083008e-01
2.746378779411315918e-01
2.732210457324981689e-01
2.723313868045806885e-01
2.716985940933227539e-01
2.705058157444000244e-01
2.692565321922302246e-01
2.682549953460693359e-01
2.671439051628112793e-01
2.655411064624786377e-01
2.648881971836090088e-01
2.637076377868652344e-01
2.630259692668914795e-01
2.623443901538848877e-01
2.615896463394165039e-01
2.605125010013580322e-01
2.589114606380462646e-01
2.571113705635070801e-01
2.554121315479278564e-01
2.536866962909698486e-01
2.534547448158264160e-01
2.525444328784942627e-01
2.522925734519958496e-01
2.519990205764770508e-01
2.514300644397735596e-01
2.510326504707336426e-01
2.504358887672424316e-01
2.496305406093597412e-01
2.486666738986968994e-01
2.472069412469863892e-01
2.446278631687164307e-01
2.370759993791580200e-01
2.312065660953521729e-01
2.287888079881668091e-01
2.275931686162948608e-01
2.266601622104644775e-01
2.223749011754989624e-01
2.213697582483291626e-01
2.195154130458831787e-01
2.178893983364105225e-01
2.169017046689987183e-01
2.162258625030517578e-01
2.155357599258422852e-01
2.149035483598709106e-01
2.142673134803771973e-01
2.137016355991363525e-01
2.131939679384231567e-01
2.127484530210494995e-01
2.122004777193069458e-01
2.122521251440048218e-01
2.116082161664962769e-01
2.104886025190353394e-01
2.096365243196487427e-01
2.088230848312377930e-01
2.080129384994506836e-01
2.067955583333969116e-01
2.049237191677093506e-01
2.027946710586547852e-01
2.009080350399017334e-01
1.995447129011154175e-01
1.984370201826095581e-01
1.974490582942962646e-01
1.973902285099029541e-01
1.966728866100311279e-01
1.960271298885345459e-01
1.957909762859344482e-01
1.956140697002410889e-01
1.953094005584716797e-01
1.947290599346160889e-01
1.939448416233062744e-01
1.928025186061859131e-01
1.920021772384643555e-01
1.912773996591567993e-01
1.906707584857940674e-01
1.900527328252792358e-01
1.893623620271682739e-01
1.886863559484481812e-01
1.876373291015625000e-01
1.864315867424011230e-01
1.848696768283843994e-01
1.831701397895812988e-01
1.816806644201278687e-01
1.803340315818786621e-01
1.792242527008056641e-01
1.786057502031326294e-01
1.779181957244873047e-01
1.771943867206573486e-01
1.762101203203201294e-01
1.745086014270782471e-01
1.726694852113723755e-01
1.716688871383666992e-01
1.711187064647674561e-01
1.707314401865005493e-01
1.703208833932876587e-01
1.696793437004089355e-01
1.688678115606307983e-01
1.679961681365966797e-01
1.670851558446884155e-01
1.664142757654190063e-01
1.663886308670043945e-01
1.661709398031234741e-01
1.656717807054519653e-01
1.653391420841217041e-01
1.651226282119750977e-01
1.648498475551605225e-01
1.640538424253463745e-01
1.635795831680297852e-01
1.630251407623291016e-01
1.631876826286315918e-01
1.626715362071990967e-01
1.622089892625808716e-01
1.617510467767715454e-01
1.614803820848464966e-01
1.610696315765380859e-01
1.603519469499588013e-01
1.596086472272872925e-01
1.589612215757369995e-01
1.582414805889129639e-01
1.577829271554946899e-01
1.571889519691467285e-01
1.558095365762710571e-01
1.545542329549789429e-01
1.531753689050674438e-01
1.520746052265167236e-01
1.510493010282516479e-01
1.503048986196517944e-01
1.497926115989685059e-01
1.491825878620147705e-01
1.484846472740173340e-01
1.475393921136856079e-01
1.466118991374969482e-01
1.455514430999755859e-01
1.444966197013854980e-01
1.433949619531631470e-01
1.425472646951675415e-01
1.420632600784301758e-01
1.417505443096160889e-01
1.413926780223846436e-01
1.411042213439941406e-01
1.405865252017974854e-01
1.399920880794525146e-01
1.393074095249176025e-01
1.387861967086791992e-01
1.381861567497253418e-01
1.376240849494934082e-01
1.378605812788009644e-01
1.372602581977844238e-01
1.368967592716217041e-01
1.366439163684844971e-01
1.362344771623611450e-01
1.357952207326889038e-01
1.355073153972625732e-01
1.353607773780822754e-01
1.352235972881317139e-01
1.351292580366134644e-01
1.350108087062835693e-01
1.348545998334884644e-01
1.346094459295272827e-01
1.343873143196105957e-01
1.341593116521835327e-01
1.338196992874145508e-01
1.334831565618515015e-01
1.331517994403839111e-01
1.329592615365982056e-01
1.325582563877105713e-01
1.323466449975967407e-01
1.322259008884429932e-01
1.320780664682388306e-01
1.318201869726181030e-01
1.315456032752990723e-01
1.312533169984817505e-01
1.309686601161956787e-01
1.309329271316528320e-01
1.307116299867630005e-01
1.304682791233062744e-01
1.302561908960342407e-01
1.299908459186553955e-01
1.295194327831268311e-01
1.305671185255050659e-01
1.293043047189712524e-01
1.286816895008087158e-01
1.282972842454910278e-01
1.280652582645416260e-01
1.279425323009490967e-01
1.278181970119476318e-01
1.276766061782836914e-01
1.274248808622360229e-01
1.271022409200668335e-01
1.272652447223663330e-01
1.269223839044570923e-01
1.266562193632125854e-01
1.263592541217803955e-01
1.262262463569641113e-01
1.260198503732681274e-01
1.258714944124221802e-01
1.257266998291015625e-01
1.255721896886825562e-01
1.254317015409469604e-01
1.251286566257476807e-01
1.251179575920104980e-01
1.249689608812332153e-01
1.246853992342948914e-01
1.244958043098449707e-01
1.243087574839591980e-01
1.241897940635681152e-01
1.240024715662002563e-01
1.238850727677345276e-01
1.238013952970504761e-01
1.237035840749740601e-01
1.236103922128677368e-01
1.234666854143142700e-01
1.233381479978561401e-01
1.231173053383827209e-01
1.229398846626281738e-01
1.227384954690933228e-01
1.226528957486152649e-01
1.225804165005683899e-01
1.224979385733604431e-01
1.223541796207427979e-01
1.222398579120635986e-01
1.220773831009864807e-01
1.219129115343093872e-01
1.217082440853118896e-01
1.214856952428817749e-01
1.212444752454757690e-01
1.210516989231109619e-01
1.208035051822662354e-01
1.205936819314956665e-01
1.203652918338775635e-01
1.200504899024963379e-01
1.198657825589179993e-01
1.195377409458160400e-01
1.193123012781143188e-01
1.190973967313766479e-01
1.187767982482910156e-01
1.185627505183219910e-01
1.182828620076179504e-01
1.181300282478332520e-01
1.180120259523391724e-01
1.179254204034805298e-01
1.178471818566322327e-01
1.176545470952987671e-01
1.174557805061340332e-01
1.190435737371444702e-01
1.173451617360115051e-01
1.170915812253952026e-01
1.164904758334159851e-01
1.161862015724182129e-01
1.159060820937156677e-01
1.156242042779922485e-01
1.153417527675628662e-01
1.152013391256332397e-01
1.150583699345588684e-01
1.148725971579551697e-01
1.147017478942871094e-01
1.144883111119270325e-01
1.143201440572738647e-01
1.142032295465469360e-01
1.141182407736778259e-01
1.140305325388908386e-01
1.139442920684814453e-01
1.138121336698532104e-01
1.137379631400108337e-01
1.136194095015525818e-01
1.134970635175704956e-01
1.133779138326644897e-01
1.132832467555999756e-01
1.131648942828178406e-01
1.130620315670967102e-01
1.129484847187995911e-01
1.126427501440048218e-01
1.124715209007263184e-01
1.121598258614540100e-01
1.119250506162643433e-01
1.116864979267120361e-01
1.114867255091667175e-01
1.112893149256706238e-01
1.111210584640502930e-01
1.109782755374908447e-01
1.108228042721748352e-01
1.105991750955581665e-01
1.103205084800720215e-01
1.100458651781082153e-01
1.098123490810394287e-01
1.096138358116149902e-01
1.093801334500312805e-01
1.088771671056747437e-01
1.091185584664344788e-01
1.086038649082183838e-01
1.081462204456329346e-01
1.076805740594863892e-01
1.075782179832458496e-01
1.072396785020828247e-01
1.071804910898208618e-01
1.070564538240432739e-01
1.069332063198089600e-01
1.068041622638702393e-01
1.066929250955581665e-01
1.065650880336761475e-01
1.063559427857398987e-01
1.061843484640121460e-01
1.059469133615493774e-01
1.057303547859191895e-01
1.055321022868156433e-01
1.053792238235473633e-01
1.053139567375183105e-01
1.051685363054275513e-01
1.050990521907806396e-01
1.049963012337684631e-01
1.048766970634460449e-01
1.048684194684028625e-01
1.047878414392471313e-01
1.046584993600845337e-01
1.045700535178184509e-01
1.044676378369331360e-01
1.043185964226722717e-01
1.041552945971488953e-01
1.039925813674926758e-01
1.038446128368377686e-01
1.037483066320419312e-01
1.036110520362854004e-01
1.034988015890121460e-01
1.034345403313636780e-01
1.033970490097999573e-01
1.033598184585571289e-01
1.033069044351577759e-01
1.032102108001708984e-01
1.031233444809913635e-01
1.030300557613372803e-01
1.029379591345787048e-01
1.028346046805381775e-01
1.027010530233383179e-01
1.024661213159561157e-01
1.020278334617614746e-01
1.015023589134216309e-01
1.011387854814529419e-01
1.010415852069854736e-01
1.008081585168838501e-01
1.010128557682037354e-01
1.005691066384315491e-01
1.003220826387405396e-01
1.000716090202331543e-01
9.963057935237884521e-02
9.939622133970260620e-02
9.904229640960693359e-02
9.884177893400192261e-02
9.864327311515808105e-02
9.850512444972991943e-02
9.826046228408813477e-02
9.797658026218414307e-02
9.766623377799987793e-02
1.005691587924957275e-01
9.752018004655838013e-02
9.728015214204788208e-02
9.711458534002304077e-02
9.696237742900848389e-02
9.679237753152847290e-02
9.665386378765106201e-02
9.645549952983856201e-02
9.631951153278350830e-02
9.622582048177719116e-02
9.617623686790466309e-02
9.602389484643936157e-02
9.593165665864944458e-02
9.575854986906051636e-02
9.557532519102096558e-02
9.533426165580749512e-02
9.510206431150436401e-02
9.487676620483398438e-02
9.468597918748855591e-02
9.434140473604202271e-02
9.388074278831481934e-02
9.340269863605499268e-02
9.306286275386810303e-02
9.278962016105651855e-02
9.267943352460861206e-02
9.254254400730133057e-02
9.230552613735198975e-02
9.207305312156677246e-02
9.170602262020111084e-02
9.144677221775054932e-02
9.125675261020660400e-02
9.110356122255325317e-02
9.098100662231445312e-02
9.090178459882736206e-02
9.080529212951660156e-02
9.069738537073135376e-02
9.061782062053680420e-02
9.052684903144836426e-02
9.044106304645538330e-02
9.034839272499084473e-02
9.016656130552291870e-02
8.988492935895919800e-02
8.941601961851119995e-02
8.880712091922760010e-02
8.841791003942489624e-02
8.811431378126144409e-02
8.788843452930450439e-02
8.761481195688247681e-02
9.248402714729309082e-02
8.742757886648178101e-02
8.721040189266204834e-02
8.712229877710342407e-02
8.706980943679809570e-02
8.701360970735549927e-02
8.692331612110137939e-02
8.680929988622665405e-02
8.659254014492034912e-02
8.636820316314697266e-02
8.619888126850128174e-02
8.607268333435058594e-02
8.589553087949752808e-02
8.572573959827423096e-02
8.554902672767639160e-02
8.532979339361190796e-02
8.509509265422821045e-02
8.488789200782775879e-02
8.450862020254135132e-02
8.429487794637680054e-02
8.390399813652038574e-02
8.366739749908447266e-02
8.342518657445907593e-02
8.321402221918106079e-02
8.299455046653747559e-02
8.278909325599670410e-02
8.257994055747985840e-02
8.242362737655639648e-02
8.228229731321334839e-02
8.208973705768585205e-02
8.189554512500762939e-02
8.164951950311660767e-02
8.137866854667663574e-02
8.111386001110076904e-02
8.068397641181945801e-02
8.035805076360702515e-02
7.997563481330871582e-02
7.966530323028564453e-02
7.935136556625366211e-02
7.905507832765579224e-02
7.873958349227905273e-02
7.846046239137649536e-02
7.822470366954803467e-02
7.796774059534072876e-02
7.761961966753005981e-02
7.731273770332336426e-02
7.714742422103881836e-02
7.701236009597778320e-02
7.681350409984588623e-02
7.661503553390502930e-02
7.636144012212753296e-02
7.662312686443328857e-02
7.622424513101577759e-02
7.603517174720764160e-02
7.589718699455261230e-02
7.581077516078948975e-02
7.574375718832015991e-02
7.566113770008087158e-02
7.555278390645980835e-02
7.538652420043945312e-02
7.522948831319808960e-02
7.494865357875823975e-02
7.487489283084869385e-02
7.457608729600906372e-02
7.439038157463073730e-02
7.408465445041656494e-02
7.366093993186950684e-02
7.340724021196365356e-02
7.320582121610641479e-02
7.312242686748504639e-02
7.299078255891799927e-02
7.282090932130813599e-02
7.256759703159332275e-02
7.227686047554016113e-02
7.199888676404953003e-02
7.170522212982177734e-02
7.136073708534240723e-02
7.108208537101745605e-02
7.064332813024520874e-02
6.984759867191314697e-02
6.957347691059112549e-02
6.924291700124740601e-02
6.911448389291763306e-02
6.902621686458587646e-02
6.895159929990768433e-02
6.889045238494873047e-02
6.881599873304367065e-02
6.872685253620147705e-02
6.861104071140289307e-02
6.854518502950668335e-02
6.845456361770629883e-02
6.836128979921340942e-02
6.828406453132629395e-02
6.818678975105285645e-02
6.804121285676956177e-02
6.787636876106262207e-02
6.820276379585266113e-02
6.774421781301498413e-02
6.754636764526367188e-02
6.735283881425857544e-02
6.721445918083190918e-02
6.710600852966308594e-02
6.694433093070983887e-02
6.680494546890258789e-02
6.659257411956787109e-02
6.631335616111755371e-02
6.622052192687988281e-02
6.587362289428710938e-02
6.572007387876510620e-02
6.547917425632476807e-02
6.522099673748016357e-02
6.505909562110900879e-02
6.490360200405120850e-02
6.473909318447113037e-02
6.463068723678588867e-02
6.454284489154815674e-02
6.439875066280364990e-02
6.441070139408111572e-02
6.432079523801803589e-02
6.420586258172988892e-02
6.402330100536346436e-02
6.388719379901885986e-02
6.377246230840682983e-02
6.367100030183792114e-02
6.350703537464141846e-02
6.332943588495254517e-02
6.305541098117828369e-02
6.278642266988754272e-02
6.251086294651031494e-02
6.221364438533782959e-02
6.198155879974365234e-02
6.144894659519195557e-02
6.122534722089767456e-02
6.098729372024536133e-02
6.077601760625839233e-02
6.048870459198951721e-02
6.024644896388053894e-02
6.005939096212387085e-02
5.993488430976867676e-02
5.983352288603782654e-02
5.968903750181198120e-02
5.956653878092765808e-02
6.018431484699249268e-02
5.948650091886520386e-02
5.939261615276336670e-02
5.926209688186645508e-02
5.911631137132644653e-02
5.906632542610168457e-02
5.899119377136230469e-02
5.875575914978981018e-02
5.858958512544631958e-02
5.842356011271476746e-02
5.832635611295700073e-02
5.821634829044342041e-02
5.802055820822715759e-02
5.795416980981826782e-02
5.787881463766098022e-02
5.779893696308135986e-02
5.771393328905105591e-02
5.765097960829734802e-02
5.760988220572471619e-02
5.757840722799301147e-02
5.755094066262245178e-02
5.751585215330123901e-02
5.746248736977577209e-02
5.741599202156066895e-02
5.735659971833229065e-02
5.728918686509132385e-02
5.721785128116607666e-02
5.731171742081642151e-02
5.714776739478111267e-02
5.706286802887916565e-02
5.697385966777801514e-02
5.687215179204940796e-02
5.680632963776588440e-02
5.672790110111236572e-02
5.666285008192062378e-02
5.657463893294334412e-02
5.647665262222290039e-02
5.635595321655273438e-02
5.624385923147201538e-02
5.608647316694259644e-02
5.598723888397216797e-02
5.587376654148101807e-02
5.577128380537033081e-02
5.568104237318038940e-02
5.556498467922210693e-02
5.545058101415634155e-02
5.538412928581237793e-02
5.533159151673316956e-02
5.530449002981185913e-02
5.527499318122863770e-02
5.524038523435592651e-02
5.521433427929878235e-02
5.519030243158340454e-02
5.516538023948669434e-02
5.509290844202041626e-02
5.500431358814239502e-02
5.491065233945846558e-02
5.481724441051483154e-02
5.468999221920967102e-02
5.451504141092300415e-02
5.434985086321830750e-02
5.421469733119010925e-02
5.426925420761108398e-02
5.414837226271629333e-02
5.404511839151382446e-02
5.384182929992675781e-02
5.364755168557167053e-02
5.343786627054214478e-02
5.327370762825012207e-02
5.320020765066146851e-02
5.314199253916740417e-02
5.306820943951606750e-02
5.301490798592567444e-02
5.299051105976104736e-02
5.296706408262252808e-02
5.292591452598571777e-02
5.286262929439544678e-02
5.280326679348945618e-02
5.272616073489189148e-02
5.268847197294235229e-02
5.262030661106109619e-02
5.254609137773513794e-02
5.241944268345832825e-02
5.233114585280418396e-02
5.217629671096801758e-02
5.207137390971183777e-02
5.197656154632568359e-02
5.190904438495635986e-02
5.182949081063270569e-02
5.176416039466857910e-02
5.172299593687057495e-02
5.168033391237258911e-02
5.162443965673446655e-02
5.158827826380729675e-02
5.152405053377151489e-02
5.147063732147216797e-02
5.140275508165359497e-02
5.130239576101303101e-02
5.117067694664001465e-02
5.145930498838424683e-02
5.110969394445419312e-02
5.103534087538719177e-02
5.099144205451011658e-02
5.093143880367279053e-02
5.085936933755874634e-02
5.078311264514923096e-02
5.069711804389953613e-02
5.062318965792655945e-02
5.054974183440208435e-02
5.048593878746032715e-02
5.040180683135986328e-02
5.030936375260353088e-02
5.027377605438232422e-02
5.019897222518920898e-02
5.015482753515243530e-02
5.009902641177177429e-02
5.024534091353416443e-02
5.007547140121459961e-02
5.000977963209152222e-02
4.992992803454399109e-02
4.982133954763412476e-02
4.973610118031501770e-02
4.962458461523056030e-02
4.953552410006523132e-02
4.943326860666275024e-02
4.937307536602020264e-02
4.925108328461647034e-02
4.921746999025344849e-02
4.911184310913085938e-02
4.904237762093544006e-02
4.898562282323837280e-02
4.891157895326614380e-02
4.882919415831565857e-02
4.874770343303680420e-02
4.862268641591072083e-02
4.849442094564437866e-02
4.835718870162963867e-02
4.816165566444396973e-02
4.795439541339874268e-02
4.774176329374313354e-02
4.757279530167579651e-02
4.750635474920272827e-02
4.747021943330764771e-02
4.738921299576759338e-02
4.728821665048599243e-02
4.718100279569625854e-02
4.707799851894378662e-02
4.699108377099037170e-02
4.691667854785919189e-02
4.685203358530998230e-02
4.672938585281372070e-02
4.660628736019134521e-02
4.674794524908065796e-02
4.650565609335899353e-02
4.640065133571624756e-02
4.628870636224746704e-02
4.619825258851051331e-02
4.613314941525459290e-02
4.602704942226409912e-02
4.596671089529991150e-02
4.589277878403663635e-02
4.582442715764045715e-02
4.575537890195846558e-02
4.569401592016220093e-02
4.562287777662277222e-02
4.550595209002494812e-02
4.533328860998153687e-02
4.573702067136764526e-02
4.528140276670455933e-02
4.515190050005912781e-02
4.502149671316146851e-02
4.517022892832756042e-02
4.495591670274734497e-02
4.482473433017730713e-02
4.466915130615234375e-02
4.460456222295761108e-02
4.454027116298675537e-02
4.449949413537979126e-02
4.443902894854545593e-02
4.435417801141738892e-02
4.424072802066802979e-02
4.412681981921195984e-02
4.410593584179878235e-02
4.403573274612426758e-02
4.393636062741279602e-02
4.381368681788444519e-02
4.370037838816642761e-02
4.352176934480667114e-02
4.338173568248748779e-02
4.326222091913223267e-02
4.316717386245727539e-02
4.309735447168350220e-02
4.303937405347824097e-02
4.299186170101165771e-02
4.294587299227714539e-02
4.288773611187934875e-02
4.284019395709037781e-02
4.275403171777725220e-02
4.266100376844406128e-02
4.256533458828926086e-02
4.248113930225372314e-02
4.242546856403350830e-02
4.238752648234367371e-02
4.234148189425468445e-02
4.230701550841331482e-02
4.226038977503776550e-02
4.221602529287338257e-02
4.213931784033775330e-02
4.202874749898910522e-02
4.191802442073822021e-02
4.183876514434814453e-02
4.177507013082504272e-02
4.172229021787643433e-02
4.165401309728622437e-02
4.160530865192413330e-02
4.157704114913940430e-02
4.154476895928382874e-02
4.152169078588485718e-02
4.149606451392173767e-02
4.147139936685562134e-02
4.144894331693649292e-02
4.141295328736305237e-02
4.136712476611137390e-02
4.133400693535804749e-02
4.127917438745498657e-02
4.121414944529533386e-02
4.114935547113418579e-02
4.103615134954452515e-02
4.092766344547271729e-02
4.083374142646789551e-02
4.077231884002685547e-02
4.070901125669479370e-02
4.063639417290687561e-02
4.052330553531646729e-02
4.038867354393005371e-02
4.029945284128189087e-02
4.025434330105781555e-02
4.021666571497917175e-02
4.015742242336273193e-02
4.011073708534240723e-02
4.006811603903770447e-02
4.004207253456115723e-02
3.999935835599899292e-02
3.996019810438156128e-02
3.990224003791809082e-02
3.981490805745124817e-02
3.974284976720809937e-02
3.970412909984588623e-02
3.967039287090301514e-02
3.962702676653862000e-02
3.956783190369606018e-02
3.947485238313674927e-02
3.944808244705200195e-02
3.940028324723243713e-02
3.938026353716850281e-02
3.935662657022476196e-02
3.931436687707901001e-02
3.934166580438613892e-02
3.926628455519676208e-02
3.917748108506202698e-02
3.908196836709976196e-02
3.902687132358551025e-02
3.897279128432273865e-02
3.891120478510856628e-02
3.885101154446601868e-02
3.880061209201812744e-02
3.874395042657852173e-02
3.867099434137344360e-02
3.858178108930587769e-02
3.873030096292495728e-02
3.854563087224960327e-02
3.849054872989654541e-02
3.846279159188270569e-02
3.842245042324066162e-02
3.838895633816719055e-02
3.836369514465332031e-02
3.833333402872085571e-02
3.830130770802497864e-02
3.826745972037315369e-02
3.822095319628715515e-02
3.815773874521255493e-02
3.809953480958938599e-02
3.806038200855255127e-02
3.802288323640823364e-02
3.824733197689056396e-02
3.801456838846206665e-02
3.799459710717201233e-02
3.795852139592170715e-02
3.790416568517684937e-02
3.783775120973587036e-02
3.774555027484893799e-02
3.766339272260665894e-02
3.762108460068702698e-02
3.751993551850318909e-02
3.748507052659988403e-02
3.740179911255836487e-02
3.733664378523826599e-02
3.727927431464195251e-02
3.723761439323425293e-02
3.720723837614059448e-02
3.717569634318351746e-02
3.712189197540283203e-02
3.707750141620635986e-02
3.702861443161964417e-02
3.698899596929550171e-02
3.695256263017654419e-02
3.691488504409790039e-02
3.685305640101432800e-02
3.677239269018173218e-02
3.670374304056167603e-02
3.660937398672103882e-02
3.655845671892166138e-02
3.650582581758499146e-02
3.642033413052558899e-02
3.631644323468208313e-02
3.626709431409835815e-02
3.614564239978790283e-02
3.607697039842605591e-02
3.598333150148391724e-02
3.598369657993316650e-02
3.592662513256072998e-02
3.584145754575729370e-02
3.577065467834472656e-02
3.574008494615554810e-02
3.570202365517616272e-02
3.564285486936569214e-02
3.559551388025283813e-02
3.554751724004745483e-02
3.549269586801528931e-02
3.544341400265693665e-02
3.537049889564514160e-02
3.530453518033027649e-02
3.524243831634521484e-02
3.514574468135833740e-02
3.502309322357177734e-02
3.490243852138519287e-02
3.480672091245651245e-02
3.470296412706375122e-02
3.455796465277671814e-02
3.438413888216018677e-02
3.425384312868118286e-02
3.415522724390029907e-02
3.404708206653594971e-02
3.394773602485656738e-02
3.376749902963638306e-02
3.357315808534622192e-02
3.335608541965484619e-02
3.316564857959747314e-02
3.307834267616271973e-02
3.301691263914108276e-02
3.297089785337448120e-02
3.289898857474327087e-02
3.279198706150054932e-02
3.270203247666358948e-02
3.259864449501037598e-02
3.251082450151443481e-02
3.241036087274551392e-02
3.226562961935997009e-02
3.220667690038681030e-02
3.209218755364418030e-02
3.198469802737236023e-02
3.186091035604476929e-02
3.170087933540344238e-02
3.191623091697692871e-02
3.161998093128204346e-02
3.150474652647972107e-02
3.140961378812789917e-02
3.136421740055084229e-02
3.131737932562828064e-02
3.124654106795787811e-02
3.119028545916080475e-02
3.113632835447788239e-02
3.105735033750534058e-02
3.100169263780117035e-02
3.094558790326118469e-02
3.090727142989635468e-02
3.087406791746616364e-02
3.085401840507984161e-02
3.087708912789821625e-02
3.083970583975315094e-02
3.078757412731647491e-02
3.074742481112480164e-02
3.068690188229084015e-02
3.066077269613742828e-02
3.063640743494033813e-02
3.062498942017555237e-02
3.061131015419960022e-02
3.057531267404556274e-02
3.053056076169013977e-02
3.053106367588043213e-02
3.049327805638313293e-02
3.041621297597885132e-02
3.034963458776473999e-02
3.028258867561817169e-02
3.021201491355895996e-02
3.011350519955158234e-02
3.007747977972030640e-02
3.002927824854850769e-02
3.001088276505470276e-02
2.999212592840194702e-02
2.994545921683311462e-02
2.993063814938068390e-02
2.988151460886001587e-02
2.985775284469127655e-02
2.983815409243106842e-02
2.980744466185569763e-02
2.975304797291755676e-02
2.971209399402141571e-02
2.966370992362499237e-02
2.958790026605129242e-02
2.953311055898666382e-02
2.950026094913482666e-02
2.944007702171802521e-02
2.939898148179054260e-02
2.937020733952522278e-02
2.931229397654533386e-02
2.926535159349441528e-02
2.936781197786331177e-02
2.924089133739471436e-02
2.918186038732528687e-02
2.914265915751457214e-02
2.910831756889820099e-02
2.904067188501358032e-02
2.897429093718528748e-02
2.891130931675434113e-02
2.886788919568061829e-02
2.883587963879108429e-02
2.875443547964096069e-02
2.902107685804367065e-02
2.871995791792869568e-02
2.862955257296562195e-02
2.852226607501506805e-02
2.845816314220428467e-02
2.842572331428527832e-02
2.839936502277851105e-02
2.835423126816749573e-02
2.828971110284328461e-02
2.822016552090644836e-02
2.815897762775421143e-02
2.811568975448608398e-02
2.804231271147727966e-02
2.799229137599468231e-02
2.792367339134216309e-02
2.779476530849933624e-02
2.787015773355960846e-02
2.770746313035488129e-02
2.757117152214050293e-02
2.745232172310352325e-02
2.739623375236988068e-02
2.736503817141056061e-02
2.733568474650382996e-02
2.729954570531845093e-02
2.726199105381965637e-02
2.720477059483528137e-02
2.715103700757026672e-02
2.707943134009838104e-02
2.702474966645240784e-02
2.696896344423294067e-02
2.694555930793285370e-02
2.683132514357566833e-02
2.675289288163185120e-02
2.665525674819946289e-02
2.650789171457290649e-02
2.636401355266571045e-02
2.628886327147483826e-02
2.623522654175758362e-02
2.620616555213928223e-02
2.616388723254203796e-02
2.673123218119144440e-02
2.614026889204978943e-02
2.606791071593761444e-02
2.596976608037948608e-02
2.586578764021396637e-02
2.578238956630229950e-02
2.570536546409130096e-02
2.566251531243324280e-02
2.561758086085319519e-02
2.556648477911949158e-02
2.555536292493343353e-02
2.550364285707473755e-02
2.547464147210121155e-02
2.543370425701141357e-02
2.535970322787761688e-02
2.526667155325412750e-02
2.521362900733947754e-02
2.517114952206611633e-02
2.512152493000030518e-02
2.504698187112808228e-02
2.495508268475532532e-02
2.490178309381008148e-02
2.478894591331481934e-02
2.465871535241603851e-02
2.451012283563613892e-02
2.442725747823715210e-02
2.437955699861049652e-02
2.433599717915058136e-02
2.430686354637145996e-02
2.428186126053333282e-02
2.425740472972393036e-02
2.421707287430763245e-02
2.415023185312747955e-02
2.410238794982433319e-02
2.406231500208377838e-02
2.403754182159900665e-02
2.401671744883060455e-02
2.399589866399765015e-02
2.397196739912033081e-02
2.394977770745754242e-02
2.392472326755523682e-02
2.390450797975063324e-02
2.387414872646331787e-02
2.385007590055465698e-02
2.382134273648262024e-02
2.377705648541450500e-02
2.382295019924640656e-02
2.374976687133312225e-02
2.370294556021690369e-02
2.363511547446250916e-02
2.366834133863449097e-02
2.362171560525894165e-02
2.360137924551963806e-02
2.353140898048877716e-02
2.345469594001770020e-02
2.337179705500602722e-02
2.330807223916053772e-02
2.319568023085594177e-02
2.302428334951400757e-02
2.404507435858249664e-02
2.300112321972846985e-02
2.291456982493400574e-02
2.286588586866855621e-02
2.283592149615287781e-02
2.281668782234191895e-02
2.278962358832359314e-02
2.275729924440383911e-02
2.286715619266033173e-02
2.273555099964141846e-02
2.267629466950893402e-02
2.264208346605300903e-02
2.258992567658424377e-02
2.256325073540210724e-02
2.252286300063133240e-02
2.250406891107559204e-02
2.249270305037498474e-02
2.247126027941703796e-02
2.244679629802703857e-02
2.241427265107631683e-02
2.237462997436523438e-02
2.234292589128017426e-02
2.231995761394500732e-02
2.230475470423698425e-02
2.228445373475551605e-02
2.226185798645019531e-02
2.224379591643810272e-02
2.221347764134407043e-02
2.217632345855236053e-02
2.213952317833900452e-02
2.209628745913505554e-02
2.203782275319099426e-02
2.196922898292541504e-02
2.190923318266868591e-02
2.186495438218116760e-02
2.184148877859115601e-02
2.180310152471065521e-02
2.176980301737785339e-02
2.174344658851623535e-02
2.171145752072334290e-02
2.165837772190570831e-02
2.163659594953060150e-02
2.161728963255882263e-02
2.160016819834709167e-02
2.158927731215953827e-02
2.156842499971389771e-02
2.153364568948745728e-02
2.148883044719696045e-02
2.143010683357715607e-02
2.139022201299667358e-02
2.136654034256935120e-02
2.133862301707267761e-02
2.130259387195110321e-02
2.124822884798049927e-02
2.119905129075050354e-02
2.111708931624889374e-02
2.105910517275333405e-02
2.098214253783226013e-02
2.089055068790912628e-02
2.081597968935966492e-02
2.074238285422325134e-02
2.069465816020965576e-02
2.065470255911350250e-02
2.060681581497192383e-02
2.055195719003677368e-02
2.049292996525764465e-02
2.045586146414279938e-02
2.043337188661098480e-02
2.040846087038516998e-02
2.037810347974300385e-02
2.033203467726707458e-02
2.029353380203247070e-02
2.025932446122169495e-02
2.022620104253292084e-02
2.021042257547378540e-02
2.018166892230510712e-02
2.017148584127426147e-02
2.015116624534130096e-02
2.012775093317031860e-02
2.010453864932060242e-02
2.008108794689178467e-02
2.004436403512954712e-02
2.000798471271991730e-02
1.995341479778289795e-02
1.991147547960281372e-02
1.985463127493858337e-02
1.978791505098342896e-02
1.973778754472732544e-02
1.971014589071273804e-02
1.967884972691535950e-02
1.966491714119911194e-02
1.965162158012390137e-02
1.963755302131175995e-02
1.963104493916034698e-02
1.959794946014881134e-02
1.957114785909652710e-02
1.951446756720542908e-02
1.946806907653808594e-02
1.944022811949253082e-02
1.940555684268474579e-02
1.937389932572841644e-02
1.934614032506942749e-02
1.931443251669406891e-02
1.928874850273132324e-02
1.925956644117832184e-02
1.923412457108497620e-02
1.920098811388015747e-02
1.915202662348747253e-02
1.911076530814170837e-02
1.904689334332942963e-02
1.899250224232673645e-02
1.896299608051776886e-02
1.892618089914321899e-02
1.890570484101772308e-02
1.888257637619972229e-02
1.885235682129859924e-02
1.883186399936676025e-02
1.881299354135990143e-02
1.879372447729110718e-02
1.876172237098217010e-02
1.873693801462650299e-02
1.875896751880645752e-02
1.872316747903823853e-02
1.869824156165122986e-02
1.866162568330764771e-02
1.864265650510787964e-02
1.861022971570491791e-02
1.857754774391651154e-02
1.854580454528331757e-02
1.846705935895442963e-02
1.842261850833892822e-02
1.840654574334621429e-02
1.837874390184879303e-02
1.837253570556640625e-02
1.835855655372142792e-02
1.834167726337909698e-02
1.834457367658615112e-02
1.832217164337635040e-02
1.827266253530979156e-02
1.819835230708122253e-02
1.812397502362728119e-02
1.808211579918861389e-02
1.805285736918449402e-02
1.802998594939708710e-02
1.797855086624622345e-02
1.793336309492588043e-02
1.787476241588592529e-02
1.783521473407745361e-02
1.780249923467636108e-02
1.777195744216442108e-02
1.772294007241725922e-02
1.766384206712245941e-02
1.772693544626235962e-02
1.763996481895446777e-02
1.760183647274971008e-02
1.757589355111122131e-02
1.755758747458457947e-02
1.753020100295543671e-02
1.749729365110397339e-02
1.747593656182289124e-02
1.746151223778724670e-02
1.743344217538833618e-02
1.744003966450691223e-02
1.741671189665794373e-02
1.739048212766647339e-02
1.735696941614151001e-02
1.732521131634712219e-02
1.728554442524909973e-02
1.722996309399604797e-02
1.728745736181735992e-02
1.721130125224590302e-02
1.718067191541194916e-02
1.715844497084617615e-02
1.714307069778442383e-02
1.712994463741779327e-02
1.711500063538551331e-02
1.710845157504081726e-02
1.709677651524543762e-02
1.707142405211925507e-02
1.703885383903980255e-02
1.700149476528167725e-02
1.696446351706981659e-02
1.695042848587036133e-02
1.690768077969551086e-02
1.687409356236457825e-02
1.681780815124511719e-02
1.679256558418273926e-02
1.676632091403007507e-02
1.674751192331314087e-02
1.672251522541046143e-02
1.670346036553382874e-02
1.668804697692394257e-02
1.667968928813934326e-02
1.667146757245063782e-02
1.665981486439704895e-02
1.664387248456478119e-02
1.663952507078647614e-02
1.662302576005458832e-02
1.661464758217334747e-02
1.658571138978004456e-02
1.655458658933639526e-02
1.652277633547782898e-02
1.649639010429382324e-02
1.648166030645370483e-02
1.646281406283378601e-02
1.644540578126907349e-02
1.641904190182685852e-02
1.640769280493259430e-02
1.639676280319690704e-02
1.638614013791084290e-02
1.636253111064434052e-02
1.633521541953086853e-02
1.631719432771205902e-02
1.630489341914653778e-02
1.628968678414821625e-02
1.627735234797000885e-02
1.624605432152748108e-02
1.621387153863906860e-02
1.621470227837562561e-02
1.619253680109977722e-02
1.615561172366142273e-02
1.613112166523933411e-02
1.611795835196971893e-02
1.610626280307769775e-02
1.609014905989170074e-02
1.607082597911357880e-02
1.604597643017768860e-02
1.603278703987598419e-02
1.602243073284626007e-02
1.601052097976207733e-02
1.600342616438865662e-02
1.599218696355819702e-02
1.598307117819786072e-02
1.597527787089347839e-02
1.595978625118732452e-02
1.602690666913986206e-02
1.594283804297447205e-02
1.591016910970211029e-02
1.586195081472396851e-02
1.583908125758171082e-02
1.580347307026386261e-02
1.578301750123500824e-02
1.576361060142517090e-02
1.574115641415119171e-02
1.571484282612800598e-02
1.569480076432228088e-02
1.567450724542140961e-02
1.565457880496978760e-02
1.562936976552009583e-02
1.559716835618019104e-02
1.556632854044437408e-02
1.552488002926111221e-02
1.547395344823598862e-02
1.541503053158521652e-02
1.537023298442363739e-02
1.533873751759529114e-02
1.531564071774482727e-02
1.528179273009300232e-02
1.527266670018434525e-02
1.523708365857601166e-02
1.522205397486686707e-02
1.520466059446334839e-02
1.518203690648078918e-02
1.516358181834220886e-02
1.514608692377805710e-02
1.512609049677848816e-02
1.511079631745815277e-02
1.508281566202640533e-02
1.505500823259353638e-02
1.504287123680114746e-02
1.499638706445693970e-02
1.497882790863513947e-02
1.496180519461631775e-02
1.494886167347431183e-02
1.492940355092287064e-02
1.489559654146432877e-02
1.485776156187057495e-02
1.480841264128684998e-02
1.477601658552885056e-02
1.474766246974468231e-02
1.472381409257650375e-02
1.468241773545742035e-02
1.463795732706785202e-02
1.458642445504665375e-02
1.454904768615961075e-02
1.452278625220060349e-02
1.450796984136104584e-02
1.449283212423324585e-02
1.446881145238876343e-02
1.444400660693645477e-02
1.442367583513259888e-02
1.441035140305757523e-02
1.438926253467798233e-02
1.436621136963367462e-02
1.434092596173286438e-02
1.430922187864780426e-02
1.428344845771789551e-02
1.426001079380512238e-02
1.426033116877079010e-02
1.424836646765470505e-02
1.423535495996475220e-02
1.421408168971538544e-02
1.420050766319036484e-02
1.417865604162216187e-02
1.415757741779088974e-02
1.413960941135883331e-02
1.412657648324966431e-02
1.411520317196846008e-02
1.410259120166301727e-02
1.409213617444038391e-02
1.407688390463590622e-02
1.406192407011985779e-02
1.404430251568555832e-02
1.402753405272960663e-02
1.400695182383060455e-02
1.399337779730558395e-02
1.398239191621541977e-02
1.396858040243387222e-02
1.396013423800468445e-02
1.394434180110692978e-02
1.393963489681482315e-02
1.390287838876247406e-02
1.387610938400030136e-02
1.384651474654674530e-02
1.382308267056941986e-02
1.381741836667060852e-02
1.379280537366867065e-02
1.378339249640703201e-02
1.376095972955226898e-02
1.372641324996948242e-02
1.368992030620574951e-02
1.374735590070486069e-02
1.367997378110885620e-02
1.366095524281263351e-02
1.364878006279468536e-02
1.363834831863641739e-02
1.361582241952419281e-02
1.359260268509387970e-02
1.357008423656225204e-02
1.355171389877796173e-02
1.353690214455127716e-02
1.353263668715953827e-02
1.350649353116750717e-02
1.349410042166709900e-02
1.348453946411609650e-02
1.348022650927305222e-02
1.347045693546533585e-02
1.346424128860235214e-02
1.345491223037242889e-02
1.344389002770185471e-02
1.343200542032718658e-02
1.341446489095687866e-02
1.339842565357685089e-02
1.338408514857292175e-02
1.337510533630847931e-02
1.336677279323339462e-02
1.335236616432666779e-02
1.334491558372974396e-02
1.333014108240604401e-02
1.331870630383491516e-02
1.330906897783279419e-02
1.328536495566368103e-02
1.326624210923910141e-02
1.324502751231193542e-02
1.323209051042795181e-02
1.322061847895383835e-02
1.320752874016761780e-02
1.320197526365518570e-02
1.319726463407278061e-02
1.319419685751199722e-02
1.318936515599489212e-02
1.317667867988348007e-02
1.316516101360321045e-02
1.315397955477237701e-02
1.314322091639041901e-02
1.312855072319507599e-02
1.310566905885934830e-02
1.307456661015748978e-02
1.305819861590862274e-02
1.304400525987148285e-02
1.303348597139120102e-02
1.302540674805641174e-02
1.301264762878417969e-02
1.300396490842103958e-02
1.298795174807310104e-02
1.297275722026824951e-02
1.295991055667400360e-02
1.293976791203022003e-02
1.292832847684621811e-02
1.290825288742780685e-02
1.289439015090465546e-02
1.287851668894290924e-02
1.286583393812179565e-02
1.284443028271198273e-02
1.281158253550529480e-02
1.280296407639980316e-02
1.275359466671943665e-02
1.273284107446670532e-02
1.272042840719223022e-02
1.270903460681438446e-02
1.270361710339784622e-02
1.269393973052501678e-02
1.268597133457660675e-02
1.267249509692192078e-02
1.265980489552021027e-02
1.264717336744070053e-02
1.264064386487007141e-02
1.263112574815750122e-02
1.262304373085498810e-02
1.261129323393106461e-02
1.260388176888227463e-02
1.259363535791635513e-02
1.258786488324403763e-02
1.258039008826017380e-02
1.257302146404981613e-02
1.256112940609455109e-02
1.254163682460784912e-02
1.252550259232521057e-02
1.251307874917984009e-02
1.251611858606338501e-02
1.250743493437767029e-02
1.249936874955892563e-02
1.248266547918319702e-02
1.246695872396230698e-02
1.244270708411931992e-02
1.240859739482402802e-02
1.237345207482576370e-02
1.234295591711997986e-02
1.231300644576549530e-02
1.227931678295135498e-02
1.224628929048776627e-02
1.221514958888292313e-02
1.219431310892105103e-02
1.217069197446107864e-02
1.215715613216161728e-02
1.213964540511369705e-02
1.211916469037532806e-02
1.209870353341102600e-02
1.208662055432796478e-02
1.207453198730945587e-02
1.206807419657707214e-02
1.206246670335531235e-02
1.205332763493061066e-02
1.204047538340091705e-02
1.203239709138870239e-02
1.202442962676286697e-02
1.201829873025417328e-02
1.201325841248035431e-02
1.200429908931255341e-02
1.199111528694629669e-02
1.197882927954196930e-02
1.197863928973674774e-02
1.197466067969799042e-02
1.197033002972602844e-02
1.196545083075761795e-02
1.196221634745597839e-02
1.195768080651760101e-02
1.195365190505981445e-02
1.194876804947853088e-02
1.194109581410884857e-02
1.192463561892509460e-02
1.191678084433078766e-02
1.189941726624965668e-02
1.189087145030498505e-02
1.188172958791255951e-02
1.187580265104770660e-02
1.187010947614908218e-02
1.185781881213188171e-02
1.185234449803829193e-02
1.183959003537893295e-02
1.182497479021549225e-02
1.181682758033275604e-02
1.178980246186256409e-02
1.177634205669164658e-02
1.176693663001060486e-02
1.175518333911895752e-02
1.174943707883358002e-02
1.174442470073699951e-02
1.173892617225646973e-02
1.172321289777755737e-02
1.170985307544469833e-02
1.169597636908292770e-02
1.168098114430904388e-02
1.166319847106933594e-02
1.163747161626815796e-02
1.161072682589292526e-02
1.157876569777727127e-02
1.154716592282056808e-02
1.151402760297060013e-02
1.148954499512910843e-02
1.146001182496547699e-02
1.142963021993637085e-02
1.141154486685991287e-02
1.139023900032043457e-02
1.135976612567901611e-02
1.132357865571975708e-02
1.128063164651393890e-02
1.126593817025423050e-02
1.124974898993968964e-02
1.124378480017185211e-02
1.123731676489114761e-02
1.122192293405532837e-02
1.120756193995475769e-02
1.117435004562139511e-02
1.118611730635166168e-02
1.116373203694820404e-02
1.114076655358076096e-02
1.113232597708702087e-02
1.112761721014976501e-02
1.112326886504888535e-02
1.111496984958648682e-02
1.110194530338048935e-02
1.108585111796855927e-02
1.107302121818065643e-02
1.106329727917909622e-02
1.104080304503440857e-02
1.103456318378448486e-02
1.101484056562185287e-02
1.099637150764465332e-02
1.098768413066864014e-02
1.097411382943391800e-02
1.096090115606784821e-02
1.094462070614099503e-02
1.093497313559055328e-02
1.092823408544063568e-02
1.092316396534442902e-02
1.091812178492546082e-02
1.091304793953895569e-02
1.092640683054924011e-02
1.091124303638935089e-02
1.090820040553808212e-02
1.090294588357210159e-02
1.089485548436641693e-02
1.088139135390520096e-02
1.086763478815555573e-02
1.085740141570568085e-02
1.084974594414234161e-02
1.084374636411666870e-02
1.083864551037549973e-02
1.082789152860641479e-02
1.081893965601921082e-02
1.081263739615678787e-02
1.080236956477165222e-02
1.077845506370067596e-02
1.090450119227170944e-02
1.077058352530002594e-02
1.074741873890161514e-02
1.076435297727584839e-02
1.073969993740320206e-02
1.072537247091531754e-02
1.072107069194316864e-02
1.071441173553466797e-02
1.070722937583923340e-02
1.069606654345989227e-02
1.068676728755235672e-02
1.067539490759372711e-02
1.066745538264513016e-02
1.065700408071279526e-02
1.063997764140367508e-02
1.062787231057882309e-02
1.062035467475652695e-02
1.061355601996183395e-02
1.060676481574773788e-02
1.059636287391185760e-02
1.059029065072536469e-02
1.058172155171632767e-02
1.057325862348079681e-02
1.056372653692960739e-02
1.055572926998138428e-02
1.054880023002624512e-02
1.053918618708848953e-02
1.052921265363693237e-02
1.052085123956203461e-02
1.051277387887239456e-02
1.050644367933273315e-02
1.050165481865406036e-02
1.049733720719814301e-02
1.049363985657691956e-02
1.049145124852657318e-02
1.048755925148725510e-02
1.048317551612854004e-02
1.048445608466863632e-02
1.047938223928213120e-02
1.047569885849952698e-02
1.047404203563928604e-02
1.047093048691749573e-02
1.046936772763729095e-02
1.046463102102279663e-02
1.045971456915140152e-02
1.045367866754531860e-02
1.044985465705394745e-02
1.044371072202920914e-02
1.043896563351154327e-02
1.043529342859983444e-02
1.043449807912111282e-02
1.042799092829227448e-02
1.042471826076507568e-02
1.041969936341047287e-02
1.041282527148723602e-02
1.041081547737121582e-02
1.040730439126491547e-02
1.040458865463733673e-02
1.040310412645339966e-02
1.039819978177547455e-02
1.039280463010072708e-02
1.038269419223070145e-02
1.037243846803903580e-02
1.036285050213336945e-02
1.035607513040304184e-02
1.035162713378667831e-02
1.034881174564361572e-02
1.033640000969171524e-02
1.033106725662946701e-02
1.032552868127822876e-02
1.032057497650384903e-02
1.031701546162366867e-02
1.030471734702587128e-02
1.029725559055805206e-02
1.028903760015964508e-02
1.028257235884666443e-02
1.028593350201845169e-02
1.027883309870958328e-02
1.027083396911621094e-02
1.026170980185270309e-02
1.024850085377693176e-02
1.025982294231653214e-02
1.023858040571212769e-02
1.022571697831153870e-02
1.022481918334960938e-02
1.021719723939895630e-02
1.020818483084440231e-02
1.020339783281087875e-02
1.019676495343446732e-02
1.018804125487804413e-02
1.018140837550163269e-02
1.017166767269372940e-02
1.016393490135669708e-02
1.015404984354972839e-02
1.014867890626192093e-02
1.014534197747707367e-02
1.014145649969577789e-02
1.013677474111318588e-02
1.013065688312053680e-02
1.012003421783447266e-02
1.010987441986799240e-02
1.010722108185291290e-02
1.008380018174648285e-02
1.007545925676822662e-02
1.006308104842901230e-02
1.006176881492137909e-02
1.004611980170011520e-02
1.003593765199184418e-02
1.002533454447984695e-02
1.001909282058477402e-02
1.001406181603670120e-02
1.000880915671586990e-02
1.000288967043161392e-02
1.001171953976154327e-02
9.999688714742660522e-03
9.990796446800231934e-03
9.982474148273468018e-03
9.971857070922851562e-03
9.960660710930824280e-03
9.954798966646194458e-03
9.937694296240806580e-03
9.931304492056369781e-03
9.927376173436641693e-03
9.925084188580513000e-03
9.922108612954616547e-03
9.919659234583377838e-03
9.940505959093570709e-03
9.918205440044403076e-03
9.915956296026706696e-03
9.912765584886074066e-03
9.907206520438194275e-03
9.899432770907878876e-03
9.905477985739707947e-03
9.894698858261108398e-03
9.887157939374446869e-03
9.879776276648044586e-03
9.872875176370143890e-03
9.865446016192436218e-03
9.853937663137912750e-03
9.836613200604915619e-03
9.836190380156040192e-03
9.832730516791343689e-03
9.826056659221649170e-03
9.819927625358104706e-03
9.815267287194728851e-03
9.809099137783050537e-03
9.803050197660923004e-03
9.799405001103878021e-03
9.796127676963806152e-03
9.790673851966857910e-03
9.776690043509006500e-03
9.768887422978878021e-03
9.757943451404571533e-03
9.752604179084300995e-03
9.744533337652683258e-03
9.737697429955005646e-03
9.727303870022296906e-03
9.720376692712306976e-03
9.711198508739471436e-03
9.703985415399074554e-03
9.689350612461566925e-03
9.678611531853675842e-03
9.666277095675468445e-03
9.655226953327655792e-03
9.648436680436134338e-03
9.642803110182285309e-03
9.637743234634399414e-03
9.633399546146392822e-03
9.628921747207641602e-03
9.625766426324844360e-03
9.620604105293750763e-03
9.613920934498310089e-03
9.606949985027313232e-03
9.592942893505096436e-03
9.587039239704608917e-03
9.581197053194046021e-03
9.577088989317417145e-03
9.571977891027927399e-03
9.564982727169990540e-03
9.550271555781364441e-03
9.694586507976055145e-03
9.547895751893520355e-03
9.540090337395668030e-03
9.532006457448005676e-03
9.527996182441711426e-03
9.522492066025733948e-03
9.514264762401580811e-03
9.506185539066791534e-03
9.497788734734058380e-03
9.488372132182121277e-03
9.486064314842224121e-03
9.483614936470985413e-03
9.482013061642646790e-03
9.480554610490798950e-03
9.478027001023292542e-03
9.476395323872566223e-03
9.471195749938488007e-03
9.466346353292465210e-03
9.460711851716041565e-03
9.453917853534221649e-03
9.463096968829631805e-03
9.450759738683700562e-03
9.444221854209899902e-03
9.438448585569858551e-03
9.433075785636901855e-03
9.434675797820091248e-03
9.429702535271644592e-03
9.421697817742824554e-03
9.413976222276687622e-03
9.406197816133499146e-03
9.399605914950370789e-03
9.387285448610782623e-03
9.374296292662620544e-03
9.360023774206638336e-03
9.353594854474067688e-03
9.350743144750595093e-03
9.344385005533695221e-03
9.334709495306015015e-03
9.322255849838256836e-03
9.315003640949726105e-03
9.308652952313423157e-03
9.300526231527328491e-03
9.328032843768596649e-03
9.295323863625526428e-03
9.291039779782295227e-03
9.285907261073589325e-03
9.281458333134651184e-03
9.273374453186988831e-03
9.275620803236961365e-03
9.270965121686458588e-03
9.266301989555358887e-03
9.262295439839363098e-03
9.258551523089408875e-03
9.253837168216705322e-03
9.242130443453788757e-03
9.239147417247295380e-03
9.222363121807575226e-03
9.213982149958610535e-03
9.205522947013378143e-03
9.199681691825389862e-03
9.195153601467609406e-03
9.179893881082534790e-03
9.166534990072250366e-03
9.149980731308460236e-03
9.127432480454444885e-03
9.117339737713336945e-03
9.098527953028678894e-03
9.111357852816581726e-03
9.092165157198905945e-03
9.080771356821060181e-03
9.066908620297908783e-03
9.048491716384887695e-03
9.029993787407875061e-03
9.017455391585826874e-03
9.012921713292598724e-03
9.002141654491424561e-03
8.993603289127349854e-03
8.981163613498210907e-03
8.971164003014564514e-03
8.959732949733734131e-03
8.946599438786506653e-03
8.938740938901901245e-03
8.933715522289276123e-03
8.922712877392768860e-03
8.917206898331642151e-03
8.909254334867000580e-03
8.903509937226772308e-03
8.893095888197422028e-03
8.912608027458190918e-03
8.888384327292442322e-03
8.879411034286022186e-03
8.862639777362346649e-03
8.851866237819194794e-03
8.839969523251056671e-03
8.827356621623039246e-03
8.817905560135841370e-03
8.812999352812767029e-03
8.805594407021999359e-03
8.801808580756187439e-03
8.798042312264442444e-03
8.791632018983364105e-03
8.786281570792198181e-03
8.779196999967098236e-03
8.773081004619598389e-03
8.768153376877307892e-03
8.768317289650440216e-03
8.765351027250289917e-03
8.762323297560214996e-03
8.759547956287860870e-03
8.756445720791816711e-03
8.751446381211280823e-03
8.746366016566753387e-03
8.746599778532981873e-03
8.742935955524444580e-03
8.738363161683082581e-03
8.735270239412784576e-03
8.730515837669372559e-03
8.726569823920726776e-03
8.720240555703639984e-03
8.712982758879661560e-03
8.703371509909629822e-03
8.698249235749244690e-03
8.692569099366664886e-03
8.689452894032001495e-03
8.685057982802391052e-03
8.678950369358062744e-03
8.671339601278305054e-03
8.668166585266590118e-03
8.662447333335876465e-03
8.656173944473266602e-03
8.649329654872417450e-03
8.642465807497501373e-03
8.635801263153553009e-03
8.630388416349887848e-03
8.626600727438926697e-03
8.623095229268074036e-03
8.614631369709968567e-03
8.600817993283271790e-03
8.590611629188060760e-03
8.584095165133476257e-03
8.570110425353050232e-03
8.564957417547702789e-03
8.559953421354293823e-03
8.549885824322700500e-03
8.545259945094585419e-03
8.542370982468128204e-03
8.540082722902297974e-03
8.535818196833133698e-03
8.530641905963420868e-03
8.525247685611248016e-03
8.516517467796802521e-03
8.506680838763713837e-03
8.499783463776111603e-03
8.490340784192085266e-03
8.565561845898628235e-03
8.484746329486370087e-03
8.475687354803085327e-03
8.461989462375640869e-03
8.451349101960659027e-03
8.442298509180545807e-03
8.429732173681259155e-03
8.432821370661258698e-03
8.425637148320674896e-03
8.417509496212005615e-03
8.403333835303783417e-03
8.396712131798267365e-03
8.393440395593643188e-03
8.393175899982452393e-03
8.391192182898521423e-03
8.387323468923568726e-03
8.382083848118782043e-03
8.374690078198909760e-03
8.367016911506652832e-03
8.361148647964000702e-03
8.355704136192798615e-03
8.352124132215976715e-03
8.345422334969043732e-03
8.338490501046180725e-03
8.331432007253170013e-03
8.324075490236282349e-03
8.320730179548263550e-03
8.312422782182693481e-03
8.305627852678298950e-03
8.295491337776184082e-03
8.286805823445320129e-03
8.280972018837928772e-03
8.276150561869144440e-03
8.270461112260818481e-03
8.264503441751003265e-03
8.259803056716918945e-03
8.253082633018493652e-03
8.246092125773429871e-03
8.241740055382251740e-03
8.237051777541637421e-03
8.232827298343181610e-03
8.229362778365612030e-03
8.227273821830749512e-03
8.224700577557086945e-03
8.221941068768501282e-03
8.219860494136810303e-03
8.217467926442623138e-03
8.214542642235755920e-03
8.212118409574031830e-03
8.209449239075183868e-03
8.207782171666622162e-03
8.206039667129516602e-03
8.203099481761455536e-03
8.200886659324169159e-03
8.198099210858345032e-03
8.195187896490097046e-03
8.191698230803012848e-03
8.188358508050441742e-03
8.183650672435760498e-03
8.178638294339179993e-03
8.174165152013301849e-03
8.172088302671909332e-03
8.168433792889118195e-03
8.166549727320671082e-03
8.164010941982269287e-03
8.161373436450958252e-03
8.158884942531585693e-03
8.155405521392822266e-03
8.152183145284652710e-03
8.141670376062393188e-03
8.136196061968803406e-03
8.129211142659187317e-03
8.129692636430263519e-03
8.125877007842063904e-03
8.120688609778881073e-03
8.116670884191989899e-03
8.112713694572448730e-03
8.109662681818008423e-03
8.106339722871780396e-03
8.104860782623291016e-03
8.100737817585468292e-03
8.097799494862556458e-03
8.092962205410003662e-03
8.082404732704162598e-03
8.075698278844356537e-03
8.067680522799491882e-03
8.062808774411678314e-03
8.056514896452426910e-03
8.049350231885910034e-03
8.039521053433418274e-03
8.081874810159206390e-03
8.036122657358646393e-03
8.028800599277019501e-03
8.019814267754554749e-03
8.012459613382816315e-03
8.003577589988708496e-03
7.994726300239562988e-03
7.988577708601951599e-03
7.982122711837291718e-03
7.977829314768314362e-03
7.972441613674163818e-03
7.968330755829811096e-03
7.964726537466049194e-03
7.960985414683818817e-03
7.956215180456638336e-03
7.953674532473087311e-03
7.950348779559135437e-03
7.946350611746311188e-03
7.943480275571346283e-03
7.939266972243785858e-03
7.934210821986198425e-03
7.924476638436317444e-03
7.915122434496879578e-03
7.906730286777019501e-03
7.901372388005256653e-03
7.899092510342597961e-03
7.895965129137039185e-03
7.893077097833156586e-03
7.887513376772403717e-03
7.886063307523727417e-03
7.877345196902751923e-03
7.873948663473129272e-03
7.869639433920383453e-03
7.865129970014095306e-03
7.860003970563411713e-03
7.854409515857696533e-03
7.854055613279342651e-03
7.851596921682357788e-03
7.847473956644535065e-03
7.843805477023124695e-03
7.840869948267936707e-03
7.837554439902305603e-03
7.833432406187057495e-03
7.832083851099014282e-03
7.827954366803169250e-03
7.826170884072780609e-03
7.823267951607704163e-03
7.820239290595054626e-03
7.816462777554988861e-03
7.817730307579040527e-03
7.814769633114337921e-03
7.811537478119134903e-03
7.809401489794254303e-03
7.806340232491493225e-03
7.803414016962051392e-03
7.801479194313287735e-03
7.796235382556915283e-03
7.793721742928028107e-03
7.791225798428058624e-03
7.788561284542083740e-03
7.782946340739727020e-03
7.777287159115076065e-03
7.773698773235082626e-03
7.769662421196699142e-03
7.766602560877799988e-03
7.765792775899171829e-03
7.756480015814304352e-03
7.751964963972568512e-03
7.747314870357513428e-03
7.744021248072385788e-03
7.750682998448610306e-03
7.741372101008892059e-03
7.737386506050825119e-03
7.730690762400627136e-03
7.727160118520259857e-03
7.723372429609298706e-03
7.719506975263357162e-03
7.714800536632537842e-03
7.710554637014865875e-03
7.707471493631601334e-03
7.703800685703754425e-03
7.701179012656211853e-03
7.698419503867626190e-03
7.692945655435323715e-03
7.684469688683748245e-03
7.679825183004140854e-03
7.674494292587041855e-03
7.671035826206207275e-03
7.668438367545604706e-03
7.664312142878770828e-03
7.664912845939397812e-03
7.662544492632150650e-03
7.660439703613519669e-03
7.658532354980707169e-03
7.656514644622802734e-03
7.653822656720876694e-03
7.648800034075975418e-03
7.644575089216232300e-03
7.641735486686229706e-03
7.639539893716573715e-03
7.637989707291126251e-03
7.636571768671274185e-03
7.635487243533134460e-03
7.633906323462724686e-03
7.632664870470762253e-03
7.630995474755764008e-03
7.629089988768100739e-03
7.626785896718502045e-03
7.623381447046995163e-03
7.620523218065500259e-03
7.618229836225509644e-03
7.615933194756507874e-03
7.611367385834455490e-03
7.606858387589454651e-03
7.602330297231674194e-03
7.595275528728961945e-03
7.594942115247249603e-03
7.591333240270614624e-03
7.586354389786720276e-03
7.580233272165060043e-03
7.576410192996263504e-03
7.573055569082498550e-03
7.569120731204748154e-03
7.622924633324146271e-03
7.567710243165493011e-03
7.562918122857809067e-03
7.588086649775505066e-03
7.561675738543272018e-03
7.558040786534547806e-03
7.556234020739793777e-03
7.554599549621343613e-03
7.552645169198513031e-03
7.549139205366373062e-03
7.550803478807210922e-03
7.547560147941112518e-03
7.544172927737236023e-03
7.541909348219633102e-03
7.540093734860420227e-03
7.538815960288047791e-03
7.536512799561023712e-03
7.534020580351352692e-03
7.531180977821350098e-03
7.534316740930080414e-03
7.530172355473041534e-03
7.528558373451232910e-03
7.526165805757045746e-03
7.523894775658845901e-03
7.519909180700778961e-03
7.571123540401458740e-03
7.518940139561891556e-03
7.514702156186103821e-03
7.510549854487180710e-03
7.507713511586189270e-03
7.505305111408233643e-03
7.501777727156877518e-03
7.500349543988704681e-03
7.494439370930194855e-03
7.491576019674539566e-03
7.488809991627931595e-03
7.485559675842523575e-03
7.496061734855175018e-03
7.483011111617088318e-03
7.477251812815666199e-03
7.471372839063405991e-03
7.467799820005893707e-03
7.463770918548107147e-03
7.458880543708801270e-03
7.452143356204032898e-03
7.447073236107826233e-03
7.439573761075735092e-03
7.433505728840827942e-03
7.427130825817584991e-03
7.418172433972358704e-03
7.410795427858829498e-03
7.426356896758079529e-03
7.406713441014289856e-03
7.402059622108936310e-03
7.397873327136039734e-03
7.393629755824804306e-03
7.387651130557060242e-03
7.380575407296419144e-03
7.373268250375986099e-03
7.366583682596683502e-03
7.361087948083877563e-03
7.357534021139144897e-03
7.354476954787969589e-03
7.351705804467201233e-03
7.349459454417228699e-03
7.347670849412679672e-03
7.344024255871772766e-03
7.383667863905429840e-03
7.343091536313295364e-03
7.338768802583217621e-03
7.334511261433362961e-03
7.331044878810644150e-03
7.328343112021684647e-03
7.325675338506698608e-03
7.320364005863666534e-03
7.313838228583335876e-03
7.311313413083553314e-03
7.304904516786336899e-03
7.302061654627323151e-03
7.299008779227733612e-03
7.299873046576976776e-03
7.297356612980365753e-03
7.294076960533857346e-03
7.290550507605075836e-03
7.287131622433662415e-03
7.284091319888830185e-03
7.281786762177944183e-03
7.279355544596910477e-03
7.277020253241062164e-03
7.274235598742961884e-03
7.272121962159872055e-03
7.268635556101799011e-03
7.266084197908639908e-03
7.263187784701585770e-03
7.259202655404806137e-03
7.255344651639461517e-03
7.249211426824331284e-03
7.243093103170394897e-03
7.239822298288345337e-03
7.236064411699771881e-03
7.234483491629362106e-03
7.230323739349842072e-03
7.225958630442619324e-03
7.222495973110198975e-03
7.217850070446729660e-03
7.214632350951433182e-03
7.210636511445045471e-03
7.207877002656459808e-03
7.205600850284099579e-03
7.202773354947566986e-03
7.198854815214872360e-03
7.195202168077230453e-03
7.190652191638946533e-03
7.185688707977533340e-03
7.179271429777145386e-03
7.174951024353504181e-03
7.176499813795089722e-03
7.171300239861011505e-03
7.166777737438678741e-03
7.165016140788793564e-03
7.161571178585290909e-03
7.157685235142707825e-03
7.158505730330944061e-03
7.155351340770721436e-03
7.151687517762184143e-03
7.148193195462226868e-03
7.146439980715513229e-03
7.146748714148998260e-03
7.145313546061515808e-03
7.143776863813400269e-03
7.142543792724609375e-03
7.140245754271745682e-03
7.138230837881565094e-03
7.133113220334053040e-03
7.131203077733516693e-03
7.128816097974777222e-03
7.125359028577804565e-03
7.125576026737689972e-03
7.123003713786602020e-03
7.119728717952966690e-03
7.117277942597866058e-03
7.113801781088113785e-03
7.109250873327255249e-03
7.104972843080759048e-03
7.103998214006423950e-03
7.099983748048543930e-03
7.098187226802110672e-03
7.093060761690139771e-03
7.090454921126365662e-03
7.088504731655120850e-03
7.087714970111846924e-03
7.086727768182754517e-03
7.085712626576423645e-03
7.084610406309366226e-03
7.083387579768896103e-03
7.083754055202007294e-03
7.082317955791950226e-03
7.080677896738052368e-03
7.079184055328369141e-03
7.078190334141254425e-03
7.077034097164869308e-03
7.075097877532243729e-03
7.072017528116703033e-03
7.067999802529811859e-03
7.062764372676610947e-03
7.056656293570995331e-03
7.050121203064918518e-03
7.045882288366556168e-03
7.041501812636852264e-03
7.038328796625137329e-03
7.035279646515846252e-03
7.032205350697040558e-03
7.028063293546438217e-03
7.043835707008838654e-03
7.026861887425184250e-03
7.024613674730062485e-03
7.020875345915555954e-03
7.016891147941350937e-03
7.012629881501197815e-03
7.007594220340251923e-03
7.003280799835920334e-03
6.997074466198682785e-03
6.994203664362430573e-03
6.991835311055183411e-03
6.991455797106027603e-03
6.990174297243356705e-03
6.989296525716781616e-03
6.987735163420438766e-03
6.985849700868129730e-03
6.994091439992189407e-03
6.984823383390903473e-03
6.983039434999227524e-03
6.981211714446544647e-03
6.979528814554214478e-03
6.976770237088203430e-03
6.976111792027950287e-03
6.971948780119419098e-03
6.970223039388656616e-03
6.968272849917411804e-03
6.965607870370149612e-03
6.962575018405914307e-03
6.957138422876596451e-03
6.953553762286901474e-03
6.948973052203655243e-03
6.945063825696706772e-03
6.942031439393758774e-03
6.937779951840639114e-03
6.936516612768173218e-03
6.932678166776895523e-03
6.929129827767610550e-03
6.943210959434509277e-03
6.927990820258855820e-03
6.925384979695081711e-03
6.923974491655826569e-03
6.922678556293249130e-03
6.921054329723119736e-03
6.918099708855152130e-03
6.917047780007123947e-03
6.913222372531890869e-03
6.911889649927616119e-03
6.910081021487712860e-03
6.908839102834463120e-03
6.908994633704423904e-03
6.907982286065816879e-03
6.906793918460607529e-03
6.906118709594011307e-03
6.904865615069866180e-03
6.903521716594696045e-03
6.902314722537994385e-03
6.900242064148187637e-03
6.898952648043632507e-03
6.896675564348697662e-03
6.894523743540048599e-03
6.891363300383090973e-03
6.888967473059892654e-03
6.885941140353679657e-03
6.884473375976085663e-03
6.880694068968296051e-03
6.878912914544343948e-03
6.877169013023376465e-03
6.874823477119207382e-03
6.872900296002626419e-03
6.871870253235101700e-03
6.870177574455738068e-03
6.868817377835512161e-03
6.867909338325262070e-03
6.866284180432558060e-03
6.863776128739118576e-03
6.860911846160888672e-03
6.858568638563156128e-03
6.856855005025863647e-03
6.853439845144748688e-03
6.849694065749645233e-03
6.844973191618919373e-03
6.846609525382518768e-03
6.843365728855133057e-03
6.840754300355911255e-03
6.838761735707521439e-03
6.835177540779113770e-03
6.831443868577480316e-03
6.827727425843477249e-03
6.825843825936317444e-03
6.824076641350984573e-03
6.822862662374973297e-03
6.821422372013330460e-03
6.818539928644895554e-03
6.823057774454355240e-03
6.817181129008531570e-03
6.814771797508001328e-03
6.811221595853567123e-03
6.808414589613676071e-03
6.805978715419769287e-03
6.805687211453914642e-03
6.802167277783155441e-03
6.800851784646511078e-03
6.799122318625450134e-03
6.797567475587129593e-03
6.797463633120059967e-03
6.795930676162242889e-03
6.793469190597534180e-03
6.792184431105852127e-03
6.790436804294586182e-03
6.789519917219877243e-03
6.788709666579961777e-03
6.787941325455904007e-03
6.787118036299943924e-03
6.786264479160308838e-03
6.784349214285612106e-03
6.782734766602516174e-03
6.781009957194328308e-03
6.779826246201992035e-03
6.778852082788944244e-03
6.777695845812559128e-03
6.776902358978986740e-03
6.775760091841220856e-03
6.774638779461383820e-03
6.773145869374275208e-03
6.768875755369663239e-03
6.779850926250219345e-03
6.768248975276947021e-03
6.766717880964279175e-03
6.764671299606561661e-03
6.761294789612293243e-03
6.758285686373710632e-03
6.757253315299749374e-03
6.754312664270401001e-03
6.753344088792800903e-03
6.751309148967266083e-03
6.747981533408164978e-03
6.747643463313579559e-03
6.744593847543001175e-03
6.739236880093812943e-03
6.734369322657585144e-03
6.731557194143533707e-03
6.728841923177242279e-03
6.726121529936790466e-03
6.721801124513149261e-03
6.719577126204967499e-03
6.716525182127952576e-03
6.714785937219858170e-03
6.713199429214000702e-03
6.709945853799581528e-03
6.710749585181474686e-03
6.707998458296060562e-03
6.704205181449651718e-03
6.698567885905504227e-03
6.693266797810792923e-03
6.690511479973793030e-03
6.690347101539373398e-03
6.689263042062520981e-03
6.688316352665424347e-03
6.686700973659753799e-03
6.684691179543733597e-03
6.682288832962512970e-03
6.679857149720191956e-03
6.684245076030492783e-03
6.678950041532516479e-03
6.678321864455938339e-03
6.677269935607910156e-03
6.676524877548217773e-03
6.699234247207641602e-03
6.676278077065944672e-03
6.675422657281160355e-03
6.674541160464286804e-03
6.673383992165327072e-03
6.672351621091365814e-03
6.671174429357051849e-03
6.670172326266765594e-03
6.669136695563793182e-03
6.667339708656072617e-03
6.665697321295738220e-03
6.662660744041204453e-03
6.664465181529521942e-03
6.661427207291126251e-03
6.659496575593948364e-03
6.658025085926055908e-03
6.655944045633077621e-03
6.654362194240093231e-03
6.652265321463346481e-03
6.650614086538553238e-03
6.649720482528209686e-03
6.647896487265825272e-03
6.645146291702985764e-03
6.682353094220161438e-03
6.644003558903932571e-03
6.640701554715633392e-03
6.637316197156906128e-03
6.635073572397232056e-03
6.630867719650268555e-03
6.630186922848224640e-03
6.627078633755445480e-03
6.619971711188554764e-03
6.615726277232170105e-03
6.612196099013090134e-03
6.608272902667522430e-03
6.605169735848903656e-03
6.600833963602781296e-03
6.599506828933954239e-03
6.594846956431865692e-03
6.587777286767959595e-03
6.579749751836061478e-03
6.575179286301136017e-03
6.568611599504947662e-03
6.563867907971143723e-03
6.559513509273529053e-03
6.557184271514415741e-03
6.552647799253463745e-03
6.550516467541456223e-03
6.546302698552608490e-03
6.543328054249286652e-03
6.540595088154077530e-03
6.540201138705015182e-03
6.537798326462507248e-03
6.536261644214391708e-03
6.533702369779348373e-03
6.530347745865583420e-03
6.528829224407672882e-03
6.524547934532165527e-03
6.522516719996929169e-03
6.515440531075000763e-03
6.508688442409038544e-03
6.502218544483184814e-03
6.497206166386604309e-03
6.494351197034120560e-03
6.491054315119981766e-03
6.486263591796159744e-03
6.533712148666381836e-03
6.485159508883953094e-03
6.482141092419624329e-03
6.479564122855663300e-03
6.477741524577140808e-03
6.476112175732851028e-03
6.474641151726245880e-03
6.473747082054615021e-03
6.472387351095676422e-03
6.470717024058103561e-03
6.468610372394323349e-03
6.465973332524299622e-03
6.463614758104085922e-03
6.462672259658575058e-03
6.461493205279111862e-03
6.459959782660007477e-03
6.457532756030559540e-03
6.455471273511648178e-03
6.451255641877651215e-03
6.448364816606044769e-03
6.442721933126449585e-03
6.440069526433944702e-03
6.436306983232498169e-03
6.432682275772094727e-03
6.430044770240783691e-03
6.428148131817579269e-03
6.425694562494754791e-03
6.423824466764926910e-03
6.422314792871475220e-03
6.424714345484972000e-03
6.421456579118967056e-03
6.420292425900697708e-03
6.418332923203706741e-03
6.417103577405214310e-03
6.415626965463161469e-03
6.413879338651895523e-03
6.417905446141958237e-03
6.413155701011419296e-03
6.411549635231494904e-03
6.409487221390008926e-03
6.411020644009113312e-03
6.408084183931350708e-03
6.404764018952846527e-03
6.401162594556808472e-03
6.397935096174478531e-03
6.397596094757318497e-03
6.395437754690647125e-03
6.394092459231615067e-03
6.393296644091606140e-03
6.391092203557491302e-03
6.387557368725538254e-03
6.387162022292613983e-03
6.384621374309062958e-03
6.378756836056709290e-03
6.375035736709833145e-03
6.371285766363143921e-03
6.369373761117458344e-03
6.367107853293418884e-03
6.363535765558481216e-03
6.360352504998445511e-03
6.356447935104370117e-03
6.355538498610258102e-03
6.353790406137704849e-03
6.352903321385383606e-03
6.351917982101440430e-03
6.350442301481962204e-03
6.348004098981618881e-03
6.356056779623031616e-03
6.347397342324256897e-03
6.345963105559349060e-03
6.345021072775125504e-03
6.344107910990715027e-03
6.342968903481960297e-03
6.341353058815002441e-03
6.340838968753814697e-03
6.338330917060375214e-03
6.337067112326622009e-03
6.334813777357339859e-03
6.333945784717798233e-03
6.330927833914756775e-03
6.328864488750696182e-03
6.326392292976379395e-03
6.323827430605888367e-03
6.322689354419708252e-03
6.320088170468807220e-03
6.318823434412479401e-03
6.318653002381324768e-03
6.317760795354843140e-03
6.316701881587505341e-03
6.315728183835744858e-03
6.313810590654611588e-03
6.324367597699165344e-03
6.312371231615543365e-03
6.309921387583017349e-03
6.306380499154329300e-03
6.306148134171962738e-03
6.304913666099309921e-03
6.303970236331224442e-03
6.302120629698038101e-03
6.301253102719783783e-03
6.300186738371849060e-03
6.299231667071580887e-03
6.298868916928768158e-03
6.297995336353778839e-03
6.304952781647443771e-03
6.297774612903594971e-03
6.296955049037933350e-03
6.296109873801469803e-03
6.295450497418642044e-03
6.294780410826206207e-03
6.293792277574539185e-03
6.291698664426803589e-03
6.293716840445995331e-03
6.290469784289598465e-03
6.288593634963035583e-03
6.287223659455776215e-03
6.285698153078556061e-03
6.282795220613479614e-03
6.277527194470167160e-03
6.290048360824584961e-03
6.275095045566558838e-03
6.269427947700023651e-03
6.266101729124784470e-03
6.263402290642261505e-03
6.259027868509292603e-03
6.254889536648988724e-03
6.265168543905019760e-03
6.253896746784448624e-03
6.252206861972808838e-03
6.249479483813047409e-03
6.247390061616897583e-03
6.244916003197431564e-03
6.242182105779647827e-03
6.238501984626054764e-03
6.234860979020595551e-03
6.231136620044708252e-03
6.227732170373201370e-03
6.223399192094802856e-03
6.221827585250139236e-03
6.216714158654212952e-03
6.210367660969495773e-03
6.204672157764434814e-03
6.201159209012985229e-03
6.200694013386964798e-03
6.199175026267766953e-03
6.198652554303407669e-03
6.197227630764245987e-03
6.195900496095418930e-03
6.195377092808485031e-03
6.193647626787424088e-03
6.193078123033046722e-03
6.192556116729974747e-03
6.191718392074108124e-03
6.190847605466842651e-03
6.189434789121150970e-03
6.187333259731531143e-03
6.184785161167383194e-03
6.182212382555007935e-03
6.180264987051486969e-03
6.178265437483787537e-03
6.203725934028625488e-03
6.177951116114854813e-03
6.176813505589962006e-03
6.175586488097906113e-03
6.174000911414623260e-03
6.172034423798322678e-03
6.169624626636505127e-03
6.167714949697256088e-03
6.166542414575815201e-03
6.165448576211929321e-03
6.164590362459421158e-03
6.162563804537057877e-03
6.160466931760311127e-03
6.158408708870410919e-03
6.155502982437610626e-03
6.153475493192672729e-03
6.149922963231801987e-03
6.143354345113039017e-03
6.140739191323518753e-03
6.138229276984930038e-03
6.134646479040384293e-03
6.134503521025180817e-03
6.133192684501409531e-03
6.130615714937448502e-03
6.128903478384017944e-03
6.127021275460720062e-03
6.125154905021190643e-03
6.122289225459098816e-03
6.122065708041191101e-03
6.120675243437290192e-03
6.117200478911399841e-03
6.115204654633998871e-03
6.111871451139450073e-03
6.109214387834072113e-03
6.106947548687458038e-03
6.102557294070720673e-03
6.111510563641786575e-03
6.100972648710012436e-03
6.096324883401393890e-03
6.093550007790327072e-03
6.089796777814626694e-03
6.087133195251226425e-03
6.082864478230476379e-03
6.078036502003669739e-03
6.072727963328361511e-03
6.069318391382694244e-03
6.074602715671062469e-03
6.066929548978805542e-03
6.064670626074075699e-03
6.063032895326614380e-03
6.061387248337268829e-03
6.064930465072393417e-03
6.060468498617410660e-03
6.059063598513603210e-03
6.057866383343935013e-03
6.056169513612985611e-03
6.054798606783151627e-03
6.052648648619651794e-03
6.049995310604572296e-03
6.044690031558275223e-03
6.040291860699653625e-03
6.035982165485620499e-03
6.030732300132513046e-03
6.025095470249652863e-03
6.035368889570236206e-03
6.022428162395954132e-03
6.018476560711860657e-03
6.014566868543624878e-03
6.010776851326227188e-03
6.005481816828250885e-03
5.999278742820024490e-03
5.994165316224098206e-03
5.990853067487478256e-03
5.988894496113061905e-03
5.985566880553960800e-03
5.981873255223035812e-03
5.977166816592216492e-03
5.974503699690103531e-03
5.973726511001586914e-03
5.971453152596950531e-03
5.970629863440990448e-03
5.968804005533456802e-03
5.970128811895847321e-03
5.967536009848117828e-03
5.965612828731536865e-03
5.963471252471208572e-03
5.960919428616762161e-03
5.958189256489276886e-03
5.951833911240100861e-03
5.946388468146324158e-03
5.941348150372505188e-03
5.937281996011734009e-03
5.934897810220718384e-03
5.931215826421976089e-03
5.932772066444158554e-03
5.925856530666351318e-03
5.922822747379541397e-03
5.920724011957645416e-03
5.918279290199279785e-03
5.912885069847106934e-03
5.914630368351936340e-03
5.910877138376235962e-03
5.908067803829908371e-03
5.902053788304328918e-03
5.906391423195600510e-03
5.900188814848661423e-03
5.896783433854579926e-03
5.892418324947357178e-03
5.886330269277095795e-03
5.904225632548332214e-03
5.883562844246625900e-03
5.877181421965360641e-03
5.870833992958068848e-03
5.866316147148609161e-03
5.861736368387937546e-03
5.856236908584833145e-03
5.850194953382015228e-03
5.843447055667638779e-03
5.841792561113834381e-03
5.837445612996816635e-03
5.834841169416904449e-03
5.830685142427682877e-03
5.825925152748823166e-03
5.818596575409173965e-03
5.813372787088155746e-03
5.806546658277511597e-03
5.803606472909450531e-03
5.801361054182052612e-03
5.799517966806888580e-03
5.797541234642267227e-03
5.799669772386550903e-03
5.795985925942659378e-03
5.793359596282243729e-03
5.788070149719715118e-03
5.784003064036369324e-03
5.776132456958293915e-03
5.791581235826015472e-03
5.773777142167091370e-03
5.769914016127586365e-03
5.767375696450471878e-03
5.764755886048078537e-03
5.760273430496454239e-03
5.764878354966640472e-03
5.758245941251516342e-03
5.754384212195873260e-03
5.751126911491155624e-03
5.747052375227212906e-03
5.742737557739019394e-03
5.738853476941585541e-03
5.735455546528100967e-03
5.732246674597263336e-03
5.730492528527975082e-03
5.725790746510028839e-03
5.723751615732908249e-03
5.716490559279918671e-03
5.713213235139846802e-03
5.709505639970302582e-03
5.706687457859516144e-03
5.706791300326585770e-03
5.705324001610279083e-03
5.703109316527843475e-03
5.701596848666667938e-03
5.699546076357364655e-03
5.697160027921199799e-03
5.694363731890916824e-03
5.692063365131616592e-03
5.689825862646102905e-03
5.688102915883064270e-03
5.687213502824306488e-03
5.685879848897457123e-03
5.684240721166133881e-03
5.682305432856082916e-03
5.680289585143327713e-03
5.679154768586158752e-03
5.677879787981510162e-03
5.676178261637687683e-03
5.673062521964311600e-03
5.671672523021697998e-03
5.669390782713890076e-03
5.667798686772584915e-03
5.663903895765542984e-03
5.660390947014093399e-03
5.656735040247440338e-03
5.652106832712888718e-03
5.649428814649581909e-03
5.646214820444583893e-03
5.643136799335479736e-03
5.640842951834201813e-03
5.638553295284509659e-03
5.633990280330181122e-03
5.631215404719114304e-03
5.627688486129045486e-03
