3.033693075180053711e+00
8.030834197998046875e-01
7.502864003181457520e-01
7.087235450744628906e-01
7.058160305023193359e-01
7.037914395332336426e-01
7.002970576286315918e-01
6.981403827667236328e-01
6.982766389846801758e-01
6.974461674690246582e-01
6.970856189727783203e-01
6.967988014221191406e-01
6.962277889251708984e-01
6.952781677246093750e-01
6.942242383956909180e-01
6.938437223434448242e-01
6.936696171760559082e-01
6.932522058486938477e-01
6.926784515380859375e-01
6.917980909347534180e-01
6.912184357643127441e-01
6.907485127449035645e-01
6.905708909034729004e-01
6.904128789901733398e-01
6.902865767478942871e-01
6.901035308837890625e-01
6.896334886550903320e-01
6.891386508941650391e-01
6.886947751045227051e-01
6.880933642387390137e-01
6.872924566268920898e-01
6.893590688705444336e-01
6.868105530738830566e-01
6.862029433250427246e-01
6.854109764099121094e-01
6.833741068840026855e-01
6.819643974304199219e-01
6.793882846832275391e-01
6.759520173072814941e-01
6.687647700309753418e-01
7.158846855163574219e-01
6.641203165054321289e-01
6.565452218055725098e-01
6.467848420143127441e-01
6.061136722564697266e-01
3.078626155853271484e+00
5.811506509780883789e-01
1.136758804321289062e+00
5.377614498138427734e-01
1.064523339271545410e+00
5.014912486076354980e-01
9.091280698776245117e-01
4.638568162918090820e-01
8.001209497451782227e-01
4.371558427810668945e-01
4.359303712844848633e-01
4.047632813453674316e-01
3.924906849861145020e-01
4.408500194549560547e-01
3.819658160209655762e-01
3.684359788894653320e-01
3.446457386016845703e-01
3.338937759399414062e-01
3.297083377838134766e-01
3.231886029243469238e-01
3.152423202991485596e-01
3.021182119846343994e-01
2.802786529064178467e-01
2.580688297748565674e-01
2.399419993162155151e-01
2.280766367912292480e-01
2.207581996917724609e-01
2.198114395141601562e-01
2.168529182672500610e-01
2.114997506141662598e-01
2.038044929504394531e-01
1.966929286718368530e-01
1.938678026199340820e-01
1.896613538265228271e-01
1.848455816507339478e-01
1.791867911815643311e-01
1.728354990482330322e-01
1.651797145605087280e-01
1.607018709182739258e-01
1.609160155057907104e-01
1.569901555776596069e-01
1.540670543909072876e-01
1.503243148326873779e-01
1.463051736354827881e-01
1.426799148321151733e-01
1.416333317756652832e-01
1.372477859258651733e-01
1.362032592296600342e-01
1.353581547737121582e-01
1.335509568452835083e-01
1.305991560220718384e-01
1.274161189794540405e-01
1.240990236401557922e-01
1.210953146219253540e-01
1.185017675161361694e-01
1.161655411124229431e-01
1.128867343068122864e-01
1.095323562622070312e-01
1.054580509662628174e-01
1.037611514329910278e-01
1.024239733815193176e-01
1.010673046112060547e-01
1.001315414905548096e-01
9.855946898460388184e-02
9.626264125108718872e-02
9.511949867010116577e-02
9.366694092750549316e-02
9.174567461013793945e-02
8.725765347480773926e-02
8.240938931703567505e-02
7.976417243480682373e-02
7.879996299743652344e-02
7.835917919874191284e-02
7.820165157318115234e-02
7.797871530055999756e-02
7.713963091373443604e-02
7.548591494560241699e-02
7.381072640419006348e-02
6.994909793138504028e-02
6.765998899936676025e-02
6.700491905212402344e-02
6.683619320392608643e-02
6.653570383787155151e-02
6.633853912353515625e-02
6.597845256328582764e-02
6.509567052125930786e-02
6.415559351444244385e-02
6.356333196163177490e-02
6.324460357427597046e-02
6.276172399520874023e-02
6.219109147787094116e-02
6.080984324216842651e-02
5.852673947811126709e-02
5.627077072858810425e-02
5.610702186822891235e-02
5.539790168404579163e-02
5.466112494468688965e-02
5.402220785617828369e-02
5.348639562726020813e-02
5.284412950277328491e-02
5.247423425316810608e-02
5.168714746832847595e-02
5.124411731958389282e-02
5.060269683599472046e-02
4.947676509618759155e-02
4.860132187604904175e-02
4.738614708185195923e-02
4.687887430191040039e-02
4.644002020359039307e-02
4.618341475725173950e-02
4.565772414207458496e-02
4.453520476818084717e-02
4.402567073702812195e-02
4.358962178230285645e-02
4.308015480637550354e-02
4.277981445193290710e-02
4.252218455076217651e-02
4.233639687299728394e-02
4.209865629673004150e-02
4.129441455006599426e-02
3.953629732131958008e-02
3.812350332736968994e-02
3.651930764317512512e-02
3.589256107807159424e-02
3.583341836929321289e-02
3.562216460704803467e-02
3.557493165135383606e-02
3.544837981462478638e-02
3.522074222564697266e-02
3.474628180265426636e-02
3.287922963500022888e-02
3.470848500728607178e-02
3.203269466757774353e-02
3.030860051512718201e-02
2.941197901964187622e-02
2.924812585115432739e-02
2.877156808972358704e-02
2.858669310808181763e-02
2.832312881946563721e-02
2.797001227736473083e-02
2.758945710957050323e-02
2.713887207210063934e-02
2.675873413681983948e-02
2.627595327794551849e-02
2.612498030066490173e-02
2.565871179103851318e-02
2.551387622952461243e-02
2.535017952322959900e-02
2.508766949176788330e-02
2.469282224774360657e-02
2.436752617359161377e-02
2.407660335302352905e-02
2.362046018242835999e-02
2.315783500671386719e-02
2.280762791633605957e-02
2.252578735351562500e-02
2.233907580375671387e-02
2.222978696227073669e-02
2.214863523840904236e-02
2.208437398076057434e-02
2.197162620723247528e-02
2.179316431283950806e-02
2.146660909056663513e-02
2.094669081270694733e-02
2.049391716718673706e-02
2.004244923591613770e-02
1.976716890931129456e-02
1.959588564932346344e-02
1.954328641295433044e-02
1.949524320662021637e-02
1.938415691256523132e-02
1.919281110167503357e-02
1.891561783850193024e-02
1.845914311707019806e-02
1.781303435564041138e-02
1.767789945006370544e-02
1.757179200649261475e-02
1.751703582704067230e-02
1.738440990447998047e-02
1.717316731810569763e-02
1.693420298397541046e-02
1.661357656121253967e-02
1.611797511577606201e-02
1.569405198097229004e-02
1.579903252422809601e-02
1.553141232579946518e-02
1.526131480932235718e-02
1.512813474982976913e-02
1.499110460281372070e-02
1.494313217699527740e-02
1.489313971251249313e-02
1.480272132903337479e-02
1.469727046787738800e-02
1.451141387224197388e-02
1.433112379163503647e-02
1.517121866345405579e-02
1.420852914452552795e-02
1.400288194417953491e-02
1.397955231368541718e-02
1.384298689663410187e-02
1.365754567086696625e-02
1.355872955173254013e-02
1.351506076753139496e-02
1.347828842699527740e-02
1.341397874057292938e-02
1.327457558363676071e-02
1.304095983505249023e-02
1.266727689653635025e-02
1.223356276750564575e-02
1.187106966972351074e-02
1.155749987810850143e-02
1.133139710873365402e-02
1.118747424334287643e-02
1.114735379815101624e-02
1.112287398427724838e-02
1.110403425991535187e-02
1.109259016811847687e-02
1.107064913958311081e-02
1.105461921542882919e-02
1.101775839924812317e-02
1.089317444711923599e-02
1.070275064557790756e-02
1.069440878927707672e-02
1.054368726909160614e-02
1.024611294269561768e-02
1.006799191236495972e-02
9.879091754555702209e-03
9.802473708987236023e-03
9.754346683621406555e-03
9.721998125314712524e-03
9.706063196063041687e-03
9.671499952673912048e-03
9.604502469301223755e-03
9.544715285301208496e-03
9.499971754848957062e-03
9.291844442486763000e-03
9.188422933220863342e-03
8.930670097470283508e-03
8.753991685807704926e-03
8.660363033413887024e-03
8.558475412428379059e-03
8.440988138318061829e-03
8.347184397280216217e-03
8.288854733109474182e-03
8.251879364252090454e-03
8.222701027989387512e-03
8.195361122488975525e-03
8.166218176484107971e-03
8.125599473714828491e-03
8.080288767814636230e-03
8.003900758922100067e-03
7.904426194727420807e-03
7.808996830135583878e-03
7.659511640667915344e-03
7.538348902016878128e-03
7.407492026686668396e-03
7.316737435758113861e-03
7.157630752772092819e-03
6.979476660490036011e-03
6.866753101348876953e-03
6.806300021708011627e-03
6.766669917851686478e-03
6.749897263944149017e-03
6.726861000061035156e-03
6.678920239210128784e-03
6.566161289811134338e-03
6.624849047511816025e-03
6.475612521171569824e-03
6.369248963892459869e-03
6.212010979652404785e-03
6.130922585725784302e-03
6.073678843677043915e-03
6.014128215610980988e-03
5.957605317234992981e-03
5.927608814090490341e-03
5.896072834730148315e-03
5.865388549864292145e-03
5.821927450597286224e-03
5.791188683360815048e-03
5.774717777967453003e-03
5.752485245466232300e-03
5.728534422814846039e-03
5.695316940546035767e-03
5.646383389830589294e-03
5.588637199252843857e-03
5.547831766307353973e-03
5.482200533151626587e-03
5.368326324969530106e-03
5.278603639453649521e-03
5.246787797659635544e-03
5.228573922067880630e-03
5.209356546401977539e-03
5.185882560908794403e-03
5.157346837222576141e-03
5.120402202010154724e-03
5.096831358969211578e-03
5.074492190033197403e-03
5.046751350164413452e-03
5.021469667553901672e-03
4.987808875739574432e-03
4.954103846102952957e-03
4.916648380458354950e-03
4.820343106985092163e-03
4.747663624584674835e-03
4.626924637705087662e-03
4.630317445844411850e-03
4.571998026221990585e-03
4.489746876060962677e-03
4.453008994460105896e-03
4.432431422173976898e-03
4.419633187353610992e-03
4.392152652144432068e-03
4.361775238066911697e-03
4.333901219069957733e-03
4.299602471292018890e-03
4.259841050952672958e-03
4.215629771351814270e-03
4.159505944699048996e-03
4.109422676265239716e-03
4.055359866470098495e-03
4.001945722848176956e-03
3.920052200555801392e-03
3.833560040220618248e-03
3.764626337215304375e-03
3.717651357874274254e-03
3.665724536404013634e-03
3.602790180593729019e-03
3.591645043343305588e-03
3.538075601682066917e-03
3.503229469060897827e-03
3.441336099058389664e-03
3.377520246431231499e-03
3.337281290441751480e-03
3.296252805739641190e-03
3.257083240896463394e-03
3.215666627511382103e-03
3.192118136212229729e-03
3.172284690663218498e-03
3.148886375129222870e-03
3.115368541330099106e-03
3.078935667872428894e-03
3.060356248170137405e-03
3.045060904696583748e-03
3.017834387719631195e-03
3.000392112880945206e-03
2.954400144517421722e-03
2.930269809439778328e-03
2.909787464886903763e-03
2.893762663006782532e-03
2.871532691642642021e-03
2.839394146576523781e-03
2.806008793413639069e-03
2.773234853520989418e-03
2.750669140368700027e-03
2.702413592487573624e-03
2.674845745787024498e-03
2.631741110235452652e-03
2.566261216998100281e-03
2.491313731297850609e-03
2.434070222079753876e-03
2.401381265372037888e-03
2.374373609200119972e-03
2.350534778088331223e-03
2.320755273103713989e-03
2.291592536494135857e-03
2.255587838590145111e-03
2.223812043666839600e-03
2.210610080510377884e-03
2.203024923801422119e-03
2.185753313824534416e-03
2.181513234972953796e-03
2.170321298763155937e-03
2.150566782802343369e-03
2.131504705175757408e-03
2.124251564964652061e-03
2.092208713293075562e-03
2.071344060823321342e-03
2.038493752479553223e-03
2.041241154074668884e-03
2.019254490733146667e-03
1.994352089241147041e-03
1.975190825760364532e-03
1.957523636519908905e-03
1.947743352502584457e-03
1.933707855641841888e-03
1.910255756229162216e-03
1.902574556879699230e-03
1.872485503554344177e-03
1.850379048846662045e-03
1.822399673983454704e-03
1.794497948139905930e-03
1.765199936926364899e-03
1.742493128404021263e-03
1.761023770086467266e-03
1.732162316329777241e-03
1.705926028080284595e-03
1.694651553407311440e-03
1.681824214756488800e-03
1.669227494858205318e-03
1.645095646381378174e-03
1.630545128136873245e-03
1.595271052792668343e-03
1.577839022502303123e-03
1.565316575579345226e-03
1.555268652737140656e-03
1.539944787509739399e-03
1.524376100860536098e-03
1.511668320745229721e-03
1.498475787229835987e-03
1.489753019995987415e-03
1.477427780628204346e-03
1.463099149987101555e-03
1.455697230994701385e-03
1.443741959519684315e-03
1.434224890545010567e-03
1.425511902198195457e-03
1.415098551660776138e-03
1.417650375515222549e-03
1.409168005920946598e-03
1.398227876052260399e-03
1.385556883178651333e-03
1.376001164317131042e-03
1.365459174849092960e-03
1.356288092210888863e-03
1.371356192976236343e-03
1.351228333078324795e-03
1.343982876278460026e-03
1.337700756266713142e-03
1.330174971371889114e-03
1.320945797488093376e-03
1.311379601247608662e-03
1.299146562814712524e-03
1.288960454985499382e-03
1.268954714760184288e-03
1.250656554475426674e-03
1.232370035722851753e-03
1.219170400872826576e-03
1.204923843033611774e-03
1.197246951051056385e-03
1.188246533274650574e-03
1.180066843517124653e-03
1.172001007944345474e-03
1.164332963526248932e-03
1.154503901489078999e-03
1.141273882240056992e-03
1.128352829255163670e-03
1.120003871619701385e-03
1.109713455662131310e-03
1.101631205528974533e-03
1.094676670618355274e-03
1.086650183424353600e-03
1.078792731277644634e-03
1.076698419637978077e-03
1.071314560249447823e-03
1.067689619958400726e-03
1.059383619576692581e-03
1.049164915457367897e-03
1.060614362359046936e-03
1.038461690768599510e-03
1.020104973576962948e-03
1.004837802611291409e-03
9.910642402246594429e-04
9.835194796323776245e-04
9.770570322871208191e-04
9.695222834125161171e-04
9.646093822084367275e-04
9.616812458261847496e-04
9.585028747096657753e-04
9.556167060509324074e-04
9.498902363702654839e-04
9.484547190368175507e-04
9.409363847225904465e-04
9.381983545608818531e-04
9.363885037600994110e-04
9.349964093416929245e-04
9.321551769971847534e-04
9.284072439186275005e-04
9.242863743565976620e-04
9.199123596772551537e-04
9.167290409095585346e-04
9.121971670538187027e-04
9.052426903508603573e-04
8.991251816041767597e-04
8.937429520301520824e-04
8.875318453647196293e-04
8.828360005281865597e-04
8.752532885409891605e-04
8.711519767530262470e-04
8.644029730930924416e-04
8.590077632106840611e-04
8.554048836231231689e-04
8.503429125994443893e-04
8.477658266201615334e-04
8.417057688347995281e-04
8.382214582525193691e-04
8.352726581506431103e-04
8.289399556815624237e-04
8.231182000599801540e-04
8.187463390640914440e-04
8.148970664478838444e-04
8.097117533907294273e-04
8.027667645364999771e-04
8.152807713486254215e-04
8.003590628504753113e-04
7.970486767590045929e-04
7.942761294543743134e-04
7.910026470199227333e-04
7.858858443796634674e-04
7.778175640851259232e-04
7.658285903744399548e-04
7.549060974270105362e-04
7.428434328176081181e-04
7.351513486355543137e-04
7.304601022042334080e-04
7.257731631398200989e-04
7.187185692600905895e-04
7.107114652171730995e-04
7.040188065730035305e-04
7.009475957602262497e-04
6.981755723245441914e-04
6.957373116165399551e-04
6.941864849068224430e-04
6.931885727681219578e-04
6.915973499417304993e-04
6.907604984007775784e-04
6.889295764267444611e-04
6.866040639579296112e-04
6.827199831604957581e-04
6.776829250156879425e-04
6.729118176735937595e-04
6.686290726065635681e-04
6.788640748709440231e-04
6.657319026999175549e-04
6.599460612051188946e-04
6.453145761042833328e-04
6.294010672718286514e-04
6.215841276571154594e-04
6.148125394247472286e-04
6.106310756877064705e-04
6.051912205293774605e-04
6.022463203407824039e-04
6.002945592626929283e-04
5.999130662530660629e-04
5.981756839901208878e-04
5.948739126324653625e-04
5.898816161789000034e-04
5.865082493983209133e-04
5.851180758327245712e-04
5.793781019747257233e-04
5.773432785645127296e-04
5.754542071372270584e-04
5.735288141295313835e-04
5.695789586752653122e-04
5.671231774613261223e-04
5.621529999189078808e-04
5.597514682449400425e-04
5.567275220528244972e-04
5.545768071897327900e-04
5.526173627004027367e-04
5.504372529685497284e-04
5.486941663548350334e-04
5.473892670124769211e-04
5.449976888485252857e-04
5.413590115495026112e-04
5.373057210817933083e-04
5.336336907930672169e-04
5.277033196762204170e-04
5.655170534737408161e-04
5.259320605546236038e-04
5.210569943301379681e-04
5.173719255253672600e-04
5.670335958711802959e-04
5.156680126674473286e-04
5.130635690875351429e-04
5.095945671200752258e-04
5.083952564746141434e-04
5.059967515990138054e-04
5.041304393671452999e-04
5.025288555771112442e-04
5.012814654037356377e-04
5.025370628573000431e-04
5.000152741558849812e-04
4.978778306394815445e-04
4.952546441927552223e-04
4.912195145152509212e-04
4.942335654050111771e-04
4.885278176516294479e-04
4.829774843528866768e-04
4.767227801494300365e-04
4.852540732827037573e-04
4.741972952615469694e-04
4.706988693214952946e-04
4.662477294914424419e-04
4.648200119845569134e-04
4.611169570125639439e-04
4.571308381855487823e-04
4.549854784272611141e-04
4.530767910182476044e-04
4.517781489994376898e-04
4.502278461586683989e-04
4.470588173717260361e-04
4.451421846169978380e-04
4.395452560856938362e-04
4.356430436018854380e-04
4.296062979847192764e-04
4.565574345178902149e-04
4.282707814127206802e-04
4.237950488459318876e-04
4.213188076391816139e-04
4.168676387052983046e-04
4.122602113056927919e-04
4.087223496753722429e-04
4.058876656927168369e-04
4.037269391119480133e-04
4.011698765680193901e-04
3.990663681179285049e-04
3.966382937505841255e-04
3.947374352719634771e-04
3.929017984773963690e-04
3.910526284016668797e-04
3.901729069184511900e-04
3.890315419994294643e-04
3.883020835928618908e-04
3.870483778882771730e-04
3.861819859594106674e-04
3.842090081889182329e-04
3.839720448013395071e-04
3.826148458756506443e-04
3.804586303886026144e-04
3.773555508814752102e-04
3.748181043192744255e-04
3.724611597135663033e-04
3.688549913931638002e-04
3.692362224683165550e-04
3.672394959721714258e-04
3.678643552120774984e-04
3.651563602034002542e-04
3.626208635978400707e-04
3.609677078202366829e-04
3.593364963307976723e-04
3.568611573427915573e-04
3.527332155499607325e-04
3.492313262540847063e-04
3.458870924077928066e-04
3.441698499955236912e-04
3.419198910705745220e-04
3.413669182918965816e-04
3.390728670638054609e-04
3.376445092726498842e-04
3.357045352458953857e-04
3.344073484186083078e-04
3.325278812553733587e-04
3.315698122605681419e-04
3.284816630184650421e-04
3.263937251176685095e-04
3.236400953028351068e-04
3.208052949048578739e-04
3.236792399547994137e-04
3.194410237483680248e-04
3.166816313751041889e-04
3.156800521537661552e-04
3.150449192617088556e-04
3.145518712699413300e-04
3.137685998808592558e-04
3.123358474113047123e-04
3.111038531642407179e-04
3.094168787356466055e-04
3.078737936448305845e-04
3.049750230275094509e-04
3.011616354342550039e-04
2.969656779896467924e-04
3.089077945332974195e-04
2.952139766421169043e-04
2.938500838354229927e-04
2.898455713875591755e-04
2.881360705941915512e-04
2.868433657567948103e-04
2.861862303689122200e-04
2.851375902537256479e-04
3.059138834942132235e-04
2.849347947631031275e-04
2.843617985490709543e-04
2.836701460182666779e-04
2.831612655427306890e-04
2.827791322488337755e-04
2.823374234139919281e-04
2.818768552970141172e-04
2.814394829329103231e-04
2.808939316309988499e-04
2.802052185870707035e-04
2.793145831674337387e-04
2.784622774925082922e-04
2.766415709629654884e-04
2.753212465904653072e-04
2.745362580753862858e-04
2.735165762715041637e-04
2.723902580328285694e-04
2.714972360990941525e-04
2.696366282179951668e-04
2.669786626938730478e-04
2.646571374498307705e-04
2.626230416353791952e-04
2.616255660541355610e-04
2.607044880278408527e-04
2.597851562313735485e-04
2.593332319520413876e-04
2.582330198492854834e-04
2.572558005340397358e-04
2.564415917731821537e-04
2.556341933086514473e-04
2.574981481302529573e-04
2.550437347963452339e-04
2.531888021621853113e-04
2.513157960493117571e-04
2.504349104128777981e-04
2.484633005224168301e-04
2.476693189237266779e-04
2.469407045282423496e-04
2.464399731252342463e-04
2.459653478581458330e-04
2.456970396451652050e-04
2.454359782859683037e-04
2.451573673170059919e-04
2.448816667310893536e-04
2.445380669087171555e-04
2.443519770167768002e-04
2.440648095216602087e-04
2.439677336951717734e-04
2.438742958474904299e-04
2.437358198221772909e-04
2.435649075778201222e-04
2.434153284411877394e-04
2.432144538033753633e-04
2.430517924949526787e-04
2.428319858154281974e-04
2.425526326987892389e-04
2.422390971332788467e-04
2.420252858428284526e-04
2.415844064671546221e-04
2.412403409834951162e-04
2.408214058959856629e-04
2.407826250419020653e-04
2.405214618192985654e-04
2.400803059572353959e-04
2.393167524132877588e-04
2.389367728028446436e-04
2.380767109571024776e-04
2.423385740257799625e-04
2.376465563429519534e-04
2.363240928389132023e-04
2.348695998080074787e-04
2.332987205591052771e-04
2.320719941053539515e-04
2.312227443326264620e-04
2.301548374816775322e-04
2.294679579790681601e-04
2.289359108544886112e-04
2.284609654452651739e-04
2.279073814861476421e-04
2.270396071253344417e-04
2.262347843497991562e-04
2.247644151793792844e-04
2.233733539469540119e-04
2.224831696366891265e-04
2.213481202488765121e-04
2.197460271418094635e-04
2.182883472414687276e-04
2.173142420360818505e-04
2.168103383155539632e-04
2.162800228688865900e-04
2.154375251848250628e-04
2.145745820598676801e-04
2.138457784894853830e-04
2.127191546605899930e-04
2.109078923240303993e-04
2.094848459819331765e-04
2.081323473248630762e-04
2.070211339741945267e-04
2.052301715593785048e-04
2.043440326815471053e-04
2.034454955719411373e-04
2.026510919677093625e-04
2.014761557802557945e-04
2.004154666792601347e-04
1.996423816308379173e-04
1.991489552892744541e-04
1.988013100344687700e-04
1.983874535653740168e-04
1.976764469873160124e-04
1.978946675080806017e-04
1.971340097952634096e-04
1.963155518751591444e-04
1.955718034878373146e-04
1.952078018803149462e-04
1.948191347764804959e-04
1.940270594786852598e-04
1.934408064698800445e-04
1.931397127918899059e-04
1.929146819747984409e-04
1.926965196616947651e-04
1.924200914800167084e-04
1.919256174005568027e-04
1.912983716465532780e-04
1.906054530991241336e-04
1.900040369946509600e-04
1.892095024231821299e-04
1.886387472040951252e-04
1.873812725534662604e-04
1.864132500486448407e-04
1.853610447142273188e-04
1.848059037001803517e-04
1.843176141846925020e-04
1.840607437770813704e-04
1.836129522416740656e-04
1.828693348215892911e-04
1.818192831706255674e-04
1.807594089768826962e-04
1.812121627153828740e-04
1.801318867364898324e-04
1.795246498659253120e-04
1.791267422959208488e-04
1.788137597031891346e-04
1.785677886800840497e-04
1.783545303624123335e-04
1.781809842213988304e-04
1.779865997377783060e-04
1.776262797648087144e-04
1.773371186573058367e-04
1.770198141457512975e-04
1.766338973538950086e-04
1.760494924383237958e-04
1.758812140906229615e-04
1.754003460519015789e-04
1.749504590407013893e-04
1.744499313645064831e-04
1.740134321153163910e-04
1.733399403747171164e-04
1.729801151668652892e-04
1.726370246615260839e-04
1.723084569675847888e-04
1.720758882584050298e-04
1.718059356790035963e-04
1.715635880827903748e-04
1.710906508378684521e-04
1.708497875370085239e-04
1.705687463982030749e-04
1.704304740997031331e-04
1.702815934550017118e-04
1.699437561910599470e-04
1.693414233159273863e-04
1.690674980636686087e-04
1.681330031715333462e-04
1.676541141932830215e-04
1.669126213528215885e-04
1.661111164139583707e-04
1.891999854706227779e-04
1.658597611822187901e-04
1.649966434342786670e-04
1.644497388042509556e-04
1.640947302803397179e-04
1.637101377127692103e-04
1.632175117265433073e-04
1.626927987672388554e-04
1.621675328351557255e-04
1.619502290850505233e-04
1.616748922970145941e-04
1.611889747437089682e-04
1.609923929208889604e-04
1.603662094566971064e-04
1.601466938154771924e-04
1.598174858372658491e-04
1.594965433469042182e-04
1.592672779224812984e-04
1.590373867657035589e-04
1.588631130289286375e-04
1.587575825396925211e-04
1.585642166901379824e-04
1.583953853696584702e-04
1.581952819833531976e-04
1.575791829964146018e-04
1.573035260662436485e-04
1.566418068250641227e-04
1.559698430355638266e-04
1.548563304822891951e-04
1.540065131848677993e-04
1.536563650006428361e-04
1.529556175228208303e-04
1.526007254142314196e-04
1.522669917903840542e-04
1.520101941423490644e-04
1.517554192105308175e-04
1.514994073659181595e-04
1.510959409642964602e-04
1.507237902842462063e-04
1.499587524449452758e-04
1.491029834141954780e-04
1.482645166106522083e-04
1.476472825743257999e-04
1.473789452575147152e-04
1.472384610679000616e-04
1.470701245125383139e-04
1.501487422501668334e-04
1.469752314733341336e-04
1.465584791731089354e-04
1.463138469262048602e-04
1.460402854718267918e-04
1.457983016734942794e-04
1.454695302527397871e-04
1.452642027288675308e-04
1.451686548534780741e-04
1.450773852411657572e-04
1.449392584618180990e-04
1.447653339710086584e-04
1.445985108148306608e-04
1.444989320589229465e-04
1.443355722585693002e-04
1.441938075004145503e-04
1.440743071725592017e-04
1.438408507965505123e-04
1.436455204384401441e-04
1.435245503671467304e-04
1.433616853319108486e-04
1.431079726899042726e-04
1.428211398888379335e-04
1.426232920493930578e-04
1.423634821549057961e-04
1.422206842107698321e-04
1.421270717401057482e-04
1.420168991899117827e-04
1.418925821781158447e-04
1.418156898580491543e-04
1.416362065356224775e-04
1.410163677064701915e-04
1.404174981871619821e-04
1.399622560711577535e-04
1.394119899487122893e-04
1.389081153320148587e-04
1.383323979098349810e-04
1.378648739773780107e-04
1.381003385176882148e-04
1.376126601826399565e-04
1.370807149214670062e-04
1.367764780297875404e-04
1.364300260320305824e-04
1.362678885925561190e-04
1.361167232971638441e-04
1.358865702059119940e-04
1.354970008833333850e-04
1.350469392491504550e-04
1.344892079941928387e-04
1.339050504611805081e-04
1.336791319772601128e-04
1.333702530246227980e-04
1.331688254140317440e-04
1.329198275925591588e-04
1.328204089077189565e-04
1.326837809756398201e-04
1.325046323472633958e-04
1.322975440416485071e-04
1.320151059189811349e-04
1.316704729106277227e-04
1.312816748395562172e-04
1.309220679104328156e-04
1.306204503634944558e-04
1.304361212532967329e-04
1.302412129007279873e-04
1.300799340242519975e-04
1.299053983530029655e-04
1.296417322009801865e-04
1.292104134336113930e-04
1.288643688894808292e-04
1.283802121179178357e-04
1.280408177990466356e-04
1.277615228900685906e-04
1.275943359360098839e-04
1.273992093047127128e-04
1.272028166567906737e-04
1.269986096303910017e-04
1.266996841877698898e-04
1.264488673768937588e-04
1.262986043002456427e-04
1.261502475244924426e-04
1.259675045730546117e-04
1.258630654774606228e-04
1.256766990991309285e-04
1.255656825378537178e-04
1.253364898730069399e-04
1.251736975973471999e-04
1.247997861355543137e-04
1.245205203304067254e-04
1.240176352439448237e-04
1.235265517607331276e-04
1.231252099387347698e-04
1.233963412232697010e-04
1.229288172908127308e-04
1.224126317538321018e-04
1.220111953443847597e-04
1.213295399793423712e-04
1.209709589602425694e-04
1.206985398312099278e-04
1.203033898491412401e-04
1.200893748318776488e-04
1.198179816128686070e-04
1.194746873807162046e-04
1.192332856589928269e-04
1.187919770018197596e-04
1.186137669719755650e-04
1.184966677101328969e-04
1.184050342999398708e-04
1.182626292575150728e-04
1.180266990559175611e-04
1.188006135635077953e-04
1.178741222247481346e-04
1.177007434307597578e-04
1.175550059997476637e-04
1.175581492134369910e-04
1.173988493974320590e-04
1.172568518086336553e-04
1.170844770967960358e-04
1.168435846921056509e-04
1.165347712230868638e-04
1.165051653515547514e-04
1.163049601018428802e-04
1.157332153525203466e-04
1.151407413999550045e-04
1.147562725236639380e-04
1.145066707977093756e-04
1.143884510383941233e-04
1.143487606896087527e-04
1.141049433499574661e-04
1.139386949944309890e-04
1.136467326432466507e-04
1.133792611653916538e-04
1.130537639255635440e-04
1.127077557612210512e-04
1.123008842114359140e-04
1.119763765018433332e-04
1.116757630370557308e-04
1.114222322939895093e-04
1.111067176680080593e-04
1.107603166019544005e-04
1.104619877878576517e-04
1.101402449421584606e-04
1.098856300814077258e-04
1.095610641641542315e-04
1.092309976229444146e-04
1.089246798073872924e-04
1.085342519218102098e-04
1.082849266822449863e-04
1.081679365597665310e-04
1.080209331121295691e-04
1.078620771295391023e-04
1.076522312359884381e-04
1.072841696441173553e-04
1.068976271199062467e-04
1.076677726814523339e-04
1.066321201506070793e-04
1.063986419467255473e-04
1.062099981936626136e-04
1.060776921804063022e-04
1.058676862157881260e-04
1.064703537849709392e-04
1.057716435752809048e-04
1.056297114701010287e-04
1.055009634001180530e-04
1.054381718859076500e-04
1.053554587997496128e-04
1.051816580002196133e-04
1.050408318405970931e-04
1.046889301505871117e-04
1.069200734491460025e-04
1.045687167788855731e-04
1.041590730892494321e-04
1.038050468196161091e-04
1.035514869727194309e-04
1.033347944030538201e-04
1.031576248351484537e-04
1.030005951179191470e-04
1.028127735480666161e-04
1.025724341161549091e-04
1.023037839331664145e-04
1.021146672428585589e-04
1.021009738906286657e-04
1.019937699311412871e-04
1.018578914226964116e-04
1.016131718643009663e-04
1.013496876112185419e-04
1.012405264191329479e-04
1.010857304208911955e-04
1.008894323604181409e-04
1.037697365973144770e-04
1.008230901788920164e-04
1.006765596684999764e-04
1.004721270874142647e-04
1.003638753900304437e-04
1.000618576654233038e-04
9.990747639676555991e-05
9.977756417356431484e-05
9.960553143173456192e-05
9.933644469128921628e-05
9.897675045067444444e-05
9.899624274112284184e-05
9.881048754323273897e-05
9.862821025308221579e-05
9.843767475103959441e-05
9.818647959036752582e-05
9.775732178241014481e-05
9.734882041811943054e-05
9.740875248098745942e-05
9.718683577375486493e-05
9.692314051790162921e-05
9.671927546150982380e-05
9.623216465115547180e-05
9.599005716154351830e-05
9.577009041095152497e-05
9.564570791553705931e-05
9.551536641083657742e-05
9.534878336125984788e-05
9.521753236185759306e-05
9.504798799753189087e-05
9.495779522694647312e-05
9.472311649005860090e-05
9.452904487261548638e-05
9.440376015845686197e-05
9.414531814400106668e-05
9.962214971892535686e-05
9.397607209393754601e-05
9.349890024168416858e-05
9.307795698987320065e-05
9.277147182729095221e-05
9.252109884982928634e-05
9.221318759955465794e-05
9.247919660992920399e-05
9.206908725900575519e-05
9.191031858790665865e-05
9.181592031382024288e-05
9.174383012577891350e-05
9.165754454443231225e-05
9.156255691777914762e-05
9.133894491242244840e-05
9.110916289500892162e-05
9.080539166461676359e-05
9.060493903234601021e-05
9.041360317496582866e-05
9.019956632982939482e-05
8.976313984021544456e-05
8.944395085563883185e-05
8.897286170395091176e-05
8.875679486664012074e-05
8.842980605550110340e-05
8.828623685985803604e-05
8.814172178972512484e-05
8.798789349384605885e-05
8.784803503658622503e-05
8.774652087595313787e-05
8.766619430389255285e-05
8.762477227719500661e-05
8.756668830756098032e-05
8.749926928430795670e-05
8.771714783506467938e-05
8.747151150600984693e-05
8.740933844819664955e-05
8.723897190066054463e-05
8.703197818249464035e-05
8.678014273755252361e-05
8.648799848742783070e-05
8.625684858998283744e-05
8.591263031121343374e-05
8.558043191442266107e-05
8.507160237058997154e-05
8.473359775962308049e-05
8.455190254608169198e-05
8.448639709968119860e-05
8.441387035418301821e-05
8.432462345808744431e-05
8.421586971962824464e-05
8.407730638282373548e-05
8.392854942940175533e-05
8.381649968214333057e-05
8.373391028726473451e-05
8.364683890249580145e-05
8.357467595487833023e-05
8.348194387508556247e-05
8.336600876646116376e-05
8.331017306772992015e-05
8.317319588968530297e-05
8.309298573294654489e-05
8.297039312310516834e-05
8.285477815661579370e-05
8.274189895018935204e-05
8.266535587608814240e-05
8.259590686066076159e-05
8.252172119682654738e-05
8.233919652411714196e-05
8.214029367081820965e-05
8.202548633562400937e-05
8.183565660146996379e-05
8.174809772754088044e-05
8.159668504958972335e-05
8.144696766976267099e-05
8.128313493216410279e-05
8.113587682601064444e-05
8.098231774056330323e-05
8.085556328296661377e-05
8.069384784903377295e-05
8.049960888456553221e-05
8.039118256419897079e-05
8.021055691642686725e-05
8.039199747145175934e-05
8.011070167412981391e-05
7.993139297468587756e-05
7.978182838996872306e-05
7.970626757014542818e-05
7.959873619256541133e-05
7.949873543111607432e-05
7.928023114800453186e-05
7.912953878985717893e-05
7.898946932982653379e-05
7.904993253760039806e-05
7.893124711699783802e-05
7.883496436988934875e-05
7.869092223700135946e-05
7.860324694775044918e-05
7.850912516005337238e-05
7.840606122044846416e-05
7.828750676708295941e-05
7.820705650374293327e-05
7.809268572600558400e-05
7.802008622093126178e-05
7.791282405378296971e-05
7.782325701555237174e-05
7.763776375213637948e-05
7.779900624882429838e-05
7.753087265882641077e-05
7.735558028798550367e-05
7.704651216045022011e-05
7.685685704927891493e-05
7.668517355341464281e-05
7.649305189261212945e-05
7.633922359673306346e-05
7.606057624798268080e-05
7.579488737974315882e-05
7.542896491941064596e-05
7.520467624999582767e-05
7.504532550228759646e-05
7.480576459784060717e-05
7.459029438905417919e-05
7.434665894834324718e-05
7.420552719850093126e-05
7.400249160127714276e-05
7.483847730327397585e-05
7.395471038762480021e-05
7.381365139735862613e-05
7.364628982031717896e-05
7.349562656600028276e-05
7.330746302613988519e-05
7.307041232706978917e-05
7.279412966454401612e-05
7.260418351506814361e-05
7.243392610689625144e-05
7.238411490106955171e-05
7.226937304949387908e-05
7.216977974167093635e-05
7.206011650850996375e-05
7.194407226052135229e-05
7.179316162364557385e-05
7.163998816395178437e-05
7.148658187361434102e-05
7.133331382647156715e-05
7.123201794456690550e-05
7.092019950505346060e-05
7.061373617034405470e-05
7.025276136118918657e-05
6.984880019444972277e-05
6.939657032489776611e-05
6.901347660459578037e-05
6.865629256935790181e-05
6.832685176050290465e-05
6.793516513425856829e-05
6.787427992094308138e-05
6.760630640201270580e-05
6.752181798219680786e-05
6.731070607202127576e-05
6.704627594444900751e-05
6.686599226668477058e-05
6.661113002337515354e-05
6.634830788243561983e-05
6.603308429475873709e-05
6.559128087246790528e-05
6.531315011670812964e-05
6.496271089417859912e-05
6.478721479652449489e-05
6.465195474447682500e-05
6.457549898186698556e-05
6.448249769164249301e-05
6.435837713070213795e-05
6.422626029234379530e-05
6.413705705199390650e-05
6.383345316862687469e-05
6.361580744851380587e-05
6.318947998806834221e-05
6.300910899881273508e-05
6.287004362093284726e-05
6.279229273786768317e-05
6.272244354477152228e-05
6.262047827476635575e-05
6.248938734643161297e-05
6.234692409634590149e-05
6.221419607754796743e-05
6.208663398865610361e-05
6.191944703459739685e-05
6.172551366034895182e-05
6.148294778540730476e-05
6.111124093877151608e-05
6.074884004192426801e-05
6.045518966857343912e-05
6.030295116943307221e-05
6.017088526277802885e-05
6.009200660628266633e-05
5.996820982545614243e-05
5.990314457449130714e-05
5.990161298541352153e-05
5.983594382996670902e-05
5.975642488920129836e-05
5.970425991108641028e-05
5.963216244708746672e-05
5.951478669885545969e-05
5.941299605183303356e-05
5.937099922448396683e-05
5.926775702391751111e-05
5.920574767515063286e-05
5.912339474889449775e-05
5.901945405639708042e-05
5.890308239031583071e-05
5.878997399122454226e-05
5.863462865818291903e-05
5.843562394147738814e-05
5.830673399032093585e-05
5.817180863232351840e-05
5.800243525300174952e-05
5.780966603197157383e-05
5.768136907136067748e-05
5.762604996562004089e-05
5.751085700467228889e-05
5.745332600781694055e-05
5.737058381782844663e-05
5.727258394472301006e-05
5.728428368456661701e-05
5.719440741813741624e-05
5.707145464839413762e-05
5.714686994906514883e-05
5.694478022633120418e-05
5.675631109625101089e-05
5.656867142533883452e-05
5.648229125654324889e-05
5.642458563670516014e-05
5.637280264636501670e-05
5.634400440612807870e-05
5.630100349662825465e-05
5.625774065265432000e-05
5.619511648546904325e-05
5.609275467577390373e-05
5.593631067313253880e-05
5.596845949185080826e-05
5.587771738646551967e-05
5.580545621342025697e-05
5.575849354499951005e-05
5.571253495872952044e-05
5.562373553402721882e-05
5.551448339247144759e-05
5.533397416002117097e-05
5.499413600773550570e-05
5.473307101055979729e-05
5.422317917691543698e-05
5.394315667217597365e-05
5.359862552722916007e-05
5.340951975085772574e-05
5.334878005669452250e-05
5.322456127032637596e-05
5.318861803971230984e-05
5.314572263159789145e-05
5.310684719006530941e-05
5.303859506966546178e-05
5.293972208164632320e-05
5.281709309201687574e-05
5.272684575174935162e-05
5.264556239126250148e-05
5.257406883174553514e-05
5.251140100881457329e-05
5.240136306383647025e-05
5.229128873907029629e-05
5.222576510277576745e-05
5.216895806370303035e-05
5.210639574215747416e-05
5.201059684623032808e-05
5.205105480854399502e-05
5.192985190660692751e-05
5.180116204428486526e-05
5.173790486878715456e-05
5.166215487406589091e-05
5.162161687621846795e-05
5.150803917786106467e-05
5.141348447068594396e-05
5.142675945535302162e-05
5.133999729878269136e-05
5.117744876770302653e-05
5.101022543385624886e-05
5.088386023999191821e-05
5.074876389699056745e-05
5.063159187557175756e-05
5.051138214184902608e-05
5.088447142043150961e-05
5.047543527325615287e-05
5.037620940129272640e-05
5.027293445891700685e-05
5.015581700718030334e-05
5.005844286642968655e-05
5.017358125769533217e-05
4.998225267627276480e-05
4.978954166290350258e-05
4.967767745256423950e-05
4.938608981319703162e-05
4.925922985421493649e-05
4.906124013359658420e-05
5.248756497167050838e-05
4.900907151750288904e-05
4.883919973508454859e-05
4.860700573772192001e-05
4.850105324294418097e-05
4.842027556151151657e-05
4.833759521716274321e-05
4.821477341465651989e-05
4.812237602891400456e-05
4.803366027772426605e-05
4.798181180376559496e-05
4.795660788659006357e-05
4.795331915374845266e-05
4.794033156940713525e-05
4.791179526364430785e-05
4.788221849594265223e-05
4.785080091096460819e-05
4.781226380146108568e-05
4.776768037118017673e-05
4.772892862092703581e-05
4.772445026901550591e-05
4.769502265844494104e-05
4.763917240779846907e-05
4.755012923851609230e-05
4.743702083942480385e-05
4.734136382467113435e-05
4.727803752757608891e-05
4.720740980701521039e-05
4.715270915767177939e-05
4.710926805273629725e-05
4.703487138613127172e-05
4.703221202362328768e-05
4.699014243669807911e-05
4.692136280937120318e-05
4.687391992774792016e-05
4.683583028963766992e-05
4.677532706409692764e-05
4.669160989578813314e-05
4.655488737626001239e-05
4.642828207579441369e-05
4.629755858331918716e-05
4.618534876499325037e-05
4.611427357303909957e-05
4.598437590175308287e-05
4.588629235513508320e-05
4.582304973155260086e-05
4.573728801915422082e-05
4.568020813167095184e-05
4.557479769573546946e-05
4.547462594928219914e-05
4.538557914202101529e-05
4.547225034912116826e-05
4.534137769951485097e-05
4.528099816525354981e-05
4.512761370278894901e-05
4.502271258388645947e-05
4.479568451642990112e-05
4.459485353436321020e-05
4.426089435582980514e-05
4.393375274958088994e-05
4.375503340270370245e-05
4.362518302514217794e-05
4.351586539996787906e-05
4.342169631854631007e-05
4.334533514338545501e-05
4.323199391365051270e-05
4.303740570321679115e-05
4.282225563656538725e-05
4.269833152648061514e-05
5.816716293338686228e-05
4.265885218046605587e-05
4.256602187524549663e-05
4.243569856043905020e-05
4.230776175973005593e-05
4.218981121084652841e-05
4.202759009785950184e-05
4.225799057167023420e-05
4.193326458334922791e-05
4.178345989203080535e-05
4.168688974459655583e-05
4.161368269706144929e-05
4.153073314228095114e-05
4.146857827436178923e-05
4.139194788876920938e-05
4.129453736823052168e-05
4.120601079193875194e-05
4.120025550946593285e-05
4.115837509743869305e-05
4.111821908736601472e-05
4.108372377231717110e-05
4.106334381503984332e-05
4.100870137335732579e-05
4.098537829122506082e-05
4.089763751835562289e-05
4.083415842615067959e-05
4.075526157976128161e-05
4.067529880558140576e-05
4.068237103638239205e-05
4.061776417074725032e-05
4.054126475239172578e-05
4.048395203426480293e-05
4.041509600938297808e-05
4.032477590953931212e-05
4.023978544864803553e-05
4.015710146632045507e-05
4.011681448901072145e-05
4.009576150565408170e-05
4.006632661912590265e-05
4.001669731223955750e-05
3.997592648374848068e-05
3.993373684352263808e-05
3.987403033534064889e-05
3.982933776569552720e-05
3.974371793447062373e-05
3.968965029343962669e-05
3.965582436649128795e-05
3.958765591960400343e-05
3.959962486987933517e-05
3.954549902118742466e-05
3.949013262172229588e-05
3.942099283449351788e-05
3.937929795938543975e-05
3.933249536203220487e-05
3.933935659006237984e-05
3.929649392375722528e-05
3.925404598703607917e-05
3.917466892744414508e-05
3.937885412597097456e-05
3.916181958629749715e-05
3.913347973139025271e-05
3.907845166395418346e-05
3.904104232788085938e-05
3.895277768606320024e-05
3.887448838213458657e-05
3.882888631778769195e-05
3.877995914081111550e-05
3.876051050610840321e-05
3.875153197441250086e-05
3.873163223033770919e-05
3.870224463753402233e-05
3.867458872264251113e-05
3.863983147311955690e-05
3.862165249302051961e-05
3.859129355987533927e-05
3.857511546812020242e-05
3.854881288134492934e-05
3.853135422104969621e-05
3.850312350550666451e-05
3.846653999062255025e-05
3.842207661364227533e-05
3.858901618514209986e-05
3.840149292955175042e-05
3.837633266812190413e-05
3.835230018012225628e-05
3.833576192846521735e-05
3.833637674688361585e-05
3.832012589555233717e-05
3.828999979305081069e-05
3.826917964033782482e-05
3.824471787083894014e-05
3.821838618023321033e-05
3.828665649052709341e-05
3.820333586190827191e-05
3.816729440586641431e-05
3.814012598013505340e-05
3.812100112554617226e-05
3.810592897934839129e-05
3.807382017839699984e-05
3.804729203693568707e-05
3.801844650297425687e-05
3.800211925408802927e-05
3.812166323768906295e-05
3.799544356297701597e-05
3.797645695158280432e-05
3.795465090661309659e-05
3.792001371039077640e-05
3.789951733779162169e-05
3.785057924687862396e-05
3.816877870121970773e-05
3.782953717745840549e-05
3.778369136853143573e-05
3.774416472879238427e-05
3.771963747567497194e-05
3.768988608499057591e-05
3.765815927181392908e-05
3.761289553949609399e-05
3.754505814868025482e-05
3.750991163542494178e-05
3.748106973944231868e-05
3.744305649888701737e-05
3.740431930054910481e-05
3.739698149729520082e-05
3.737492806976661086e-05
3.736467624548822641e-05
3.734624624485149980e-05
3.732207187567837536e-05
3.728935553226619959e-05
3.725772330653853714e-05
3.723443660419434309e-05
3.721016400959342718e-05
3.718539301189593971e-05
3.715916318469680846e-05
3.713674959726631641e-05
3.711639874381944537e-05
3.710003511514514685e-05
3.708213625941425562e-05
3.706691495608538389e-05
3.704877235577441752e-05
3.702352842083200812e-05
3.698691216413863003e-05
3.693945473060011864e-05
3.689088407554663718e-05
3.684381226776167750e-05
3.679835208458825946e-05
3.676431515486910939e-05
3.672755337902344763e-05
3.670577279990538955e-05
3.668506906251423061e-05
3.663424649857915938e-05
3.657177148852497339e-05
3.652752639027312398e-05
3.648456549854017794e-05
3.644894604803994298e-05
3.637675399659201503e-05
3.631447179941460490e-05
3.630613355198875070e-05
3.624121018219739199e-05
3.622274380177259445e-05
3.617539186961948872e-05
3.613725129980593920e-05
3.609513078117743134e-05
3.606000609579496086e-05
3.602666765800677240e-05
3.599060437409207225e-05
3.594553709262982011e-05
3.592911525629460812e-05
3.590653795981779695e-05
3.586739694583229721e-05
3.582568751880899072e-05
3.578173709684051573e-05
3.575061055016703904e-05
3.572002606233581901e-05
3.570837725419551134e-05
3.567765816114842892e-05
3.565603401511907578e-05
3.562710480764508247e-05
3.560097684385254979e-05
3.556385490810498595e-05
3.554104114300571382e-05
3.552732232492417097e-05
3.549968823790550232e-05
3.547848973539657891e-05
3.544104765751399100e-05
3.540694160619750619e-05
3.538862438290379941e-05
3.535842552082613111e-05
3.534400457283481956e-05
3.532684786478057504e-05
3.531052061589434743e-05
3.527409717207774520e-05
3.523538907757028937e-05
3.519697202136740088e-05
3.516192737151868641e-05
3.511856994009576738e-05
3.509206726448610425e-05
3.506245775497518480e-05
3.503414336591959000e-05
3.501241735648363829e-05
3.498818841762840748e-05
3.495199780445545912e-05
3.491462121019139886e-05
3.487166395643725991e-05
3.483276304905302823e-05
3.476911297184415162e-05
3.469505827524699271e-05
3.463399116299115121e-05
3.457890852587297559e-05
3.455224214121699333e-05
3.453314275247976184e-05
3.488048241706565022e-05
3.452143573667854071e-05
3.448499046498909593e-05
3.443917375989258289e-05
3.439381544012576342e-05
3.437813938944600523e-05
3.434379323152825236e-05
3.432182711549103260e-05
3.430500146350823343e-05
3.428760828683152795e-05
3.426444163778796792e-05
3.422850568313151598e-05
3.419222775846719742e-05
3.414023376535624266e-05
3.413396552787162364e-05
3.410437784623354673e-05
3.403623122721910477e-05
3.424158421694301069e-05
3.402037691557779908e-05
3.397379623493179679e-05
3.393910446902737021e-05
3.389377525309100747e-05
3.384900264791212976e-05
3.382539580343291163e-05
3.380512134754098952e-05
3.378830660949461162e-05
3.376226959517225623e-05
3.372423816472291946e-05
3.367818862898275256e-05
3.364850272191688418e-05
3.363219002494588494e-05
3.362320057931356132e-05
3.360657865414395928e-05
3.359220136189833283e-05
3.361688868608325720e-05
3.358673347975127399e-05
3.357484456500969827e-05
3.356441811774857342e-05
3.354631917318329215e-05
3.352122803335078061e-05
3.347801612108014524e-05
3.352479689056053758e-05
3.346205994603224099e-05
3.342668787809088826e-05
3.339328759466297925e-05
3.335442306706681848e-05
3.330954132252372801e-05
3.324154022266156971e-05
3.318691597087308764e-05
3.310741885798051953e-05
3.305216159787960351e-05
3.298281080788001418e-05
3.301304604974575341e-05
3.296309660072438419e-05
3.293808913440443575e-05
3.289774758741259575e-05
3.285120692453347147e-05
3.277745781815610826e-05
3.271281457273289561e-05
3.267561987740918994e-05
3.265072155045345426e-05
3.262860263930633664e-05
3.259337972849607468e-05
3.254677358199842274e-05
3.265846316935494542e-05
3.251856469432823360e-05
3.245108746341429651e-05
3.240517617086879909e-05
3.233865572838112712e-05
3.229089998058043420e-05
3.223802559659816325e-05
3.218859637854620814e-05
3.214659227523952723e-05
3.212328010704368353e-05
3.209498026990331709e-05
3.205603570677340031e-05
3.203071901225484908e-05
3.201194340363144875e-05
3.199436832801438868e-05
3.198290869477204978e-05
3.197355181328020990e-05
3.196069519617594779e-05
3.195517638232558966e-05
3.194954479113221169e-05
3.194136661477386951e-05
3.193230804754421115e-05
3.191707946825772524e-05
3.190082497894763947e-05
3.187982292729429901e-05
3.185413879691623151e-05
3.182814180036075413e-05
3.187320908182300627e-05
3.181202555424533784e-05
3.178898259648121893e-05
3.176066093146800995e-05
3.174424273311160505e-05
3.171259595546871424e-05
3.178020415361970663e-05
3.169740739394910634e-05
3.167791146552190185e-05
3.165411180816590786e-05
3.163861038046889007e-05
3.169198316754773259e-05
3.162208304274827242e-05
3.159273910569027066e-05
3.154637670377269387e-05
3.150746852043084800e-05
3.147745883325114846e-05
3.157250466756522655e-05
3.146140079479664564e-05
3.141740307910367846e-05
3.139828550047241151e-05
3.136960003757849336e-05
3.135596853098832071e-05
3.133742575300857425e-05
3.131449921056628227e-05
3.129675678792409599e-05
3.127531817881390452e-05
3.125801958958618343e-05
3.125005241599865258e-05
3.123433634755201638e-05
3.121926056337542832e-05
3.118772292509675026e-05
3.115985600743442774e-05
3.112132253590971231e-05
3.108138480456545949e-05
3.111485057161189616e-05
3.105259020230732858e-05
3.102399932686239481e-05
3.100956018897704780e-05
3.095846113865263760e-05
3.092804399784654379e-05
3.089096571784466505e-05
3.087455479544587433e-05
3.084441050305031240e-05
3.116323932772502303e-05
3.083679257542826235e-05
3.081033355556428432e-05
3.078754525631666183e-05
3.077519795624539256e-05
3.076301436522044241e-05
3.074519190704450011e-05
3.068967271246947348e-05
3.065323835471644998e-05
3.062533141928724945e-05
3.060180097236298025e-05
3.057693538721650839e-05
3.054342960240319371e-05
3.045726589334663004e-05
3.054339322261512280e-05
3.042677417397499084e-05
3.037201531697064638e-05
3.032577842532191426e-05
3.029218714800663292e-05
3.022884629899635911e-05
3.022312557732220739e-05
3.018324787262827158e-05
3.016633490915410221e-05
3.013133391505107284e-05
3.010172804351896048e-05
3.007034320035018027e-05
3.004791142302565277e-05
3.002534322149585932e-05
2.999957177962642163e-05
2.995661088789347559e-05
2.992460940731689334e-05
2.987366679008118808e-05
2.988642881973646581e-05
2.984625098179094493e-05
2.980118006234988570e-05
2.975803727167658508e-05
2.970785499201156199e-05
2.965511885122396052e-05
2.961644895549397916e-05
2.959160337923094630e-05
2.951378337456844747e-05
2.944411244243383408e-05
2.938332363555673510e-05
2.935040174634195864e-05
2.931709605036303401e-05
2.928351932496298105e-05
2.926034176198299974e-05
2.924931141023989767e-05
2.923502870544325560e-05
2.921803934441413730e-05
2.919342296081595123e-05
2.914758624683599919e-05
2.909407703555189073e-05
2.905205838032998145e-05
2.903115819208323956e-05
2.898644379456527531e-05
2.894963472499512136e-05
2.891342410293873399e-05
2.892256634368095547e-05
2.889466668420936912e-05
2.886744914576411247e-05
2.884341665776446462e-05
2.880976171582005918e-05
2.876743747037835419e-05
2.870527532650157809e-05
2.860400491044856608e-05
2.859190135495737195e-05
2.846341158146969974e-05
2.840569322870578617e-05
2.834422775777056813e-05
2.827250500558875501e-05
2.822008173097856343e-05
2.810297701216768473e-05
2.801482332870364189e-05
2.791879887809045613e-05
2.782785668387077749e-05
2.777375630103051662e-05
2.771871368167921901e-05
2.767794285318814218e-05
2.763154407148249447e-05
2.753953231149353087e-05
2.745582787611056119e-05
2.733198016358073801e-05
2.756323192443232983e-05
2.726616912696044892e-05
2.720449992921203375e-05
2.712473906285595149e-05
2.705569204408675432e-05
2.701303856156300753e-05
2.697623312997166067e-05
2.693352871574461460e-05
2.687588494154624641e-05
2.677855263755191118e-05
2.674427560123149306e-05
2.670850881258957088e-05
2.668618253665044904e-05
2.666012187546584755e-05
2.661140388227067888e-05
2.656928700162097812e-05
2.651287468324881047e-05
2.659785786818247288e-05
2.648061308718752116e-05
2.644633059389889240e-05
2.641186438268050551e-05
2.636786484799813479e-05
2.631377901707310230e-05
2.626325294841080904e-05
2.620403756736777723e-05
2.613360811665188521e-05
2.608088107081130147e-05
2.619274710013996810e-05
2.605139525257982314e-05
2.599010440462734550e-05
2.594462966953869909e-05
2.592827877379022539e-05
2.586983100627548993e-05
2.584642606962006539e-05
2.580779619165696204e-05
2.578031853772699833e-05
2.574448808445595205e-05
2.571345430624205619e-05
2.566832517914008349e-05
2.591520205896813422e-05
2.565378781582694501e-05
2.561046130722388625e-05
2.558686173870228231e-05
2.557628977228887379e-05
2.556839899625629187e-05
2.554537786636501551e-05
2.552424848545342684e-05
2.549186137912329286e-05
2.548263546486850828e-05
2.543700793466996402e-05
2.542536640248727053e-05
2.539361958042718470e-05
2.536276406317483634e-05
2.531136851757764816e-05
2.528637196519412100e-05
2.524821684346534312e-05
2.523137845855671912e-05
2.521131136745680124e-05
2.518551627872511744e-05
2.514752122806385159e-05
2.512120227038394660e-05
2.507566387066617608e-05
2.505120573914609849e-05
2.503189352864865214e-05
2.501700146240182221e-05
2.498645517334807664e-05
2.511138882255181670e-05
2.497587229299824685e-05
2.495902663213200867e-05
2.492757266736589372e-05
2.490800397936254740e-05
2.487633355485741049e-05
2.485558979969937354e-05
2.484043216099962592e-05
2.481699993950314820e-05
2.479654358467087150e-05
2.476110603311099112e-05
2.471061816322617233e-05
2.467084595991764218e-05
2.458665767335332930e-05
2.453908200550358742e-05
2.448061059112660587e-05
2.443310768285300583e-05
2.439155286992900074e-05
2.436190152366179973e-05
2.433265581203158945e-05
2.431219036225229502e-05
2.428547486488241702e-05
2.417577525193337351e-05
2.409469743724912405e-05
2.398504511802457273e-05
2.392900569248013198e-05
2.388887514825910330e-05
2.386074083915445954e-05
2.383754508628044277e-05
2.379893157922197133e-05
2.379582474532071501e-05
2.378361386945471168e-05
2.375626900175120682e-05
2.372392737015616149e-05
2.369022695347666740e-05
2.365904219914227724e-05
2.362134910072200000e-05
2.358440906391479075e-05
2.352279443584848195e-05
2.347103509237058461e-05
2.341854087717365474e-05
2.335654608032200485e-05
2.331385439902078360e-05
2.326383946638088673e-05
2.321639476576820016e-05
2.318097904208116233e-05
2.315874189662281424e-05
2.310756099177524447e-05
2.301859785802662373e-05
2.291400414833333343e-05
2.281107663293369114e-05
2.271597622893750668e-05
2.263806163682602346e-05
2.260693509015254676e-05
2.254374885524157435e-05
2.250492616440169513e-05
2.247856718895491213e-05
2.243394919787533581e-05
2.239828609162941575e-05
2.236394175270106643e-05
2.231897269666660577e-05
2.229273741249926388e-05
2.225858042947947979e-05
2.221002250735182315e-05
2.217682776972651482e-05
2.210725506301969290e-05
2.206302269769366831e-05
2.202901123382616788e-05
2.198762740590609610e-05
2.194360240537207574e-05
2.190482155128847808e-05
2.186567871831357479e-05
2.181904710596427321e-05
2.177672467951197177e-05
2.175122972403187305e-05
2.171507185266818851e-05
2.165669866371899843e-05
2.158279676223173738e-05
2.154763205908238888e-05
2.151406079065054655e-05
2.149366628145799041e-05
2.145361213479191065e-05
2.142937591997906566e-05
2.142580342479050159e-05
2.139495336450636387e-05
2.137973933713510633e-05
2.135733302566222847e-05
2.133360067091416568e-05
2.130745815520640463e-05
2.125596256519202143e-05
2.123597550962585956e-05
2.118967859132681042e-05
2.116424002451822162e-05
2.114000017172656953e-05
2.111430330842267722e-05
2.106227475451305509e-05
2.103182123391889036e-05
2.099508856190368533e-05
2.095794661727268249e-05
2.090030830004252493e-05
2.083950857922900468e-05
2.074331496260128915e-05
2.066239176201634109e-05
2.060684346361085773e-05
2.059751386696007103e-05
2.062734711216762662e-05
2.055494587693829089e-05
2.048299757007043809e-05
2.043248423433396965e-05
2.033089913311414421e-05
2.025554022111464292e-05
2.018537088588345796e-05
2.017643600993324071e-05
2.014074925682507455e-05
2.005696660489775240e-05
2.001119173655752093e-05
1.997714025492314249e-05
1.995212551264557987e-05
1.993105433939490467e-05
1.989640986721497029e-05
1.987980431295000017e-05
1.985301423701457679e-05
1.982132744160480797e-05
1.979060107260011137e-05
1.975658778974320740e-05
1.971146593859884888e-05
1.967680873349308968e-05
1.964173861779272556e-05
1.961743873835075647e-05
1.958863140316680074e-05
1.956098094524350017e-05
1.950527257577050477e-05
1.948570388776715845e-05
1.945199255715124309e-05
1.942287599376868457e-05
1.939554749696981162e-05
1.936393528012558818e-05
1.933665771503001451e-05
1.930788130266591907e-05
1.928148594743106514e-05
1.924137177411466837e-05
1.920517934195231646e-05
1.916302426252514124e-05
1.911654544528573751e-05
1.905946373881306499e-05
1.899900235002860427e-05
1.891743158921599388e-05
1.884733683255035430e-05
1.880592026282101870e-05
1.877150680229533464e-05
1.875527959782630205e-05
1.873850123956799507e-05
1.871987660706508905e-05
1.867328137450385839e-05
1.864784826466348022e-05
1.859460826381109655e-05
1.856768176367040724e-05
1.854742004070430994e-05
1.852889727160800248e-05
1.855795198935084045e-05
1.851732668001204729e-05
1.848820102168247104e-05
1.843715654104016721e-05
1.840539880504366010e-05
1.833154783525969833e-05
1.828912718337960541e-05
1.827008782129269093e-05
1.824758874136023223e-05
1.822582999011501670e-05
1.820599391066934913e-05
1.818094824557192624e-05
1.815231189539190382e-05
1.810671346902381629e-05
1.830317887652199715e-05
1.809475179470609874e-05
1.805677311494946480e-05
1.814743700379040092e-05
1.804114981496240944e-05
1.801670805434696376e-05
1.798749326553661376e-05
1.795809475879650563e-05
1.808056913432665169e-05
1.795078060240484774e-05
1.793161573004908860e-05
1.792041621229145676e-05
1.791004251572303474e-05
1.789373345673084259e-05
1.787923247320577502e-05
1.787190558388829231e-05
1.786226675903890282e-05
1.785086169547867030e-05
1.783301922841928899e-05
1.781659011612646282e-05
1.780041930032894015e-05
1.778808109520468861e-05
1.778007026587147266e-05
1.776827048161067069e-05
1.775639248080551624e-05
1.773589974618516862e-05
1.772227005858439952e-05
1.770095514075364918e-05
1.768502806953620166e-05
1.766861532814800739e-05
1.765778142726048827e-05
1.770142989698797464e-05
1.765288834576494992e-05
1.764465923770330846e-05
1.761960083968006074e-05
1.760489431035239249e-05
1.758220423653256148e-05
1.755781522660981864e-05
1.754171535139903426e-05
1.752444586600176990e-05
1.751480522216297686e-05
1.749584225763101131e-05
1.748371141729876399e-05
1.746648740663658828e-05
1.744579094520304352e-05
1.742685708450153470e-05
1.739785329846199602e-05
1.736784906825050712e-05
1.734301622491329908e-05
1.732555574562866241e-05
1.731351403577718884e-05
1.730459371174219996e-05
1.729493124003056437e-05
1.727996641420759261e-05
1.726165464788209647e-05
1.723966306599322706e-05
1.722337947285268456e-05
1.720830914564430714e-05
1.719721331028267741e-05
1.721306580293457955e-05
1.718930070637725294e-05
1.717427585390396416e-05
1.715921280265320092e-05
1.715170583338476717e-05
1.715408507152460515e-05
1.714476093184202909e-05
1.714056998025625944e-05
1.713033270789310336e-05
1.711956065264530480e-05
1.710085962258744985e-05
1.708906893327366561e-05
1.707307455944828689e-05
1.705038994259666651e-05
1.703530870145186782e-05
1.701021938060875982e-05
1.701684050203766674e-05
1.700143548077903688e-05
1.698966116236988455e-05
1.698238520475570112e-05
1.697439802228473127e-05
1.696323488431517035e-05
1.695646278676576912e-05
1.695024184300564229e-05
1.694495040283072740e-05
1.693692865956109017e-05
1.693093327048700303e-05
1.691568286332767457e-05
1.690250428509898484e-05
1.688487645878922194e-05
1.686449468252249062e-05
1.684714334260206670e-05
1.683075424807611853e-05
1.682309084571897984e-05
1.680715286056511104e-05
1.679232627793680876e-05
1.678075022937264293e-05
1.677071122685447335e-05
1.676368810876738280e-05
1.675280145718716085e-05
1.674361192272044718e-05
1.673146107350476086e-05
1.671762402111198753e-05
1.669690027483738959e-05
1.666599564487114549e-05
1.664734372752718627e-05
1.662349677644670010e-05
1.661247551965061575e-05
1.659697591094300151e-05
1.658855035202577710e-05
1.657430038903839886e-05
1.659601730352733284e-05
1.657167740631848574e-05
1.656615131651051342e-05
1.656111453485209495e-05
1.655194864724762738e-05
1.655208689044229686e-05
1.654473089729435742e-05
1.653543586144223809e-05
1.651501952437683940e-05
1.650837293709628284e-05
1.650010199227835983e-05
1.648161014600191265e-05
1.646046803216449916e-05
1.642240567889530212e-05
1.639430593058932573e-05
1.637268906051758677e-05
1.635485568840522319e-05
1.633606552786659449e-05
1.631158738746307790e-05
1.623008756723720580e-05
1.620106559130363166e-05
1.620968942006584257e-05
1.617589987290557474e-05
1.614439133845735341e-05
1.613673885003663599e-05
1.612597770872525871e-05
1.611400875844992697e-05
1.609756509424187243e-05
1.608646562090143561e-05
1.607026752026285976e-05
1.605776742508169264e-05
1.605036595719866455e-05
1.603785131010226905e-05
1.603242526471149176e-05
1.602108932274859399e-05
1.601535041118040681e-05
1.601039366505574435e-05
1.600082759978249669e-05
1.598281960468739271e-05
1.605461693543475121e-05
1.596866059117019176e-05
1.595621870364993811e-05
1.595065441506449133e-05
1.594137393112760037e-05
1.593658089404925704e-05
1.592754415469244123e-05
1.592181251908186823e-05
1.590787724126130342e-05
1.590790270711295307e-05
1.589839303051121533e-05
1.588007035024929792e-05
1.586513462825678289e-05
1.586261350894346833e-05
1.583578705321997404e-05
1.582489676366094500e-05
1.580550997459795326e-05
1.579556919750757515e-05
1.579625495651271194e-05
1.579057970957364887e-05
1.578123374201823026e-05
1.577546026965137571e-05
1.576579415996093303e-05
1.575470560055691749e-05
1.574816087668295950e-05
1.573245208419393748e-05
1.572460314491763711e-05
1.570748281665146351e-05
1.568078732816502452e-05
1.567002254887484014e-05
1.564156082167755812e-05
1.563274781801737845e-05
1.561998215038329363e-05
1.559967677167151123e-05
1.557467658130917698e-05
1.554883419885300100e-05
1.552960384287871420e-05
1.551408240629825741e-05
1.549514308862853795e-05
1.547664942336268723e-05
1.545893064758274704e-05
1.545176201034337282e-05
1.543968573969323188e-05
1.542843165225349367e-05
1.541780147817917168e-05
1.541111487313173711e-05
1.540341327199712396e-05
1.539896038593724370e-05
1.538291508040856570e-05
1.536800118628889322e-05
1.535561750642955303e-05
1.535485353088006377e-05
1.534973307570908219e-05
1.534290458948817104e-05
1.533344766357913613e-05
1.532607348053716123e-05
1.531328416604083031e-05
1.530092777102254331e-05
1.528827306174207479e-05
1.527739004814065993e-05
1.527211679785978049e-05
1.526775668025948107e-05
1.525539664726238698e-05
1.524705112387891859e-05
1.523486389487516135e-05
1.522448019386501983e-05
1.521708054497139528e-05
1.522334878245601431e-05
1.520915975561365485e-05
1.519930538051994517e-05
1.519163288321578875e-05
1.518645240139449015e-05
1.518299905001185834e-05
1.517742384748999029e-05
1.517252712801564485e-05
1.516426709713414311e-05
1.520588466519257054e-05
1.516099291620776057e-05
1.515484837000258267e-05
1.515068834123667330e-05
1.514759878773475066e-05
1.514439463790040463e-05
1.513527149654692039e-05
1.512561902927700430e-05
1.511158643552334979e-05
1.510549736849498004e-05
1.509344656369648874e-05
1.508340938016772270e-05
1.507426441094139591e-05
1.506571061327122152e-05
1.505478212493471801e-05
1.504264673712896183e-05
1.503163912275340408e-05
1.501443057350115851e-05
1.500372763985069469e-05
1.498051096859853715e-05
1.496064032835420221e-05
1.494471780461026356e-05
1.491273906140122563e-05
1.489056921855080873e-05
1.488268208049703389e-05
1.487675945099908859e-05
1.487154258938971907e-05
1.486568453401559964e-05
1.485893062636023387e-05
1.484529457229655236e-05
1.482629613747121766e-05
1.480995160818565637e-05
1.477434489061124623e-05
1.475420140195637941e-05
1.480933133279904723e-05
1.474466171202948317e-05
1.473501833970658481e-05
1.472610892960801721e-05
1.476169563829898834e-05
1.472090480092447251e-05
1.471245104767149314e-05
1.470230381528381258e-05
1.469530707254307345e-05
1.468455684516811743e-05
1.467886886530322954e-05
1.473653719585854560e-05
1.467400124965934083e-05
1.467147467337781563e-05
1.466411595174577087e-05
1.465434070269111544e-05
1.463188527850434184e-05
1.490251270297449082e-05
1.462654472561553121e-05
1.461050214857095852e-05
1.460401108488440514e-05
1.459231862099841237e-05
1.458750739402603358e-05
1.457805592508520931e-05
1.457043617847375572e-05
1.457015787309501320e-05
1.456473364669363946e-05
1.455621804780093953e-05
1.454732591810170561e-05
1.453981440135976300e-05
1.453320510336197913e-05
1.452676224289461970e-05
1.451829939469462261e-05
1.451583557354751974e-05
1.450409581593703479e-05
1.449937553843483329e-05
1.449004412279464304e-05
1.448310104024130851e-05
1.447528302378486842e-05
1.447326485504163429e-05
1.446341229893732816e-05
1.446086571377236396e-05
1.445750967832282186e-05
1.445457564841490239e-05
1.444711051590275019e-05
1.443818018742604181e-05
1.442535722162574530e-05
1.441231142962351441e-05
1.441149561287602410e-05
1.440490268578287214e-05
1.439084280718816444e-05
1.438019444321980700e-05
1.437348601029952988e-05
1.436851471225963905e-05
1.435713784303516150e-05
1.434111072740051895e-05
1.433273882867069915e-05
1.432079989172052592e-05
1.431389682693406940e-05
1.430800693924538791e-05
1.430221527698449790e-05
1.429556323273573071e-05
1.428811629011761397e-05
1.428297218808438629e-05
1.427537881681928411e-05
1.426830021955538541e-05
1.426141079718945548e-05
1.425615846528671682e-05
1.424831498297862709e-05
1.423832691216375679e-05
1.422418972651939839e-05
1.419365617039147764e-05
1.418209558323724195e-05
1.416672057530377060e-05
1.425332629878539592e-05
1.416463692294200882e-05
1.415808219462633133e-05
1.414732923876727000e-05
1.413394693372538313e-05
1.412412530044093728e-05
1.411618904967326671e-05
1.410162440151907504e-05
1.407927629770711064e-05
1.405004968546563759e-05
1.400310975441243500e-05
1.394593709846958518e-05
1.390847501170355827e-05
1.387542761221993715e-05
1.384749793942319229e-05
1.382202208333183080e-05
1.376967975375009701e-05
1.372677434119395912e-05
1.367121058137854561e-05
1.391601563227595761e-05
1.365597745461855084e-05
1.363012233923655003e-05
1.360923124593682587e-05
1.359725229121977463e-05
1.358448025712277740e-05
1.357044675387442112e-05
1.354871528747025877e-05
1.351418450212804601e-05
1.346013596048578620e-05
1.344115662504918873e-05
1.340749895462067798e-05
1.339560549240559340e-05
1.337674984824843705e-05
1.336003788310335949e-05
1.333455111307557672e-05
1.333007003267994151e-05
1.336434797849506140e-05
1.330497434537392110e-05
1.327797872363589704e-05
1.325158063991693780e-05
1.323237393080489710e-05
1.320874707744223997e-05
1.318520298809744418e-05
1.316809357376769185e-05
1.315613917540758848e-05
1.314630208071321249e-05
1.313216671405825764e-05
1.312547738052671775e-05
1.311780033574905246e-05
1.310392326558940113e-05
1.309297113039065152e-05
1.305902151216287166e-05
1.302411328651942313e-05
1.299156883760588244e-05
1.300691474170889705e-05
1.298578627029201016e-05
1.297116068599279970e-05
1.295973379455972463e-05
1.294687444897135720e-05
1.292653541895560920e-05
1.298175993724726140e-05
1.291978514927905053e-05
1.290366526518482715e-05
1.288117891817819327e-05
1.284838072024285793e-05
1.281153981835814193e-05
1.278115450986661017e-05
1.276506282010814175e-05
1.275216254725819454e-05
1.274342594115296379e-05
1.273564339498989284e-05
1.271803830604767427e-05
1.270756547455675900e-05
1.269805034098681062e-05
1.269200038223061711e-05
1.268417508981656283e-05
1.268039613933069631e-05
1.267669358639977872e-05
1.267007610294967890e-05
1.266468098037876189e-05
1.265447099285665900e-05
1.289374540647258982e-05
1.265066748601384461e-05
1.264339425688376650e-05
1.263601461687358096e-05
1.262990099348826334e-05
1.262386649614199996e-05
1.261629950022324920e-05
1.261163470189785585e-05
1.260498993360670283e-05
1.259975033462978899e-05
1.258847896679071710e-05
1.257703843293711543e-05
1.256553059647558257e-05
1.254539802175713703e-05
1.253653408639365807e-05
1.253325444849906489e-05
1.251038156624417752e-05
1.250581408385187387e-05
1.250032983080018312e-05
1.249295564775820822e-05
1.248385615326697007e-05
1.246856845682486892e-05
1.246360534423729405e-05
1.244914801645791158e-05
1.244349186890758574e-05
1.243697806785348803e-05
1.242521557287545875e-05
1.248349144589155912e-05
1.242200141859939322e-05
1.241417612618533894e-05
1.239778885064879432e-05
1.238429831573739648e-05
1.239082121173851192e-05
1.237704327650135383e-05
1.236471507581882179e-05
1.234991214005276561e-05
1.235412764799548313e-05
1.233859984495211393e-05
1.232314116350607947e-05
1.229381268785800785e-05
1.228028395416913554e-05
1.225753749167779461e-05
1.225069445354165509e-05
1.222759692609542981e-05
1.222237460751784965e-05
1.221037291543325409e-05
1.218805846292525530e-05
1.216581404150929302e-05
1.233495640917681158e-05
1.216107011714484543e-05
1.214828898810083047e-05
1.213877658301498741e-05
1.213083214679500088e-05
1.211935887113213539e-05
1.210483696922892705e-05
1.210903064929880202e-05
1.209236961585702375e-05
1.207385503221303225e-05
1.205224998557241634e-05
1.204469117510598153e-05
1.203130341309588403e-05
1.201652685267617926e-05
1.199830330733675510e-05
1.198301924887346104e-05
1.196958237414946780e-05
1.194205106003209949e-05
1.192264517158037052e-05
1.190689181385096163e-05
1.189839531434699893e-05
1.187093039334286004e-05
1.184389839181676507e-05
1.181256357085658237e-05
1.178506045107496902e-05
1.184326174552552402e-05
1.176064051833236590e-05
1.173272357846144587e-05
1.171099302155198529e-05
1.170122777693904936e-05
1.168519065686268732e-05
1.167201844509691000e-05
1.166431138699408621e-05
1.164498007710790262e-05
1.163535853265784681e-05
1.162467742688022554e-05
1.161512318503810093e-05
1.160154806711943820e-05
1.159256771643413231e-05
1.158157283498439938e-05
1.157416500063845888e-05
1.156394046120112762e-05
1.155875270342221484e-05
1.155258905782829970e-05
1.154912933998275548e-05
1.154268375103129074e-05
1.153329139924608171e-05
1.152836193796247244e-05
1.151723790826508775e-05
1.150899970525642857e-05
1.150102980318479240e-05
1.150308071373729035e-05
1.149742456618696451e-05
1.149153285950887948e-05
1.148317551269428805e-05
1.147736384154995903e-05
1.147160946857184172e-05
1.146652084571542218e-05
1.146085105574456975e-05
1.145261558122001588e-05
1.144872112490702420e-05
1.144005273090442643e-05
1.161324325948953629e-05
1.143780991696985438e-05
1.143094959843438119e-05
1.141896882472792640e-05
1.160101237474009395e-05
1.141471057053422555e-05
1.140967742685461417e-05
1.140452059189556167e-05
1.139882169809425250e-05
1.139027972385520115e-05
1.137778963311575353e-05
1.136613354901783168e-05
1.135423462983453646e-05
1.134005015046568587e-05
1.132064971898216754e-05
1.131314638769254088e-05
1.129075644712429494e-05
1.127507312048692256e-05
1.125839662563521415e-05
1.124581740441499278e-05
1.123401671065948904e-05
1.122661615227116272e-05
1.121995046560186893e-05
1.121318837249418721e-05
1.119925127568421885e-05
1.119351873057894409e-05
1.118241470976499841e-05
1.117308602260891348e-05
1.116398470912827179e-05
1.121833611250622198e-05
1.116027760872384533e-05
1.115437589760404080e-05
1.114259521273197606e-05
1.113290818466339260e-05
1.111898563976865262e-05
1.109970162360696122e-05
1.106983472709544003e-05
1.106098534364718944e-05
1.105585215555038303e-05
1.103480190067784861e-05
1.102887745219049975e-05
1.102073383663082495e-05
1.101319139706902206e-05
1.100738154491409659e-05
1.100073677662294358e-05
1.099881137633929029e-05
1.099166911444626749e-05
1.098660777643090114e-05
1.097836957342224196e-05
1.096900268748868257e-05
1.095878542400896549e-05
1.095153857022523880e-05
1.094513208954595029e-05
1.094216622732346877e-05
1.093808987207012251e-05
1.092621641873847693e-05
1.092121692636283115e-05
1.090975001716287807e-05
1.089822217181790620e-05
1.088218959921505302e-05
1.088332646759226918e-05
1.087407872546464205e-05
1.086354950530221686e-05
1.085364147002110258e-05
1.084757786884438246e-05
1.084149153030011803e-05
1.084041196008911356e-05
1.083575989468954504e-05
1.083229653886519372e-05
1.082421749742934480e-05
1.081536629499169067e-05
1.083578536054119468e-05
1.080797574104508385e-05
1.079893081623595208e-05
1.078941841115010902e-05
1.077993420040002093e-05
1.077384149539284408e-05
1.075793625204823911e-05
1.075817908713361248e-05
1.075054387911222875e-05
1.074073134077480063e-05
1.072992654371773824e-05
1.072063423634972423e-05
1.071558926923898980e-05
1.071217593562323600e-05
1.070041071216110140e-05
1.069284098775824532e-05
1.068282199412351474e-05
1.067068114934954792e-05
1.064662774297175929e-05
1.063344825524836779e-05
1.062666524376254529e-05
1.061987495631910861e-05
1.061325110640609637e-05
1.060437170963268727e-05
1.059835358319105580e-05
1.059459282259922475e-05
1.059267924574669451e-05
1.058944690157659352e-05
1.058447924151550978e-05
1.058185443980619311e-05
1.057722693076357245e-05
1.057369081536307931e-05
1.057093322742730379e-05
1.056675773725146428e-05
1.056490327755454928e-05
1.056234395946376026e-05
1.056059227266814560e-05
1.055741086020134389e-05
1.055303437169641256e-05
1.056363362295087427e-05
1.054993117577396333e-05
1.054433596436865628e-05
1.053914911608444527e-05
1.053330015565734357e-05
1.052674087986815721e-05
1.052407151291845366e-05
1.051871367963030934e-05
1.051534127327613533e-05
1.051165872922865674e-05
1.050811533787054941e-05
1.050215360010042787e-05
1.049133061314933002e-05
1.048127705871593207e-05
1.047559908329276368e-05
1.046785291691776365e-05
1.045721273840172216e-05
1.046401757776038721e-05
1.045263161358889192e-05
1.044412056216970086e-05
1.043067095451988280e-05
1.041766699927393347e-05
1.040333154378458858e-05
1.045365570462308824e-05
1.039894686982734129e-05
1.038736627378966659e-05
1.038076698023360223e-05
1.036902085616020486e-05
1.035764944390393794e-05
1.036341564031317830e-05
1.035215518641052768e-05
1.033840817399322987e-05
1.033198350341990590e-05
1.032198451866861433e-05
1.031381452776258811e-05
1.030294515658169985e-05
1.029120812745532021e-05
1.027928828989388421e-05
1.026957670546835288e-05
1.026120207825442776e-05
1.025042365654371679e-05
1.023257209453731775e-05
1.022250944515690207e-05
1.020441141008632258e-05
1.018253351503517479e-05
1.016403166431700811e-05
1.015339239529566839e-05
1.014581448544049636e-05
1.013948076433734968e-05
1.012959000945556909e-05
1.012257962429430336e-05
1.011280619422905147e-05
1.010522282740566880e-05
1.009572588372975588e-05
1.008843628369504586e-05
1.008176514005754143e-05
1.007150785881094635e-05
1.005559715849813074e-05
1.004801015369594097e-05
1.003560555545846000e-05
1.002698718366445974e-05
1.001654527499340475e-05
1.000797419692389667e-05
1.000071551970904693e-05
9.993712410505395383e-06
9.977311492548324168e-06
9.947716534952633083e-06
9.916197086567990482e-06
9.891829904518090189e-06
9.881466212391387671e-06
9.867894732451532036e-06
9.856513315753545612e-06
9.848678018897771835e-06
9.842737199505791068e-06
9.836064236878883094e-06
9.815632438403554261e-06
9.794490324566140771e-06
9.818743819778319448e-06
9.780504115042276680e-06
9.766636139829643071e-06
9.751252946443855762e-06
9.741273061081301421e-06
9.726840289658866823e-06
9.716601198306307197e-06
9.703481737233232707e-06
9.690077604318503290e-06
9.663597666076384485e-06
9.698102076072245836e-06
9.655619578552432358e-06
9.635605238145217299e-06
9.621679055271670222e-06
9.612035682948771864e-06
9.600312296242918819e-06
9.588118700776249170e-06
9.612397661840077490e-06
9.585482075635809451e-06
9.580335245118476450e-06
9.572732778906356543e-06
9.566224434820469469e-06
9.560415492160245776e-06
9.554915777698624879e-06
9.546773981128353626e-06
9.536012839816976339e-06
9.524193046672735363e-06
9.516554200672544539e-06
9.507311915513128042e-06
9.497725841356441379e-06
9.486963790550362319e-06
9.477556886849924922e-06
9.472320925851818174e-06
9.471363227930851281e-06
9.465921721130143851e-06
9.460249202675186098e-06
9.452886843064334244e-06
9.443731869396287948e-06
9.433980267203878611e-06
9.429108104086481035e-06
9.423832125321496278e-06
9.418430636287666857e-06
9.409561243955977261e-06
9.395345841767266393e-06
9.378448339703027159e-06
9.366072845296002924e-06
9.353676432510837913e-06
9.346062142867594957e-06
9.332400622952263802e-06
9.329128261015284806e-06
9.309321285400073975e-06
9.298604709329083562e-06
9.289511581300757825e-06
9.282206519856117666e-06
9.275288903154432774e-06
9.262626008421648294e-06
9.257076271751429886e-06
9.248598871636204422e-06
9.237605809175875038e-06
9.223014785675331950e-06
9.215355021297000349e-06
9.189432603307068348e-06
9.177533684123773128e-06
9.164311450149398297e-06
9.150318874162621796e-06
9.137212146015372127e-06
9.123900781560223550e-06
9.108703125093597919e-06
9.270333976019173861e-06
9.104081073019187897e-06
9.095327186514623463e-06
9.127799785346724093e-06
9.092373147723264992e-06
9.080920790438540280e-06
9.072052307601552457e-06
9.050618245964869857e-06
9.039743417815770954e-06
9.029784450831357390e-06
9.021930054586846381e-06
9.009980203700251877e-06
9.001459147839341313e-06
8.993069059215486050e-06
8.988650733954273164e-06
8.983188308775424957e-06
8.979770427686162293e-06
8.976403478300198913e-06
8.969620466814376414e-06
8.967873327492270619e-06
8.960025297710672021e-06
8.957679710874799639e-06
8.951339623308740556e-06
8.945934496296104044e-06
8.940794941736385226e-06
8.936925951275043190e-06
8.927254384616389871e-06
8.919293577491771430e-06
8.913141755328979343e-06
8.915947546483948827e-06
8.911145414458587766e-06
8.906785296858288348e-06
8.901372893888037652e-06
8.893839549273252487e-06
8.888509910320863128e-06
8.878526386979501694e-06
8.864723895385395736e-06
8.859602530719712377e-06
8.841367161949165165e-06
8.833406354824546725e-06
8.828247700876090676e-06
8.822693416732363403e-06
8.816215995466336608e-06
8.808387065073475242e-06
8.798921044217422605e-06
8.791857908363454044e-06
8.767242434259969741e-06
8.767033250478561968e-06
8.756233000895008445e-06
8.736677955312188715e-06
8.713356692169327289e-06
8.698913006810471416e-06
8.691114999237470329e-06
8.684445674589369446e-06
8.677854566485621035e-06
8.671265277371276170e-06
8.658950719109270722e-06
8.634152436570730060e-06
8.806860932963900268e-06
8.628600880911108106e-06
8.600653018220327795e-06
8.567863005737308413e-06
8.541552233509719372e-06
8.525789780833292753e-06
8.507561688020359725e-06
8.493035238643642515e-06
8.483569217787589878e-06
8.469583917758427560e-06
8.466593499178998172e-06
8.452201655018143356e-06
8.444526429229881614e-06
8.434763003606349230e-06
8.424991392530500889e-06
8.413145224039908499e-06
8.401608283747918904e-06
8.396818884648382664e-06
8.387020898226182908e-06
8.382085070479661226e-06
8.374590834137052298e-06
8.362462722288910300e-06
8.346301910933107138e-06
8.335983693541493267e-06
8.325707312906160951e-06
8.316245839523617178e-06
8.313085345434956253e-06
8.325800081365741789e-06
8.307626558234915137e-06
8.301086381834466010e-06
8.293756764032877982e-06
8.283928764285519719e-06
8.272116247098892927e-06
8.255958164227195084e-06
8.240052920882590115e-06
8.246147444879170507e-06
8.229966624639928341e-06
8.217428330681286752e-06
8.206827260437421501e-06
8.196595445042476058e-06
8.177938070730306208e-06
8.158212949638254941e-06
8.318923391925636679e-06
8.147459993779193610e-06
8.127137334668077528e-06
8.095835255517158657e-06
8.078639439190737903e-06
8.051711120060645044e-06
8.031367542571388185e-06
8.018012522370554507e-06
8.003858056326862425e-06
7.985786396602634341e-06
7.965380063978955150e-06
7.935050234664231539e-06
7.907785402494482696e-06
7.879741133365314454e-06
7.922868462628684938e-06
7.874170478316955268e-06
7.860832738515455276e-06
7.852177077438682318e-06
7.839021236577536911e-06
7.822009138180874288e-06
7.800567800586577505e-06
7.912251021480187774e-06
7.793889380991458893e-06
7.778415238135494292e-06
7.765060217934660614e-06
7.751067641947884113e-06
7.739038665022235364e-06
8.145918400259688497e-06
7.735259714536368847e-06
7.724724127911031246e-06
7.713074410276021808e-06
7.702159564360044897e-06
7.691473001614212990e-06
7.678519978071562946e-06
7.711195394222158939e-06
7.672906576772220433e-06
7.662432835786603391e-06
7.650433872186113149e-06
7.637174348928965628e-06
7.622456905664876103e-06
7.607910902152070776e-06
7.591049779875902459e-06
7.573710718133952469e-06
7.553953764727339149e-06
7.774649930070154369e-06
7.549727342848200351e-06
7.536649263784056529e-06
7.521127372456248850e-06
7.505700978072127327e-06
7.490635653084609658e-06
7.475353413610719144e-06
7.457306764990789816e-06
7.440501576638780534e-06
7.428046501445351169e-06
7.418520453938981518e-06
7.410942089336458594e-06
7.406903023365885019e-06
7.402494702546391636e-06
7.395284683298086748e-06
7.390637165372027084e-06
7.386045126622775570e-06
7.382973763014888391e-06
7.380156603176146746e-06
7.376344910881016403e-06
7.372529580607078969e-06
7.363389613601611927e-06
7.354724857577821240e-06
7.346366601268528029e-06
7.337891020142706111e-06
7.330008884309791028e-06
7.321455996134318411e-06
7.354915396717842668e-06
7.319248197745764628e-06
7.311798071896191686e-06
7.307064151973463595e-06
7.299739536392735317e-06
7.293080216186353937e-06
7.287012067536124960e-06
7.276530595845542848e-06
7.268818990269210190e-06
7.262648978212382644e-06
7.258655841724248603e-06
7.254422143887495622e-06
7.254148840729612857e-06
7.251539500430226326e-06
7.249114332807948813e-06
7.245425877044908702e-06
7.241244020406156778e-06
7.236023066070629284e-06
7.229460607049986720e-06
7.221245141408871859e-06
7.215020104922587052e-06
7.212823220470454544e-06
7.205438578239409253e-06
7.202797405625460669e-06
7.199566425697412342e-06
7.194842055469052866e-06
