3.666401062011718750e+02
3.197562561035156250e+02
2.531954040527343750e+02
1.862237548828125000e+02
2.919910888671875000e+02
1.642758636474609375e+02
1.543994750976562500e+02
1.284031066894531250e+02
1.092166824340820312e+02
1.152317352294921875e+02
9.852473449707031250e+01
9.254080963134765625e+01
8.548512268066406250e+01
8.136971282958984375e+01
8.078359985351562500e+01
6.752571105957031250e+01
8.650099945068359375e+01
5.608661651611328125e+01
4.531095886230468750e+01
3.971253204345703125e+01
3.481404876708984375e+01
3.257797241210937500e+01
3.054813194274902344e+01
2.883534622192382812e+01
2.611798095703125000e+01
2.358820533752441406e+01
2.164302062988281250e+01
1.989319229125976562e+01
1.797889900207519531e+01
1.552149486541748047e+01
1.439083671569824219e+01
1.365698909759521484e+01
1.281230449676513672e+01
1.147561168670654297e+01
1.072239398956298828e+01
1.021959781646728516e+01
9.883298873901367188e+00
9.325554847717285156e+00
8.781921386718750000e+00
8.214428901672363281e+00
7.506558418273925781e+00
6.625471591949462891e+00
5.796863555908203125e+00
5.453552246093750000e+00
5.200500488281250000e+00
4.914525032043457031e+00
4.547476768493652344e+00
4.512686252593994141e+00
4.294545650482177734e+00
4.089625358581542969e+00
4.006764888763427734e+00
3.934709548950195312e+00
3.769331455230712891e+00
3.584963798522949219e+00
3.256173610687255859e+00
2.953103780746459961e+00
2.690681934356689453e+00
2.546597480773925781e+00
2.463492393493652344e+00
2.362544298171997070e+00
2.231769561767578125e+00
2.073562860488891602e+00
1.960553884506225586e+00
1.871842384338378906e+00
1.826467633247375488e+00
1.757801771163940430e+00
1.644597053527832031e+00
1.579572319984436035e+00
1.515620470046997070e+00
1.444555163383483887e+00
1.352390170097351074e+00
1.251895666122436523e+00
1.185543894767761230e+00
1.128816485404968262e+00
1.091878414154052734e+00
1.073286294937133789e+00
1.054267287254333496e+00
1.035597920417785645e+00
1.014821529388427734e+00
9.917187094688415527e-01
9.660110473632812500e-01
9.211722612380981445e-01
8.686313629150390625e-01
8.435649275779724121e-01
8.251760005950927734e-01
8.143268823623657227e-01
8.045552372932434082e-01
7.870620489120483398e-01
7.577859163284301758e-01
7.139780521392822266e-01
6.789901256561279297e-01
6.559220552444458008e-01
6.458661556243896484e-01
6.379244327545166016e-01
6.214425563812255859e-01
5.841302275657653809e-01
5.384021401405334473e-01
4.911240339279174805e-01
4.644358754158020020e-01
4.507099986076354980e-01
4.415922462940216064e-01
4.361832737922668457e-01
4.232740104198455811e-01
4.017683267593383789e-01
3.924160003662109375e-01
3.822923302650451660e-01
3.731292784214019775e-01
3.662406504154205322e-01
3.589281439781188965e-01
3.531793653964996338e-01
3.477695286273956299e-01
3.445769548416137695e-01
3.409866094589233398e-01
3.353556692600250244e-01
3.299640715122222900e-01
3.251983523368835449e-01
3.200944066047668457e-01
3.119000792503356934e-01
3.013938963413238525e-01
2.855884432792663574e-01
2.645091712474822998e-01
2.489363104104995728e-01
2.362621128559112549e-01
2.330290377140045166e-01
2.286721169948577881e-01
2.278985828161239624e-01
2.261727750301361084e-01
2.250617742538452148e-01
2.236339300870895386e-01
2.215608805418014526e-01
2.170127332210540771e-01
2.089918553829193115e-01
1.985164284706115723e-01
1.899117231369018555e-01
1.845482289791107178e-01
1.814247369766235352e-01
1.795655488967895508e-01
1.771194040775299072e-01
1.753668487071990967e-01
1.757111549377441406e-01
1.738001853227615356e-01
1.721531450748443604e-01
1.659696847200393677e-01
1.967733502388000488e-01
1.641605794429779053e-01
1.584676206111907959e-01
1.542670577764511108e-01
1.527206599712371826e-01
1.519200205802917480e-01
1.511143743991851807e-01
1.496466547250747681e-01
1.503081321716308594e-01
1.487613916397094727e-01
1.467455476522445679e-01
1.450457274913787842e-01
1.435849964618682861e-01
1.423416435718536377e-01
1.412401497364044189e-01
1.402633190155029297e-01
1.389052271842956543e-01
1.368734538555145264e-01
1.366041749715805054e-01
1.348143815994262695e-01
1.340803653001785278e-01
1.329699456691741943e-01
1.316531300544738770e-01
1.304297745227813721e-01
1.295346021652221680e-01
1.287017911672592163e-01
1.272789686918258667e-01
1.264431625604629517e-01
1.254528760910034180e-01
1.244805082678794861e-01
1.232620328664779663e-01
1.215763688087463379e-01
1.203562468290328979e-01
1.192080527544021606e-01
1.183190494775772095e-01
1.169899106025695801e-01
1.154343187808990479e-01
1.138236150145530701e-01
1.128682345151901245e-01
1.122587993741035461e-01
1.118671745061874390e-01
1.114202439785003662e-01
1.111558601260185242e-01
1.109571531414985657e-01
1.107212975621223450e-01
1.105469241738319397e-01
1.101120412349700928e-01
1.103510260581970215e-01
1.098152697086334229e-01
1.092750132083892822e-01
1.085841357707977295e-01
1.079995334148406982e-01
1.077592670917510986e-01
1.074781417846679688e-01
1.073886305093765259e-01
1.071579679846763611e-01
1.073805019259452820e-01
1.070327013731002808e-01
1.068326532840728760e-01
1.065610498189926147e-01
1.061831861734390259e-01
1.057134419679641724e-01
1.050051227211952209e-01
1.040280163288116455e-01
1.019852384924888611e-01
1.024367362260818481e-01
1.013573110103607178e-01
1.006754636764526367e-01
9.974176436662673950e-02
9.912884235382080078e-02
9.846572577953338623e-02
9.813985228538513184e-02
9.798551350831985474e-02
9.787327051162719727e-02
9.760233759880065918e-02
9.713836014270782471e-02
9.651285409927368164e-02
9.543710947036743164e-02
9.257166087627410889e-02
9.092378616333007812e-02
8.915059268474578857e-02
8.986182510852813721e-02
8.849847316741943359e-02
8.785551041364669800e-02
8.747741580009460449e-02
8.728323131799697876e-02
8.713146299123764038e-02
8.693794906139373779e-02
8.675339072942733765e-02
8.655204623937606812e-02
8.623147010803222656e-02
8.591702580451965332e-02
8.551065623760223389e-02
8.493778109550476074e-02
8.449099957942962646e-02
8.388198912143707275e-02
8.274585008621215820e-02
8.176490664482116699e-02
7.950353622436523438e-02
7.809042930603027344e-02
8.308646082878112793e-02
7.721025496721267700e-02
7.598870992660522461e-02
7.659985125064849854e-02
7.565315067768096924e-02
7.541033625602722168e-02
7.524713873863220215e-02
7.502983510494232178e-02
7.475671917200088501e-02
7.448824495077133179e-02
7.421272248029708862e-02
7.371929287910461426e-02
7.305085659027099609e-02
7.249221205711364746e-02
7.192653417587280273e-02
7.145785540342330933e-02
7.104772329330444336e-02
7.036519050598144531e-02
6.947521120309829712e-02
6.892329454421997070e-02
6.850937008857727051e-02
6.819070875644683838e-02
6.780943274497985840e-02
6.735329329967498779e-02
6.693726778030395508e-02
6.664257496595382690e-02
6.644775718450546265e-02
6.625743210315704346e-02
6.591874361038208008e-02
6.566897779703140259e-02
6.538697332143783569e-02
6.517650187015533447e-02
6.481827795505523682e-02
6.443308293819427490e-02
6.413298100233078003e-02
6.390609592199325562e-02
6.368146091699600220e-02
6.352432072162628174e-02
6.318770349025726318e-02
6.292310357093811035e-02
6.254922598600387573e-02
6.325960904359817505e-02
6.225248426198959351e-02
6.146147847175598145e-02
6.077824532985687256e-02
6.015939638018608093e-02
5.960877239704132080e-02
5.904013663530349731e-02
5.898839235305786133e-02
5.844287946820259094e-02
5.825652182102203369e-02
5.798985809087753296e-02
5.766310542821884155e-02
5.729618668556213379e-02
5.704125016927719116e-02
5.675950646400451660e-02
5.649051442742347717e-02
5.617376416921615601e-02
5.589151009917259216e-02
5.557276308536529541e-02
5.528938397765159607e-02
5.495098233222961426e-02
5.460597574710845947e-02
5.422526597976684570e-02
5.377724766731262207e-02
5.342353880405426025e-02
5.309525877237319946e-02
5.291076004505157471e-02
5.271255597472190857e-02
5.246027186512947083e-02
5.207645520567893982e-02
5.172177404165267944e-02
5.134908482432365417e-02
5.077064782381057739e-02
5.081125348806381226e-02
5.036675184965133667e-02
4.979936778545379639e-02
4.935269802808761597e-02
4.893343895673751831e-02
4.857153445482254028e-02
4.808799177408218384e-02
4.766983911395072937e-02
4.751804471015930176e-02
4.740737378597259521e-02
4.704283177852630615e-02
4.672045260667800903e-02
4.647791385650634766e-02
4.623785614967346191e-02
4.603360220789909363e-02
4.540276899933815002e-02
4.481361061334609985e-02
4.420617967844009399e-02
4.375850409269332886e-02
4.331475496292114258e-02
4.292462021112442017e-02
4.254832118749618530e-02
4.222191497683525085e-02
4.189825803041458130e-02
4.140702635049819946e-02
4.165193066000938416e-02
4.119825363159179688e-02
4.101709276437759399e-02
4.088797047734260559e-02
4.070078954100608826e-02
4.051198065280914307e-02
4.035388305783271790e-02
4.024149477481842041e-02
4.013808816671371460e-02
4.001112282276153564e-02
3.982501477003097534e-02
3.976645320653915405e-02
3.969646617770195007e-02
3.962578997015953064e-02
3.954110294580459595e-02
3.934767842292785645e-02
3.913608193397521973e-02
3.881675004959106445e-02
3.844089806079864502e-02
3.817825019359588623e-02
3.776004165410995483e-02
3.743889555335044861e-02
3.719358146190643311e-02
3.699152544140815735e-02
3.679306805133819580e-02
3.655523061752319336e-02
3.633136674761772156e-02
3.621722757816314697e-02
3.612947091460227966e-02
3.600306063890457153e-02
3.578364104032516479e-02
3.567847236990928650e-02
3.548371046781539917e-02
3.530923277139663696e-02
3.516339510679244995e-02
3.561583906412124634e-02
3.507046401500701904e-02
3.490547090768814087e-02
3.470901399850845337e-02
3.451922163367271423e-02
3.429666534066200256e-02
3.417216241359710693e-02
3.396528214216232300e-02
3.377013653516769409e-02
3.359442576766014099e-02
3.341323882341384888e-02
3.324788436293601990e-02
3.317390009760856628e-02
3.309065476059913635e-02
3.300853446125984192e-02
3.287434205412864685e-02
3.270169347524642944e-02
3.248929232358932495e-02
3.221810981631278992e-02
3.194998204708099365e-02
3.163338452577590942e-02
3.141107782721519470e-02
3.119174391031265259e-02
3.089421056210994720e-02
3.059192374348640442e-02
3.032543510198593140e-02
3.013784252107143402e-02
3.001003153622150421e-02
2.991758286952972412e-02
2.980055846273899078e-02
2.966291457414627075e-02
2.959122508764266968e-02
2.951640076935291290e-02
2.941183745861053467e-02
2.931664139032363892e-02
2.923025749623775482e-02
2.913837134838104248e-02
2.903776429593563080e-02
2.896355092525482178e-02
2.888773009181022644e-02
2.879289165139198303e-02
2.866290882229804993e-02
2.852644026279449463e-02
2.840287238359451294e-02
2.840626984834671021e-02
2.835747227072715759e-02
2.832159958779811859e-02
2.824538201093673706e-02
2.821263298392295837e-02
2.815623953938484192e-02
2.808433771133422852e-02
2.799914032220840454e-02
2.785044163465499878e-02
2.775042131543159485e-02
2.775971777737140656e-02
2.767758071422576904e-02
2.755820006132125854e-02
2.743787690997123718e-02
2.730358019471168518e-02
2.715994417667388916e-02
2.772013098001480103e-02
2.710147388279438019e-02
2.693068794906139374e-02
2.675063163042068481e-02
2.669108659029006958e-02
2.664662525057792664e-02
2.659019269049167633e-02
2.649094536900520325e-02
2.638427540659904480e-02
2.628512308001518250e-02
2.615345455706119537e-02
2.604213729500770569e-02
2.595000900328159332e-02
2.587812021374702454e-02
2.581233344972133636e-02
2.573240920901298523e-02
2.597508952021598816e-02
2.567596174776554108e-02
2.549539133906364441e-02
2.518376708030700684e-02
2.496705576777458191e-02
2.481951937079429626e-02
2.474852092564105988e-02
2.466827072203159332e-02
2.454450353980064392e-02
2.441938593983650208e-02
2.429448626935482025e-02
2.418831363320350647e-02
2.406977675855159760e-02
2.394748851656913757e-02
2.383855357766151428e-02
2.378555014729499817e-02
2.354219183325767517e-02
2.342548593878746033e-02
2.332589030265808105e-02
2.329095453023910522e-02
2.322088927030563354e-02
2.316653728485107422e-02
2.309280820190906525e-02
2.297523990273475647e-02
2.283098176121711731e-02
2.282597124576568604e-02
2.270543202757835388e-02
2.255975827574729919e-02
2.247807569801807404e-02
2.241335436701774597e-02
2.232531085610389709e-02
2.223253995180130005e-02
2.214881032705307007e-02
2.207961305975914001e-02
2.203852869570255280e-02
2.197095938026905060e-02
2.185976505279541016e-02
2.185138687491416931e-02
2.179957553744316101e-02
2.168462052941322327e-02
2.163474075496196747e-02
2.160313166677951813e-02
2.158658578991889954e-02
2.156389877200126648e-02
2.153551951050758362e-02
2.150416933000087738e-02
2.146823704242706299e-02
2.140621468424797058e-02
2.132590860128402710e-02
2.108688466250896454e-02
2.089260891079902649e-02
2.077700570225715637e-02
2.064048312604427338e-02
2.055850997567176819e-02
2.048425562679767609e-02
2.040426991879940033e-02
2.028225362300872803e-02
2.050476521253585815e-02
2.021294832229614258e-02
2.012004703283309937e-02
2.005770802497863770e-02
1.994360983371734619e-02
1.983129046857357025e-02
1.970570348203182220e-02
1.960809342563152313e-02
1.954135484993457794e-02
1.949344202876091003e-02
1.946165412664413452e-02
1.942173019051551819e-02
1.938835345208644867e-02
1.935571245849132538e-02
1.932024955749511719e-02
1.928556337952613831e-02
1.924134045839309692e-02
1.919026300311088562e-02
1.913941651582717896e-02
1.908717490732669830e-02
1.904533430933952332e-02
1.898936182260513306e-02
1.892520487308502197e-02
1.880723796784877777e-02
1.872483268380165100e-02
1.863988861441612244e-02
1.859544962644577026e-02
1.851712353527545929e-02
1.846942678093910217e-02
1.843570917844772339e-02
1.839823462069034576e-02
1.836704462766647339e-02
1.832450181245803833e-02
1.828888989984989166e-02
1.819040998816490173e-02
1.807340048253536224e-02
1.832379400730133057e-02
1.796632632613182068e-02
1.772965118288993835e-02
1.757948100566864014e-02
1.746158301830291748e-02
1.738400571048259735e-02
1.732006855309009552e-02
1.724413409829139709e-02
1.716564595699310303e-02
1.711846329271793365e-02
1.706603169441223145e-02
1.701476797461509705e-02
1.699276641011238098e-02
1.696723327040672302e-02
1.697085984051227570e-02
1.694746874272823334e-02
1.691350154578685760e-02
1.689229905605316162e-02
1.686649024486541748e-02
1.684653013944625854e-02
1.682168431580066681e-02
1.676969230175018311e-02
1.674569398164749146e-02
1.671497337520122528e-02
1.667805388569831848e-02
1.665662229061126709e-02
1.659877225756645203e-02
1.653732359409332275e-02
1.751964539289474487e-02
1.652078703045845032e-02
1.648101583123207092e-02
1.644072495400905609e-02
1.640279218554496765e-02
1.634126715362071991e-02
1.625069603323936462e-02
1.629744097590446472e-02
1.618690975010395050e-02
1.606260426342487335e-02
1.597333885729312897e-02
1.597304642200469971e-02
1.593474298715591431e-02
1.590407826006412506e-02
1.587307639420032501e-02
1.584998145699501038e-02
1.580302044749259949e-02
1.574745215475559235e-02
1.570311747491359711e-02
1.567762345075607300e-02
1.565435901284217834e-02
1.563494466245174408e-02
1.561144739389419556e-02
1.558624953031539917e-02
1.556159928441047668e-02
1.552719250321388245e-02
1.551559567451477051e-02
1.548843644559383392e-02
1.546244323253631592e-02
1.544666104018688202e-02
1.542618777602910995e-02
1.538776047527790070e-02
1.536195166409015656e-02
1.534592919051647186e-02
1.532582286745309830e-02
1.529639214277267456e-02
1.527664251625537872e-02
1.522297039628028870e-02
1.517303381115198135e-02
1.514631509780883789e-02
1.542826555669307709e-02
1.513857580721378326e-02
1.511317025870084763e-02
1.508449018001556396e-02
1.505285687744617462e-02
1.502576097846031189e-02
1.499708555638790131e-02
1.496071647852659225e-02
1.490606553852558136e-02
1.487659476697444916e-02
1.489353645592927933e-02
1.485260576009750366e-02
1.481836941093206406e-02
1.479838974773883820e-02
1.476479880511760712e-02
1.473359297960996628e-02
1.468288153409957886e-02
1.461966242641210556e-02
1.456707529723644257e-02
1.449263188987970352e-02
1.440100371837615967e-02
1.430559158325195312e-02
1.422619633376598358e-02
1.415820978581905365e-02
1.414983067661523819e-02
1.406581979244947433e-02
1.403038110584020615e-02
1.398565247654914856e-02
1.399043388664722443e-02
1.396907493472099304e-02
1.394743192940950394e-02
1.393604464828968048e-02
1.392678543925285339e-02
1.390978507697582245e-02
1.389587111771106720e-02
1.388447917997837067e-02
1.387272123247385025e-02
1.385787874460220337e-02
1.384690962731838226e-02
1.384881511330604553e-02
1.383470557630062103e-02
1.381946913897991180e-02
1.378011517226696014e-02
1.374971494078636169e-02
1.370576117187738419e-02
1.368157938122749329e-02
1.366648171097040176e-02
1.362626999616622925e-02
1.360123418271541595e-02
1.358352322131395340e-02
1.356627792119979858e-02
1.353550702333450317e-02
1.350039057433605194e-02
1.344568096101284027e-02
1.338734477758407593e-02
1.358643174171447754e-02
1.337190996855497360e-02
1.333863288164138794e-02
1.329716481268405914e-02
1.325389556586742401e-02
1.318924408406019211e-02
1.313370931893587112e-02
1.307522878050804138e-02
1.305286679416894913e-02
1.302864402532577515e-02
1.318948902189731598e-02
1.301685348153114319e-02
1.299003697931766510e-02
1.296197623014450073e-02
1.294738985598087311e-02
1.292330957949161530e-02
1.290760282427072525e-02
1.288192719221115112e-02
1.287123747169971466e-02
1.285181194543838501e-02
1.285038981586694717e-02
1.283661089837551117e-02
1.281200256198644638e-02
1.278867386281490326e-02
1.275996491312980652e-02
1.275142654776573181e-02
1.272333413362503052e-02
1.270990259945392609e-02
1.269214972853660583e-02
1.267612073570489883e-02
1.267921924591064453e-02
1.266666874289512634e-02
1.265494152903556824e-02
1.264187134802341461e-02
1.262558065354824066e-02
1.260894536972045898e-02
1.259551197290420532e-02
1.258484646677970886e-02
1.256125792860984802e-02
1.255378592759370804e-02
1.250570267438888550e-02
1.248374953866004944e-02
1.245736330747604370e-02
1.243118010461330414e-02
1.239766366779804230e-02
1.241684705018997192e-02
1.237319409847259521e-02
1.234193891286849976e-02
1.232487149536609650e-02
1.230575609952211380e-02
1.228279061615467072e-02
1.225781720131635666e-02
1.222483068704605103e-02
1.216327585279941559e-02
1.208698563277721405e-02
1.205452810972929001e-02
1.202335022389888763e-02
1.198790688067674637e-02
1.197092048823833466e-02
1.195485237985849380e-02
1.193580217659473419e-02
1.191556360572576523e-02
1.188863813877105713e-02
1.187114883214235306e-02
1.183896139264106750e-02
1.181206107139587402e-02
1.178801804780960083e-02
1.207663863897323608e-02
1.176108606159687042e-02
1.167614292353391647e-02
1.161860395222902298e-02
1.155725307762622833e-02
1.153516769409179688e-02
1.150225382298231125e-02
1.148296706378459930e-02
1.145716942846775055e-02
1.141362730413675308e-02
1.135676633566617966e-02
1.127607747912406921e-02
1.115690357983112335e-02
1.105550117790699005e-02
1.096676662564277649e-02
1.091873645782470703e-02
1.087246369570493698e-02
1.083987765014171600e-02
1.081936620175838470e-02
1.078686118125915527e-02
1.077370159327983856e-02
1.075743231922388077e-02
1.077944412827491760e-02
1.074650883674621582e-02
1.072930824011564255e-02
1.069616153836250305e-02
1.065857708454132080e-02
1.058956235647201538e-02
1.070131361484527588e-02
1.055947132408618927e-02
1.046263426542282104e-02
1.040084101259708405e-02
1.035866513848304749e-02
1.033265888690948486e-02
1.030314899981021881e-02
1.026788167655467987e-02
1.024186424911022186e-02
1.021724846214056015e-02
1.019101589918136597e-02
1.017276663333177567e-02
1.015539746731519699e-02
1.014571543782949448e-02
1.013780757784843445e-02
1.012799702584743500e-02
1.011486165225505829e-02
1.009643450379371643e-02
1.007972378283739090e-02
1.005830429494380951e-02
1.006483472883701324e-02
1.003608666360378265e-02
1.000971905887126923e-02
9.964940138161182404e-03
1.015389151871204376e-02
9.946778416633605957e-03
9.919513948261737823e-03
9.877681732177734375e-03
9.860872291028499603e-03
9.843239560723304749e-03
9.825294837355613708e-03
9.806903079152107239e-03
9.763622656464576721e-03
9.738249704241752625e-03
9.709080681204795837e-03
9.673352353274822235e-03
9.644115343689918518e-03
9.603457525372505188e-03
9.553018026053905487e-03
9.511156007647514343e-03
9.486756287515163422e-03
9.455613791942596436e-03
9.420219808816909790e-03
9.391313418745994568e-03
9.363322518765926361e-03
9.333757683634757996e-03
9.310771711170673370e-03
9.292865172028541565e-03
9.283082559704780579e-03
9.274050593376159668e-03
9.258696809411048889e-03
9.236495941877365112e-03
9.210664778947830200e-03
9.179664775729179382e-03
9.156037122011184692e-03
9.133514016866683960e-03
9.116006083786487579e-03
9.092130698263645172e-03
9.065721184015274048e-03
9.040098637342453003e-03
9.013485163450241089e-03
8.982803672552108765e-03
8.954083546996116638e-03
8.932845667004585266e-03
8.913761936128139496e-03
8.899070322513580322e-03
8.885314688086509705e-03
8.874867111444473267e-03
8.859382010996341705e-03
8.845353499054908752e-03
8.835285902023315430e-03
8.828686550259590149e-03
8.816871792078018188e-03
8.809173479676246643e-03
8.787671104073524475e-03
8.760010823607444763e-03
8.734514005482196808e-03
8.719699457287788391e-03
8.706049062311649323e-03
8.682582527399063110e-03
8.665535598993301392e-03
8.670519106090068817e-03
8.653908967971801758e-03
8.632589131593704224e-03
8.614609017968177795e-03
8.587775751948356628e-03
8.566342294216156006e-03
8.543008007109165192e-03
8.645901456475257874e-03
8.529833517968654633e-03
8.508986793458461761e-03
8.485740050673484802e-03
8.455305360257625580e-03
8.422387763857841492e-03
8.403977379202842712e-03
8.393299765884876251e-03
8.382853120565414429e-03
8.366363123059272766e-03
8.348275907337665558e-03
8.333974517881870270e-03
8.323123678565025330e-03
8.292967453598976135e-03
8.281160145998001099e-03
8.243337273597717285e-03
8.220428600907325745e-03
8.196348324418067932e-03
8.167039602994918823e-03
8.158141747117042542e-03
8.118038997054100037e-03
8.099974133074283600e-03
8.067916147410869598e-03
8.068202063441276550e-03
8.051550015807151794e-03
8.020480163395404816e-03
7.993545383214950562e-03
7.971199229359626770e-03
7.954558357596397400e-03
7.939632050693035126e-03
7.926940917968750000e-03
7.906820625066757202e-03
8.232587948441505432e-03
7.901217788457870483e-03
7.890524342656135559e-03
7.878264412283897400e-03
7.867088541388511658e-03
7.898474112153053284e-03
7.862158119678497314e-03
7.851832546293735504e-03
7.840375415980815887e-03
7.829438894987106323e-03
7.814268581569194794e-03
7.787110749632120132e-03
7.756893523037433624e-03
7.719694636762142181e-03
7.677470333874225616e-03
7.643664255738258362e-03
7.603243459016084671e-03
7.572727743536233902e-03
7.546623237431049347e-03
7.527071051299571991e-03
7.500296458601951599e-03
7.490221410989761353e-03
7.479966618120670319e-03
7.471161894500255585e-03
7.458503358066082001e-03
7.451372221112251282e-03
7.443311624228954315e-03
7.438262924551963806e-03
7.431867998093366623e-03
7.425980642437934875e-03
7.417436689138412476e-03
7.408803328871726990e-03
7.398686837404966354e-03
7.392408326268196106e-03
7.388299796730279922e-03
7.384415715932846069e-03
7.376166060566902161e-03
7.368664257228374481e-03
7.360584102571010590e-03
7.351165637373924255e-03
7.343444507569074631e-03
7.332452572882175446e-03
7.329716347157955170e-03
7.319126278162002563e-03
7.314001210033893585e-03
7.307650521397590637e-03
7.298736367374658585e-03
7.287723012268543243e-03
7.291486486792564392e-03
7.281142286956310272e-03
7.274835836142301559e-03
7.265304215252399445e-03
7.254383526742458344e-03
7.234687916934490204e-03
7.225723005831241608e-03
7.218215614557266235e-03
7.209844887256622314e-03
7.204493507742881775e-03
7.198792882263660431e-03
7.193644531071186066e-03
7.182982750236988068e-03
7.167857140302658081e-03
7.156269624829292297e-03
7.142974063754081726e-03
7.137812674045562744e-03
7.129834033548831940e-03
7.124855648726224899e-03
7.119122892618179321e-03
7.113652303814888000e-03
7.100793533027172089e-03
7.096545770764350891e-03
7.078837137669324875e-03
7.075330708175897598e-03
7.070824503898620605e-03
7.066685240715742111e-03
7.061439566314220428e-03
7.052713073790073395e-03
7.044825702905654907e-03
7.039580028504133224e-03
7.027671672403812408e-03
7.021111436188220978e-03
7.012728601694107056e-03
7.004762999713420868e-03
7.000466808676719666e-03
6.987601052969694138e-03
6.980109028518199921e-03
6.974399089813232422e-03
6.968212313950061798e-03
6.965355947613716125e-03
6.962440907955169678e-03
6.960527971386909485e-03
6.957063451409339905e-03
6.953454576432704926e-03
6.950273178517818451e-03
6.943961605429649353e-03
6.940312683582305908e-03
6.932117044925689697e-03
6.927465554326772690e-03
6.921017542481422424e-03
6.914334837347269058e-03
6.911681964993476868e-03
6.901468615978956223e-03
6.898017600178718567e-03
6.895017344504594803e-03
6.888824515044689178e-03
6.879372522234916687e-03
6.870718672871589661e-03
6.860973313450813293e-03
6.854767911136150360e-03
6.846665404736995697e-03
6.840195506811141968e-03
6.841141264885663986e-03
6.832219660282135010e-03
6.818644236773252487e-03
6.805985234677791595e-03
6.794622167944908142e-03
6.784858182072639465e-03
6.772857159376144409e-03
6.759361363947391510e-03
6.747318897396326065e-03
6.733088754117488861e-03
6.722239311784505844e-03
6.694484502077102661e-03
6.674604956060647964e-03
6.656953133642673492e-03
6.645249202847480774e-03
6.634100805968046188e-03
6.619418971240520477e-03
6.646849215030670166e-03
6.611408665776252747e-03
6.600125692784786224e-03
6.591928191483020782e-03
6.586352363228797913e-03
6.578254979103803635e-03
6.564561743289232254e-03
6.555783562362194061e-03
6.545533426105976105e-03
6.538897752761840820e-03
6.532949395477771759e-03
6.520197726786136627e-03
6.594920530915260315e-03
6.516617722809314728e-03
6.505353376269340515e-03
6.492611020803451538e-03
6.479588802903890610e-03
6.473659537732601166e-03
6.459458731114864349e-03
6.448754575103521347e-03
6.437011994421482086e-03
6.427114363759756088e-03
6.419828627258539200e-03
6.407136097550392151e-03
6.399495527148246765e-03
6.392744369804859161e-03
6.384124979376792908e-03
6.369413807988166809e-03
6.356980651617050171e-03
6.348140537738800049e-03
6.331553682684898376e-03
6.321266759186983109e-03
6.310750730335712433e-03
6.298936903476715088e-03
6.296566687524318695e-03
6.286589428782463074e-03
6.282654590904712677e-03
6.273066624999046326e-03
6.257046945393085480e-03
6.242696661502122879e-03
6.227899342775344849e-03
6.217471789568662643e-03
6.209375336766242981e-03
6.196737755089998245e-03
6.181666627526283264e-03
6.171930115669965744e-03
6.159480661153793335e-03
6.149979308247566223e-03
6.143652833998203278e-03
6.130765657871961594e-03
6.127957720309495926e-03
6.117182783782482147e-03
6.112546660006046295e-03
6.101543083786964417e-03
6.169142667204141617e-03
6.096718832850456238e-03
6.090706214308738708e-03
6.076252087950706482e-03
6.062441039830446243e-03
6.050992291420698166e-03
6.041446700692176819e-03
6.034807302057743073e-03
6.025630515068769455e-03
6.017738021910190582e-03
5.992881488054990768e-03
6.192503962665796280e-03
5.990718491375446320e-03
5.980059970170259476e-03
5.962699651718139648e-03
5.974331870675086975e-03
5.954897031188011169e-03
5.943009629845619202e-03
5.934162531048059464e-03
5.926352925598621368e-03
5.918510723859071732e-03
5.912178196012973785e-03
5.905165802687406540e-03
5.894752219319343567e-03
5.885975901037454605e-03
5.871421191841363907e-03
5.864876322448253632e-03
5.857571028172969818e-03
5.852158181369304657e-03
5.882877856492996216e-03
5.849489476531744003e-03
5.838777869939804077e-03
5.824062973260879517e-03
5.797977093607187271e-03
5.846798419952392578e-03
5.791990552097558975e-03
5.781955551356077194e-03
5.765934009104967117e-03
5.750199314206838608e-03
5.890010390430688858e-03
5.744752474129199982e-03
5.728689953684806824e-03
5.710472352802753448e-03
5.697715096175670624e-03
5.799738690257072449e-03
5.692018195986747742e-03
5.683302413672208786e-03
5.670688115060329437e-03
5.660178139805793762e-03
5.647828336805105209e-03
5.638434551656246185e-03
5.631123669445514679e-03
5.623043514788150787e-03
5.613582208752632141e-03
5.603023804724216461e-03
5.592747591435909271e-03
5.582706071436405182e-03
5.573982372879981995e-03
5.567546933889389038e-03
5.559837911278009415e-03
5.552966147661209106e-03
5.547734443098306656e-03
5.540850572288036346e-03
5.532851442694664001e-03
5.523619242012500763e-03
5.527311004698276520e-03
5.520710721611976624e-03
5.516195669770240784e-03
5.513799376785755157e-03
5.511710420250892639e-03
5.509119480848312378e-03
5.604244768619537354e-03
5.508168600499629974e-03
5.505731794983148575e-03
5.503306630998849869e-03
5.501502193510532379e-03
5.498971790075302124e-03
5.494404584169387817e-03
5.490334704518318176e-03
5.484859459102153778e-03
5.481109023094177246e-03
5.477630533277988434e-03
5.473067052662372589e-03
5.468651652336120605e-03
5.465339403599500656e-03
5.461618304252624512e-03
5.455778911709785461e-03
5.449349991977214813e-03
5.442427471280097961e-03
5.436041392385959625e-03
5.426296032965183258e-03
5.419321358203887939e-03
5.405206233263015747e-03
5.391672719269990921e-03
5.388558842241764069e-03
5.376819521188735962e-03
5.373604595661163330e-03
5.369369871914386749e-03
5.370433442294597626e-03
5.365801975131034851e-03
5.361144896596670151e-03
5.358298309147357941e-03
5.354052409529685974e-03
5.348268896341323853e-03
5.340843461453914642e-03
5.332369823008775711e-03
5.326241254806518555e-03
5.320170894265174866e-03
5.312034860253334045e-03
5.304947495460510254e-03
5.299456417560577393e-03
5.297916941344738007e-03
5.291908048093318939e-03
5.288179032504558563e-03
5.280530545860528946e-03
5.319016519933938980e-03
5.276687908917665482e-03
5.268868990242481232e-03
5.255421623587608337e-03
5.246710032224655151e-03
5.237385630607604980e-03
5.271406844258308411e-03
5.234195850789546967e-03
5.227845162153244019e-03
5.219304934144020081e-03
5.210574716329574585e-03
5.203696899116039276e-03
5.193838384002447128e-03
5.184407345950603485e-03
5.172771401703357697e-03
5.165399983525276184e-03
5.157466977834701538e-03
5.153422243893146515e-03
5.150217097252607346e-03
5.145139526575803757e-03
5.154418759047985077e-03
5.141351372003555298e-03
5.133641883730888367e-03
5.124694667756557465e-03
5.117763765156269073e-03
5.112267099320888519e-03
5.107176490128040314e-03
5.099685862660408020e-03
5.092904437333345413e-03
5.079695023596286774e-03
5.070061422884464264e-03
5.056441761553287506e-03
5.045402795076370239e-03
5.026769824326038361e-03
5.014946218580007553e-03
5.000278353691101074e-03
5.014129914343357086e-03
4.992433823645114899e-03
4.977546166628599167e-03
4.968083463609218597e-03
4.956588614732027054e-03
4.949571564793586731e-03
4.940902814269065857e-03
4.935598932206630707e-03
4.933054558932781219e-03
4.928517155349254608e-03
4.921086132526397705e-03
4.914122167974710464e-03
4.905762150883674622e-03
4.900180734694004059e-03
4.894744604825973511e-03
4.889235831797122955e-03
4.884481430053710938e-03
4.878943786025047302e-03
4.876051098108291626e-03
4.870166536420583725e-03
4.867727868258953094e-03
4.865689668804407120e-03
4.864739254117012024e-03
4.862898960709571838e-03
4.859676118940114975e-03
4.853901918977499008e-03
4.856125451624393463e-03
4.851309582591056824e-03
4.844835959374904633e-03
4.841524641960859299e-03
4.836606793105602264e-03
4.833880811929702759e-03
4.830868914723396301e-03
4.827545955777168274e-03
4.821994341909885406e-03
4.819188266992568970e-03
4.817465785890817642e-03
4.814292769879102707e-03
4.807229153811931610e-03
4.798694979399442673e-03
4.791153129190206528e-03
4.784505348652601242e-03
4.774353001266717911e-03
4.769397433847188950e-03
4.761984106153249741e-03
4.757802002131938934e-03
4.754359833896160126e-03
4.746586084365844727e-03
4.745258018374443054e-03
4.733324982225894928e-03
4.729355219751596451e-03
4.724153783172369003e-03
4.720254801213741302e-03
4.730815067887306213e-03
4.718310665339231491e-03
4.713682457804679871e-03
4.709683358669281006e-03
4.707580897957086563e-03
4.705908242613077164e-03
4.704005550593137741e-03
4.697837866842746735e-03
4.692353308200836182e-03
4.687134642153978348e-03
4.681310150772333145e-03
4.684894811362028122e-03
4.679685924202203751e-03
4.675686359405517578e-03
4.663700237870216370e-03
4.657140932977199554e-03
4.651551600545644760e-03
4.659716971218585968e-03
4.648922011256217957e-03
4.642811603844165802e-03
4.634260199964046478e-03
4.627412185072898865e-03
4.623006097972393036e-03
4.619700834155082703e-03
4.616479855030775070e-03
4.615156911313533783e-03
4.611343145370483398e-03
4.608131013810634613e-03
4.611443728208541870e-03
4.607263021171092987e-03
4.605684429407119751e-03
4.604083020240068436e-03
4.600416403263807297e-03
4.597618244588375092e-03
4.592728801071643829e-03
4.588061012327671051e-03
4.583428613841533661e-03
4.578429274260997772e-03
4.577234387397766113e-03
4.570028278976678848e-03
4.566202871501445770e-03
4.562566056847572327e-03
4.559320863336324692e-03
4.559407010674476624e-03
4.556352272629737854e-03
4.552637226879596710e-03
4.546838812530040741e-03
4.542527254670858383e-03
4.602463450282812119e-03
4.541259258985519409e-03
4.535898566246032715e-03
4.530930425971746445e-03
4.523419309407472610e-03
4.515818320214748383e-03
4.510451108217239380e-03
4.500667564570903778e-03
4.492814652621746063e-03
4.487066995352506638e-03
4.479411989450454712e-03
4.472547210752964020e-03
4.467012826353311539e-03
4.476507194340229034e-03
4.464543424546718597e-03
4.461340140551328659e-03
4.456315189599990845e-03
4.449950996786355972e-03
4.443108569830656052e-03
4.440151620656251907e-03
4.435086622834205627e-03
4.430981818586587906e-03
4.425644874572753906e-03
4.415537696331739426e-03
4.405263345688581467e-03
4.399545025080442429e-03
4.390401765704154968e-03
4.383902065455913544e-03
4.378303885459899902e-03
4.372172523289918900e-03
4.365821368992328644e-03
4.362815991044044495e-03
4.354765638709068298e-03
4.348251968622207642e-03
4.338946193456649780e-03
4.329561255872249603e-03
4.319109953939914703e-03
4.307917784899473190e-03
4.296408034861087799e-03
4.293486475944519043e-03
4.282429814338684082e-03
4.275007173418998718e-03
4.263321403414011002e-03
4.251594189554452896e-03
4.240906797349452972e-03
4.235542379319667816e-03
4.230248276144266129e-03
4.227080382406711578e-03
4.224070813506841660e-03
4.220880568027496338e-03
4.217246547341346741e-03
4.219397902488708496e-03
4.214721266180276871e-03
4.211267456412315369e-03
4.208383616060018539e-03
4.207301419228315353e-03
4.205141216516494751e-03
4.201175644993782043e-03
4.208756145089864731e-03
4.199622198939323425e-03
4.195597954094409943e-03
4.192180000245571136e-03
4.189856816083192825e-03
4.187414422631263733e-03
4.185462370514869690e-03
4.181953612715005875e-03
4.180593416094779968e-03
4.177336581051349640e-03
4.174639005213975906e-03
4.173683002591133118e-03
4.170875996351242065e-03
4.170044325292110443e-03
4.168277606368064880e-03
4.166088066995143890e-03
4.162834957242012024e-03
4.173440858721733093e-03
4.161040764302015305e-03
4.157759249210357666e-03
4.153865389525890350e-03
4.151206463575363159e-03
4.147172905504703522e-03
4.146358929574489594e-03
4.141907207667827606e-03
4.140058998018503189e-03
4.140425473451614380e-03
4.138090647757053375e-03
4.135363735258579254e-03
4.132985137403011322e-03
4.131115041673183441e-03
4.129436798393726349e-03
4.126296844333410263e-03
4.123103339225053787e-03
4.119768738746643066e-03
4.117722623050212860e-03
4.116353113204240799e-03
4.113177303224802017e-03
4.109538160264492035e-03
4.103872925043106079e-03
4.103381186723709106e-03
4.100555554032325745e-03
4.095534794032573700e-03
4.089781083166599274e-03
4.095464013516902924e-03
4.087783861905336380e-03
4.084021784365177155e-03
4.081463441252708435e-03
4.077802877873182297e-03
4.073188640177249908e-03
4.067661706358194351e-03
4.061914980411529541e-03
4.056219477206468582e-03
4.050569608807563782e-03
4.046249203383922577e-03
4.043863620609045029e-03
4.042408894747495651e-03
4.044680856168270111e-03
4.041314590722322464e-03
4.039416555315256119e-03
4.036928527057170868e-03
4.033641889691352844e-03
4.029264673590660095e-03
4.029778297990560532e-03
4.026742652058601379e-03
4.022841341793537140e-03
4.019498825073242188e-03
4.017667844891548157e-03
4.016397986561059952e-03
4.015274811536073685e-03
4.013890866190195084e-03
4.010660573840141296e-03
4.007231909781694412e-03
4.002289380878210068e-03
3.994104918092489243e-03
3.984584007412195206e-03
3.977602813392877579e-03
3.999602980911731720e-03
3.973636776208877563e-03
3.967322409152984619e-03
3.959127236157655716e-03
3.955164924263954163e-03
3.953201230615377426e-03
3.951388411223888397e-03
3.948477562516927719e-03
3.945759963244199753e-03
3.941318020224571228e-03
3.939165268093347549e-03
3.934636712074279785e-03
3.931233193725347519e-03
3.926505334675312042e-03
3.920083865523338318e-03
3.931698389351367950e-03
3.915461245924234390e-03
3.907432314008474350e-03
3.896724432706832886e-03
3.883839119225740433e-03
3.874809015542268753e-03
3.868850413709878922e-03
3.863795194774866104e-03
3.860658966004848480e-03
3.857243340462446213e-03
3.854247741401195526e-03
3.851906629279255867e-03
3.849319647997617722e-03
3.846546169370412827e-03
3.841769415885210037e-03
3.838218748569488525e-03
3.834882285445928574e-03
3.831804497167468071e-03
3.829053137451410294e-03
3.827416570857167244e-03
3.825004911050200462e-03
3.824938787147402763e-03
3.824185347184538841e-03
3.822468686848878860e-03
3.813792020082473755e-03
3.808845765888690948e-03
3.804917912930250168e-03
3.806839929893612862e-03
3.803254105150699615e-03
3.800017293542623520e-03
3.796614240854978561e-03
3.792756004258990288e-03
3.791452152654528618e-03
3.787854453548789024e-03
3.785115899518132210e-03
3.783755935728549957e-03
3.781242761760950089e-03
3.778576850891113281e-03
3.777513513341546059e-03
3.773512085899710655e-03
3.772004507482051849e-03
3.769658273085951805e-03
3.766743000596761703e-03
3.762749722227454185e-03
3.758747596293687820e-03
3.754413221031427383e-03
3.750954754650592804e-03
3.747359151020646095e-03
3.742011729627847672e-03
3.735591424629092216e-03
3.729062620550394058e-03
3.718050662428140640e-03
3.713672515004873276e-03
3.707315307110548019e-03
3.697515930980443954e-03
3.691524034366011620e-03
3.686181735247373581e-03
3.679983317852020264e-03
3.675451502203941345e-03
3.670219331979751587e-03
3.669525962322950363e-03
3.664993681013584137e-03
3.663575742393732071e-03
3.660963615402579308e-03
3.660049289464950562e-03
3.657360561192035675e-03
3.655523993074893951e-03
3.652252024039626122e-03
3.648530226200819016e-03
3.644849173724651337e-03
3.643659409135580063e-03
3.640179056674242020e-03
3.638754598796367645e-03
3.636155510321259499e-03
3.632959909737110138e-03
3.814038820564746857e-03
3.632274689152836800e-03
3.628939855843782425e-03
3.624725155532360077e-03
3.620568197220563889e-03
3.616649657487869263e-03
3.696152009069919586e-03
3.615402150899171829e-03
3.611188614740967751e-03
3.604726865887641907e-03
3.598635550588369370e-03
3.594367764890193939e-03
3.589575178921222687e-03
3.585113910958170891e-03
3.580834250897169113e-03
3.576394170522689819e-03
3.568557091057300568e-03
3.564579878002405167e-03
3.558360273018479347e-03
3.553821938112378120e-03
3.550622845068573952e-03
3.555511590093374252e-03
3.549312241375446320e-03
3.547124331817030907e-03
3.543774364516139030e-03
3.539823228493332863e-03
3.535387571901082993e-03
3.530221758410334587e-03
3.523077350109815598e-03
3.518668236210942268e-03
3.514201380312442780e-03
3.511075396090745926e-03
3.507121000438928604e-03
3.500980325043201447e-03
3.495548386126756668e-03
3.490975359454751015e-03
3.487361595034599304e-03
3.485067747533321381e-03
3.483004635199904442e-03
3.480094019323587418e-03
3.476274665445089340e-03
3.473472781479358673e-03
3.471558447927236557e-03
3.469998948276042938e-03
3.468476235866546631e-03
3.466390771791338921e-03
3.462349995970726013e-03
3.459837986156344414e-03
3.455034922808408737e-03
3.452440258115530014e-03
3.451487980782985687e-03
3.449698211625218391e-03
3.446623217314481735e-03
3.441851586103439331e-03
3.435196820646524429e-03
4.040552303194999695e-03
3.434668295085430145e-03
3.427502699196338654e-03
3.420471213757991791e-03
3.413753118366003036e-03
3.410590346902608871e-03
3.416494000703096390e-03
3.408632008358836174e-03
3.406594507396221161e-03
3.401907160878181458e-03
3.399034030735492706e-03
3.394137602299451828e-03
3.390267258509993553e-03
3.389348275959491730e-03
3.384005278348922729e-03
3.382872324436903000e-03
3.380602691322565079e-03
3.376316279172897339e-03
3.373033599928021431e-03
3.368939040228724480e-03
3.365607932209968567e-03
3.363496856763958931e-03
3.359567373991012573e-03
3.356714732944965363e-03
3.354893531650304794e-03
3.353602252900600433e-03
3.351895138621330261e-03
3.349067876115441322e-03
3.345533274114131927e-03
3.339794930070638657e-03
3.333835396915674210e-03
3.328969236463308334e-03
3.324430435895919800e-03
3.322004340589046478e-03
3.317256923764944077e-03
3.310489235445857048e-03
3.305465914309024811e-03
3.301786724478006363e-03
3.299499396234750748e-03
3.297542687505483627e-03
3.294867463409900665e-03
3.288758685812354088e-03
3.284852020442485809e-03
3.280832432210445404e-03
3.281330224126577377e-03
3.278438933193683624e-03
3.276268485933542252e-03
3.272203961387276649e-03
3.268758300691843033e-03
3.264151746407151222e-03
3.258847165852785110e-03
3.255023388192057610e-03
3.251802641898393631e-03
3.248750930652022362e-03
3.246428910642862320e-03
3.250346053391695023e-03
3.244752064347267151e-03
3.242570906877517700e-03
3.238335717469453812e-03
3.235045354813337326e-03
3.229045076295733452e-03
3.226502332836389542e-03
3.224059706553816795e-03
3.222834318876266479e-03
3.221442922949790955e-03
3.220437094569206238e-03
3.218963742256164551e-03
3.218239638954401016e-03
3.216677810996770859e-03
3.215023549273610115e-03
3.212581155821681023e-03
3.211186500266194344e-03
3.209287999197840691e-03
3.208711976185441017e-03
3.206619294360280037e-03
3.205763874575495720e-03
3.204404609277844429e-03
3.202762454748153687e-03
3.205847460776567459e-03
3.202127292752265930e-03
3.201132873073220253e-03
3.200462087988853455e-03
3.199882805347442627e-03
3.198720980435609818e-03
3.197374986484646797e-03
3.195764264091849327e-03
3.194390330463647842e-03
3.193392883986234665e-03
3.192393574863672256e-03
3.190902760252356529e-03
3.188692498952150345e-03
3.187633119523525238e-03
3.185765817761421204e-03
3.184972330927848816e-03
3.183375578373670578e-03
3.182115033268928528e-03
3.190605901181697845e-03
3.181678242981433868e-03
3.180405590683221817e-03
3.179228864610195160e-03
3.178007667884230614e-03
3.181163221597671509e-03
3.177505917847156525e-03
3.176142461597919464e-03
3.174583427608013153e-03
3.173178527504205704e-03
3.172223223373293877e-03
3.170965239405632019e-03
3.169435542076826096e-03
3.167946357280015945e-03
3.165778703987598419e-03
3.163703484460711479e-03
3.159933723509311676e-03
3.165052272379398346e-03
3.158154431730508804e-03
3.155580721795558929e-03
3.153667785227298737e-03
3.153057768940925598e-03
3.151447977870702744e-03
3.149905009195208549e-03
3.148182760924100876e-03
3.146668430417776108e-03
3.144597634673118591e-03
3.142504021525382996e-03
3.138428088277578354e-03
3.137495834380388260e-03
3.133982187137007713e-03
3.132976591587066650e-03
3.130504162982106209e-03
3.127456177026033401e-03
3.136935178190469742e-03
3.125527407974004745e-03
3.122847527265548706e-03
3.120479173958301544e-03
3.119591856375336647e-03
3.118313383311033249e-03
3.117034910246729851e-03
3.115697996690869331e-03
3.112526843324303627e-03
3.109376877546310425e-03
3.114544553682208061e-03
3.108190372586250305e-03
3.106221556663513184e-03
3.104024566709995270e-03
3.101720008999109268e-03
3.097817068919539452e-03
3.093837993219494820e-03
3.088875673711299896e-03
3.080029971897602081e-03
3.077001776546239853e-03
3.074458800256252289e-03
3.073311178013682365e-03
3.072024323046207428e-03
3.071008715778589249e-03
3.070092294365167618e-03
3.068729769438505173e-03
3.067140234634280205e-03
3.082841634750366211e-03
3.065814962610602379e-03
3.062108531594276428e-03
3.057554597035050392e-03
3.053179243579506874e-03
3.049659077078104019e-03
3.046319819986820221e-03
3.044357988983392715e-03
3.041503019630908966e-03
3.039353759959340096e-03
3.037615446373820305e-03
3.034531138837337494e-03
3.030735533684492111e-03
3.027614904567599297e-03
3.024118021130561829e-03
3.020600881427526474e-03
3.019391791895031929e-03
3.017344977706670761e-03
3.015127032995223999e-03
3.011832013726234436e-03
3.008825704455375671e-03
3.005865029990673065e-03
3.004284342750906944e-03
3.003175137564539909e-03
3.002088749781250954e-03
3.000765107572078705e-03
2.999433316290378571e-03
2.997738774865865707e-03
2.996227703988552094e-03
2.995092887431383133e-03
2.993429079651832581e-03
2.991761080920696259e-03
2.992372959852218628e-03
2.989762229844927788e-03
2.986704232171177864e-03
2.984351944178342819e-03
2.981198485940694809e-03
2.979129087179899216e-03
2.977145370095968246e-03
2.975395880639553070e-03
2.972755581140518188e-03
2.969106659293174744e-03
2.966231433674693108e-03
2.962807193398475647e-03
2.964015118777751923e-03
2.960570156574249268e-03
2.957459539175033569e-03
2.955130767077207565e-03
2.952560782432556152e-03
2.949276007711887360e-03
2.945759799331426620e-03
2.941373735666275024e-03
2.937970217317342758e-03
2.931387862190604210e-03
2.923971507698297501e-03
2.947946079075336456e-03
2.921112813055515289e-03
2.917045028880238533e-03
2.914748154580593109e-03
2.913431730121374130e-03
2.910720650106668472e-03
2.908198628574609756e-03
2.905936213210225105e-03
2.905557397753000259e-03
2.903886139392852783e-03
2.902837004512548447e-03
2.900896361097693443e-03
2.899338491261005402e-03
2.899490762501955032e-03
2.898308448493480682e-03
2.897096099331974983e-03
2.895542420446872711e-03
2.894102595746517181e-03
2.892226912081241608e-03
2.889859722927212715e-03
2.894637407734990120e-03
2.888574730604887009e-03
2.885201945900917053e-03
2.883285284042358398e-03
2.907593036070466042e-03
2.882888540625572205e-03
2.881476422771811485e-03
2.880458720028400421e-03
2.879353240132331848e-03
2.878076862543821335e-03
2.875912003219127655e-03
2.874815836548805237e-03
2.872401848435401917e-03
2.871160395443439484e-03
2.869784366339445114e-03
2.868092851713299751e-03
2.865909598767757416e-03
2.864280017092823982e-03
2.862480003386735916e-03
2.860928187146782875e-03
2.858018968254327774e-03
2.856729086488485336e-03
2.854534424841403961e-03
2.853615209460258484e-03
2.852475736290216446e-03
2.850824268534779549e-03
2.848399337381124496e-03
2.848063129931688309e-03
2.845488954335451126e-03
2.844596747308969498e-03
2.843377646058797836e-03
2.841720357537269592e-03
2.842508954927325249e-03
2.840410219505429268e-03
2.837801817804574966e-03
2.835856750607490540e-03
2.833722159266471863e-03
2.833551261574029922e-03
2.832485362887382507e-03
2.830770798027515411e-03
2.829690231010317802e-03
2.828880446031689644e-03
2.827205462381243706e-03
2.826411277055740356e-03
2.824386348947882652e-03
2.823475515469908714e-03
2.822537207975983620e-03
2.821588190272450447e-03
2.820705529302358627e-03
2.819482469931244850e-03
2.817996311932802200e-03
2.817225176841020584e-03
2.818854991346597672e-03
2.816922031342983246e-03
2.816048450767993927e-03
2.815023530274629593e-03
2.813587430864572525e-03
2.812441904097795486e-03
2.810677979141473770e-03
2.817637287080287933e-03
2.810426056385040283e-03
2.809328492730855942e-03
2.808474469929933548e-03
2.807920100167393684e-03
2.806968521326780319e-03
2.805662108585238457e-03
2.804500982165336609e-03
2.803073497489094734e-03
2.802446018904447556e-03
2.800270449370145798e-03
2.799682784825563431e-03
2.799249719828367233e-03
2.798900473862886429e-03
2.798301167786121368e-03
2.796836430206894875e-03
2.796192187815904617e-03
2.795632928609848022e-03
2.794475760310888290e-03
2.793659456074237823e-03
2.792750019580125809e-03
2.791837789118289948e-03
2.790388185530900955e-03
2.802547765895724297e-03
2.789936494082212448e-03
2.788177924230694771e-03
2.785785589367151260e-03
2.783321309834718704e-03
2.780508249998092651e-03
2.785641001537442207e-03
2.779208123683929443e-03
2.775939181447029114e-03
2.773232525214552879e-03
2.771247411146759987e-03
2.769767772406339645e-03
2.767913509160280228e-03
2.766527235507965088e-03
2.765742596238851547e-03
2.765159588307142258e-03
2.764330012723803520e-03
2.763384487479925156e-03
2.761206123977899551e-03
2.764827106148004532e-03
2.759898081421852112e-03
2.756835892796516418e-03
2.755040535703301430e-03
2.753752283751964569e-03
2.753077074885368347e-03
2.752443077042698860e-03
2.751485211774706841e-03
2.752066124230623245e-03
2.751057501882314682e-03
2.750513609498739243e-03
2.749716164544224739e-03
2.748669125139713287e-03
2.746848156675696373e-03
2.743315184488892555e-03
2.741654170677065849e-03
2.740541007369756699e-03
2.736497437581419945e-03
2.735124900937080383e-03
2.732888096943497658e-03
2.732199151068925858e-03
2.730358392000198364e-03
2.729508792981505394e-03
2.728692488744854927e-03
2.728025894612073898e-03
2.726868260651826859e-03
2.725485013797879219e-03
2.724573947489261627e-03
2.723537385463714600e-03
2.723894547671079636e-03
2.722956473007798195e-03
2.721678931266069412e-03
2.720376942306756973e-03
2.718659350648522377e-03
2.717239549383521080e-03
2.717450726777315140e-03
2.716273069381713867e-03
2.714732196182012558e-03
2.713428344577550888e-03
2.712426241487264633e-03
2.710727276280522346e-03
2.709954278543591499e-03
2.707674866542220116e-03
2.706578467041254044e-03
2.705169841647148132e-03
2.703514881432056427e-03
2.701729070395231247e-03
2.697825431823730469e-03
2.702592872083187103e-03
2.696452196687459946e-03
2.693753922358155251e-03
2.690032823011279106e-03
2.688478212803602219e-03
2.685879357159137726e-03
2.683640923351049423e-03
2.681205049157142639e-03
2.677835524082183838e-03
2.674086950719356537e-03
2.670775400474667549e-03
2.668221946805715561e-03
2.669179346412420273e-03
2.667003311216831207e-03
2.666025422513484955e-03
2.665150677785277367e-03
2.664462663233280182e-03
2.662736456841230392e-03
2.661459147930145264e-03
2.661292906850576401e-03
2.659939695149660110e-03
2.659589052200317383e-03
2.659139223396778107e-03
2.658671233803033829e-03
2.658017445355653763e-03
2.660533180460333824e-03
2.657615812495350838e-03
2.656870055943727493e-03
2.655878663063049316e-03
2.655130345374345779e-03
2.653934992849826813e-03
2.651999704539775848e-03
2.650974784046411514e-03
2.650165930390357971e-03
2.649238798767328262e-03
2.648278605192899704e-03
2.647394314408302307e-03
2.646462526172399521e-03
2.645950298756361008e-03
2.645328640937805176e-03
2.644753549247980118e-03
2.643359592184424400e-03
2.641551662236452103e-03
2.646105829626321793e-03
2.640165388584136963e-03
2.638323232531547546e-03
2.636585850268602371e-03
2.635618206113576889e-03
2.633115276694297791e-03
2.630041446536779404e-03
2.631549723446369171e-03
2.628916874527931213e-03
2.626133151352405548e-03
2.627710811793804169e-03
2.625504275783896446e-03
2.623848384246230125e-03
2.622404135763645172e-03
2.621295629069209099e-03
2.618740312755107880e-03
2.615637145936489105e-03
2.612882759422063828e-03
2.609426155686378479e-03
2.607451286166906357e-03
2.604349516332149506e-03
2.600646112114191055e-03
2.595884725451469421e-03
2.598728984594345093e-03
2.593865385279059410e-03
2.591919153928756714e-03
2.591118682175874710e-03
2.590669784694910049e-03
2.590229501947760582e-03
2.589190611615777016e-03
2.588269300758838654e-03
2.587128430604934692e-03
2.585362643003463745e-03
2.582510467618703842e-03
2.601531334221363068e-03
2.581411506980657578e-03
2.578388899564743042e-03
2.582520246505737305e-03
2.577275037765502930e-03
2.575012855231761932e-03
2.573450794443488121e-03
2.583456691354513168e-03
2.573052886873483658e-03
2.571828663349151611e-03
2.570600248873233795e-03
2.569362754002213478e-03
2.568659838289022446e-03
2.567683346569538116e-03
2.565779257565736771e-03
2.563859568908810616e-03
2.560604829341173172e-03
2.559181768447160721e-03
2.557964064180850983e-03
2.556337974965572357e-03
2.555557526648044586e-03
2.554623875766992569e-03
2.553481841459870338e-03
2.551978453993797302e-03
2.550649456679821014e-03
2.549400785937905312e-03
2.546825213357806206e-03
2.545678988099098206e-03
2.543646842241287231e-03
2.540880814194679260e-03
2.538930857554078102e-03
2.536731772124767303e-03
2.534949919208884239e-03
2.535501727834343910e-03
2.534215338528156281e-03
2.533496590331196785e-03
2.532941289246082306e-03
2.532524056732654572e-03
2.531128469854593277e-03
2.529391087591648102e-03
2.527514006942510605e-03
2.524705603718757629e-03
2.523229457437992096e-03
2.521782647818326950e-03
2.520742360502481461e-03
2.517899498343467712e-03
2.517348155379295349e-03
2.514267805963754654e-03
2.512904815375804901e-03
2.511681057512760162e-03
2.510435879230499268e-03
2.509862650185823441e-03
2.508352743461728096e-03
2.507599070668220520e-03
2.506670774891972542e-03
2.505117096006870270e-03
2.502719871699810028e-03
2.499617869034409523e-03
2.496622735634446144e-03
2.494029700756072998e-03
2.492474624887108803e-03
2.491317922249436378e-03
2.490354003384709358e-03
2.489540260285139084e-03
2.488371916115283966e-03
2.491303253918886185e-03
2.487777499482035637e-03
2.486511366441845894e-03
2.485188888385891914e-03
2.484004013240337372e-03
2.482633106410503387e-03
2.480092458426952362e-03
2.477732952684164047e-03
2.479325514286756516e-03
2.475819550454616547e-03
2.474329434335231781e-03
2.471847459673881531e-03
2.470017410814762115e-03
2.468069549649953842e-03
2.466517500579357147e-03
2.465171739459037781e-03
2.463986631482839584e-03
2.462963107973337173e-03
2.461171243339776993e-03
2.459498122334480286e-03
2.457620110362768173e-03
2.454846166074275970e-03
2.453017979860305786e-03
2.466047415509819984e-03
2.452278276905417442e-03
2.449805848300457001e-03
2.448293380439281464e-03
2.447080798447132111e-03
2.445822581648826599e-03
2.443701494485139847e-03
2.443396486341953278e-03
2.440099371597170830e-03
2.439045812934637070e-03
2.437923103570938110e-03
2.436819486320018768e-03
2.434987807646393776e-03
2.435808535665273666e-03
2.433987334370613098e-03
2.432303968816995621e-03
2.430493943393230438e-03
2.429164713248610497e-03
2.427697880193591118e-03
2.426333026960492134e-03
2.426944207400083542e-03
2.425310201942920685e-03
2.424674807116389275e-03
2.423315308988094330e-03
2.421800978481769562e-03
2.419884782284498215e-03
2.421756740659475327e-03
2.419272903352975845e-03
2.418366027995944023e-03
2.417885232716798782e-03
2.417370211333036423e-03
2.416493138298392296e-03
2.418724820017814636e-03
2.416173927485942841e-03
2.415060531347990036e-03
2.413835842162370682e-03
2.412242582067847252e-03
2.412079833447933197e-03
2.410650020465254784e-03
2.410238608717918396e-03
2.409711247310042381e-03
2.409064676612615585e-03
2.413533395156264305e-03
2.408841624855995178e-03
2.408014610409736633e-03
2.406638581305742264e-03
2.404138911515474319e-03
2.401305362582206726e-03
2.398191019892692566e-03
2.402967307716608047e-03
2.397028962150216103e-03
2.395520219579339027e-03
2.394171664491295815e-03
2.392880851402878761e-03
2.391187474131584167e-03
2.391981426626443863e-03
2.390429377555847168e-03
2.389252651482820511e-03
2.388118533417582512e-03
2.387089189141988754e-03
2.385873813182115555e-03
2.384159481152892113e-03
2.381099853664636612e-03
2.379847224801778793e-03
2.377783413976430893e-03
2.376039046794176102e-03
2.377538010478019714e-03
2.375327516347169876e-03
2.373921452090144157e-03
2.372042043134570122e-03
2.371016889810562134e-03
2.369458554312586784e-03
2.366942819207906723e-03
2.364139538258314133e-03
2.361435675993561745e-03
2.359530655667185783e-03
2.358437282964587212e-03
2.357690595090389252e-03
2.356973476707935333e-03
2.355307340621948242e-03
2.352588344365358353e-03
2.348924288526177406e-03
2.343823201954364777e-03
2.341210376471281052e-03
2.337776822969317436e-03
2.334797522053122520e-03
2.331292023882269859e-03
2.327525056898593903e-03
2.324146684259176254e-03
2.322787884622812271e-03
2.320348052307963371e-03
2.318918239325284958e-03
2.317478414624929428e-03
2.316397614777088165e-03
2.315849531441926956e-03
2.314546611160039902e-03
2.315106801688671112e-03
2.313823439180850983e-03
2.312677679583430290e-03
2.311979187652468681e-03
2.310479991137981415e-03
2.309755887836217880e-03
2.308439463376998901e-03
2.306246664375066757e-03
2.302682958543300629e-03
2.300846856087446213e-03
2.299325075000524521e-03
2.298825886100530624e-03
2.298444975167512894e-03
2.297680359333753586e-03
2.296529477462172508e-03
2.295986283570528030e-03
2.294586505740880966e-03
2.293397206813097000e-03
2.290837233886122704e-03
2.312184544280171394e-03
2.289991825819015503e-03
2.288276795297861099e-03
2.286838833242654800e-03
2.285988070070743561e-03
2.284922404214739799e-03
2.286274451762437820e-03
2.284384565427899361e-03
2.282894682139158249e-03
2.281425520777702332e-03
2.279535634443163872e-03
2.277746563777327538e-03
2.275188919156789780e-03
2.276153769344091415e-03
2.273749792948365211e-03
2.273259684443473816e-03
2.271759323775768280e-03
2.271238248795270920e-03
2.270496217533946037e-03
2.269463613629341125e-03
2.268110867589712143e-03
2.265878720209002495e-03
2.263736911118030548e-03
2.262564841657876968e-03
2.261701039969921112e-03
2.260890789330005646e-03
2.259848872199654579e-03
2.258334308862686157e-03
2.256311941891908646e-03
2.254960127174854279e-03
2.253598999232053757e-03
2.252798061817884445e-03
2.252000616863369942e-03
2.250510733574628830e-03
2.252063946798443794e-03
2.249736106023192406e-03
2.248459262773394585e-03
2.246926538646221161e-03
2.246165648102760315e-03
2.245660871267318726e-03
2.244659233838319778e-03
2.243961207568645477e-03
2.242919057607650757e-03
2.241621259599924088e-03
2.239774446934461594e-03
2.239667112007737160e-03
2.238687127828598022e-03
2.237696899101138115e-03
2.236691536381840706e-03
2.235891530290246010e-03
2.234829124063253403e-03
2.232678700238466263e-03
2.230815356597304344e-03
2.229094970971345901e-03
2.226332901045680046e-03
2.220430411398410797e-03
2.219910267740488052e-03
2.218526089563965797e-03
2.217753790318965912e-03
2.216537017375230789e-03
2.214582636952400208e-03
2.213042229413986206e-03
2.211677143350243568e-03
2.210287842899560928e-03
2.207062207162380219e-03
2.207090146839618683e-03
2.204027492552995682e-03
2.201359951868653297e-03
2.199486130848526955e-03
2.198170870542526245e-03
2.196613699197769165e-03
2.194550354033708572e-03
2.193671185523271561e-03
2.192220417782664299e-03
2.190697938203811646e-03
2.189004793763160706e-03
2.187490230426192284e-03
2.185874618589878082e-03
2.185549819841980934e-03
2.183532342314720154e-03
2.182216616347432137e-03
2.180323470383882523e-03
2.177836373448371887e-03
2.173579530790448189e-03
2.170196734368801117e-03
2.167167607694864273e-03
2.162480959668755531e-03
2.159779192879796028e-03
2.157792681828141212e-03
2.156134229153394699e-03
2.155114663764834404e-03
2.153260633349418640e-03
2.150398911908268929e-03
2.146524609997868538e-03
2.148580737411975861e-03
2.143041696399450302e-03
2.140240278095006943e-03
2.137618139386177063e-03
2.133223693817853928e-03
2.130056265741586685e-03
2.137214411050081253e-03
2.128614112734794617e-03
2.126922365278005600e-03
2.125834580510854721e-03
2.124399878084659576e-03
2.122850390151143074e-03
2.120892051607370377e-03
2.119571901857852936e-03
2.118881791830062866e-03
2.117474796250462532e-03
2.116678282618522644e-03
2.114250324666500092e-03
2.112413290888071060e-03
2.109891735017299652e-03
2.110342029482126236e-03
2.109078923240303993e-03
2.108191605657339096e-03
2.107038861140608788e-03
2.106301020830869675e-03
2.103755716234445572e-03
2.100163837894797325e-03
2.103277016431093216e-03
2.098004799336194992e-03
2.095381496474146843e-03
2.095250179991126060e-03
2.092907670885324478e-03
2.091292291879653931e-03
2.089758636429905891e-03
2.088693436235189438e-03
2.087309025228023529e-03
2.085373504087328911e-03
2.082849387079477310e-03
2.079405123367905617e-03
2.076676115393638611e-03
2.072547096759080887e-03
2.069585490971803665e-03
2.067817375063896179e-03
2.066976856440305710e-03
2.065759385004639626e-03
2.063573803752660751e-03
2.061559585854411125e-03
2.058984246104955673e-03
2.057100180536508560e-03
2.059406135231256485e-03
2.056657336652278900e-03
2.055187942460179329e-03
2.054581651464104652e-03
2.053885720670223236e-03
2.052966970950365067e-03
2.051918767392635345e-03
2.050650771707296371e-03
2.049895701929926872e-03
2.048977883532643318e-03
2.046788576990365982e-03
2.043900080025196075e-03
2.042062347754836082e-03
2.038522390648722649e-03
2.037005499005317688e-03
2.035871148109436035e-03
2.034301403909921646e-03
2.033332362771034241e-03
2.032493706792593002e-03
2.035232726484537125e-03
2.032177522778511047e-03
2.031456911936402321e-03
2.030372852459549904e-03
2.028627786785364151e-03
2.026752568781375885e-03
2.024795860052108765e-03
2.030809642747044563e-03
2.024138346314430237e-03
2.022668253630399704e-03
2.021238673478364944e-03
2.022454747930169106e-03
2.020414452999830246e-03
2.019210020080208778e-03
2.016553189605474472e-03
2.015871927142143250e-03
2.015215577557682991e-03
2.014497993513941765e-03
2.013316377997398376e-03
2.012016484513878822e-03
2.009817166253924370e-03
2.008470939472317696e-03
2.007414586842060089e-03
2.006515627726912498e-03
2.005469519644975662e-03
2.003891859203577042e-03
2.001542132347822189e-03
1.999127212911844254e-03
1.997435465455055237e-03
1.996073871850967407e-03
1.995009602978825569e-03
1.990994205698370934e-03
1.988347154110670090e-03
1.983456779271364212e-03
1.979480264708399773e-03
1.977091655135154724e-03
1.974519807845354080e-03
1.976402243599295616e-03
1.974050188437104225e-03
1.973067410290241241e-03
1.971596619114279747e-03
1.969783799722790718e-03
1.967342803254723549e-03
1.964790979400277138e-03
1.963366754353046417e-03
1.962610054761171341e-03
1.961990958079695702e-03
1.960990019142627716e-03
1.959301065653562546e-03
1.958059379830956459e-03
1.956806052476167679e-03
1.956230960786342621e-03
1.955711981281638145e-03
1.955236075446009636e-03
1.954419072717428207e-03
1.953684259206056595e-03
1.954221865162253380e-03
1.953243976458907127e-03
1.952370745129883289e-03
1.949731027707457542e-03
1.947004231624305248e-03
1.944394549354910851e-03
1.942529692314565182e-03
1.941985334269702435e-03
1.940267393365502357e-03
1.939331879839301109e-03
1.937875756993889809e-03
1.954780193045735359e-03
1.937381224706768990e-03
1.936446409672498703e-03
1.934599597007036209e-03
1.933195162564516068e-03
1.931842416524887085e-03
1.930858590640127659e-03
1.929133664816617966e-03
1.927372999489307404e-03
1.924891257658600807e-03
1.926302560605108738e-03
1.923836767673492432e-03
1.922343159094452858e-03
1.920318813063204288e-03
1.917986199259757996e-03
1.915096654556691647e-03
1.912981970235705376e-03
1.911525498144328594e-03
1.910220365971326828e-03
1.908450154587626457e-03
1.912181265652179718e-03
1.907532569020986557e-03
1.906099030748009682e-03
1.904434524476528168e-03
1.903460128232836723e-03
1.901808427646756172e-03
1.902766525745391846e-03
1.901076291687786579e-03
1.899656141176819801e-03
1.897844253107905388e-03
1.896167523227632046e-03
1.895756460726261139e-03
1.893265405669808388e-03
1.892339438199996948e-03
1.891893916763365269e-03
1.891629071906208992e-03
1.891329651698470116e-03
1.890287850983440876e-03
1.888893079012632370e-03
1.887940801680088043e-03
1.886798068881034851e-03
1.887241727672517300e-03
1.886200858280062675e-03
1.885173725895583630e-03
1.884234137833118439e-03
1.883501652628183365e-03
1.881691627204418182e-03
1.883210614323616028e-03
1.881051342934370041e-03
1.879466581158339977e-03
1.876311376690864563e-03
1.874799141660332680e-03
1.872969674877822399e-03
1.870841602794826031e-03
1.867742161266505718e-03
1.865734346210956573e-03
1.864312449470162392e-03
1.863572513684630394e-03
1.862805220298469067e-03
1.861865632236003876e-03
1.861635828390717506e-03
1.859782729297876358e-03
1.859011244960129261e-03
1.858110888861119747e-03
1.857000752352178097e-03
1.855162205174565315e-03
1.852947054430842400e-03
1.850121188908815384e-03
1.848092884756624699e-03
1.845753286033868790e-03
1.843812642619013786e-03
1.840909360907971859e-03
1.837836694903671741e-03
1.835647155530750751e-03
1.832525595091283321e-03
1.829948974773287773e-03
1.828777138143777847e-03
1.828048494644463062e-03
1.827825559303164482e-03
1.827365951612591743e-03
1.826551975682377815e-03
1.825558952987194061e-03
1.824483275413513184e-03
1.822766498662531376e-03
1.821518409997224808e-03
1.820027129724621773e-03
1.818160060793161392e-03
1.818573335185647011e-03
1.817573793232440948e-03
1.816783566027879715e-03
1.816121628507971764e-03
1.815720228478312492e-03
1.815241761505603790e-03
1.814613584429025650e-03
1.814422663301229477e-03
1.813519513234496117e-03
1.813167240470647812e-03
1.812298432923853397e-03
1.812920207157731056e-03
1.811860245652496815e-03
1.811095047742128372e-03
1.810149755328893661e-03
1.809997018426656723e-03
1.808772096410393715e-03
1.808239379897713661e-03
1.807424356229603291e-03
1.806335058063268661e-03
1.804821426048874855e-03
1.804048428311944008e-03
1.803389284759759903e-03
1.802800688892602921e-03
1.802292652428150177e-03
1.801097532734274864e-03
1.799926045350730419e-03
1.798847457394003868e-03
1.798181328922510147e-03
1.797610195353627205e-03
1.797641161829233170e-03
1.796965021640062332e-03
1.795979100279510021e-03
1.794359297491610050e-03
1.793948234990239143e-03
1.793302246369421482e-03
1.792748691514134407e-03
1.791992923244833946e-03
1.791115384548902512e-03
1.791673945263028145e-03
1.790581271052360535e-03
1.789544476196169853e-03
1.788951572962105274e-03
1.788327004760503769e-03
1.787435263395309448e-03
1.786134904250502586e-03
1.785044791176915169e-03
1.783874351531267166e-03
1.783130806870758533e-03
1.782923471182584763e-03
1.781727070920169353e-03
1.781445345841348171e-03
1.779858139343559742e-03
1.779070822522044182e-03
1.778272911906242371e-03
1.777291996404528618e-03
1.775742392055690289e-03
1.775757526047527790e-03
1.773369731381535530e-03
1.771152485162019730e-03
1.768216374330222607e-03
1.765659078955650330e-03
1.763867330737411976e-03
1.760385697707533836e-03
1.760218990966677666e-03
1.758896396495401859e-03
1.757641904987394810e-03
1.756235025823116302e-03
1.754774828441441059e-03
1.751857227645814419e-03
1.749721588566899300e-03
1.748397247865796089e-03
1.747938804328441620e-03
1.747678499668836594e-03
1.747372094541788101e-03
1.746995490975677967e-03
1.746283145621418953e-03
1.745440997183322906e-03
1.744422363117337227e-03
1.743296044878661633e-03
1.744395354762673378e-03
1.742821768857538700e-03
1.741951331496238708e-03
1.741684740409255028e-03
1.740815350785851479e-03
1.740070292726159096e-03
1.738792518153786659e-03
1.737294485792517662e-03
1.737039070576429367e-03
1.734692836180329323e-03
1.733632176183164120e-03
1.732290722429752350e-03
1.730860676616430283e-03
1.728847390040755272e-03
1.778062549419701099e-03
1.727678230963647366e-03
1.726542133837938309e-03
1.725634210743010044e-03
1.725240144878625870e-03
1.724739093333482742e-03
1.724408240988850594e-03
1.723779132589697838e-03
1.723536290228366852e-03
1.723177032545208931e-03
1.722760265693068504e-03
1.724754692986607552e-03
1.722266897559165955e-03
1.721727196127176285e-03
1.721018576063215733e-03
1.720852684229612350e-03
1.720558851957321167e-03
1.719603314995765686e-03
1.718197949230670929e-03
1.717142411507666111e-03
1.716822618618607521e-03
1.715913647785782814e-03
1.715533435344696045e-03
1.714827492833137512e-03
1.713702920824289322e-03
1.712396624498069286e-03
1.711256336420774460e-03
1.710231066681444645e-03
1.708254218101501465e-03
1.706535695120692253e-03
1.705197850242257118e-03
1.703618676401674747e-03
1.702640904113650322e-03
1.701694447547197342e-03
1.699354732409119606e-03
1.697990112006664276e-03
1.696047256700694561e-03
1.694978447631001472e-03
1.693820115178823471e-03
1.692054327577352524e-03
1.691263169050216675e-03
1.689462224021553993e-03
1.688558608293533325e-03
1.685970812104642391e-03
1.683247275650501251e-03
1.680827466771006584e-03
1.678860746324062347e-03
1.679732697084546089e-03
1.677746535278856754e-03
1.675455365329980850e-03
1.673370599746704102e-03
1.670614816248416901e-03
1.668459502980113029e-03
1.666571712121367455e-03
1.665215240791440010e-03
1.664036884903907776e-03
1.661470392718911171e-03
1.670106197707355022e-03
1.660676440224051476e-03
1.658701221458613873e-03
1.656985841691493988e-03
1.655663596466183662e-03
1.653717714361846447e-03
1.650496618822216988e-03
1.647546654567122459e-03
1.645540585741400719e-03
1.644247444346547127e-03
1.641011680476367474e-03
1.638807356357574463e-03
1.637395354919135571e-03
1.635321765206754208e-03
1.634627347812056541e-03
1.633474719710648060e-03
1.632188213989138603e-03
1.632229774259030819e-03
1.631675986573100090e-03
1.631219405680894852e-03
1.630799495615065098e-03
1.630313694477081299e-03
1.629467355087399483e-03
1.628291211090981960e-03
1.626719953492283821e-03
1.625149743631482124e-03
1.623085234314203262e-03
1.621555536985397339e-03
1.619123388081789017e-03
1.617568545043468475e-03
1.615775283426046371e-03
1.614600885659456253e-03
1.613246044144034386e-03
1.611344749107956886e-03
1.609430648386478424e-03
1.612529042176902294e-03
1.608254853636026382e-03
1.605828641913831234e-03
1.604120247066020966e-03
1.602703356184065342e-03
1.601601485162973404e-03
1.600430463440716267e-03
1.599498209543526173e-03
1.600472722202539444e-03
1.599027542397379875e-03
1.597854658029973507e-03
1.596488291397690773e-03
1.595630077645182610e-03
1.594860805198550224e-03
1.594282221049070358e-03
1.593780703842639923e-03
1.592872198671102524e-03
1.591529580764472485e-03
1.590178813785314560e-03
1.588204875588417053e-03
1.585924997925758362e-03
1.584435929544270039e-03
1.582578290253877640e-03
1.580634852871298790e-03
1.579366391524672508e-03
1.578250667080283165e-03
1.577122486196458340e-03
1.578080235049128532e-03
1.576564041897654533e-03
1.575610949657857418e-03
1.574165071360766888e-03
1.573150046169757843e-03
1.571296947076916695e-03
1.569805899634957314e-03
1.568345353007316589e-03
1.566430204547941685e-03
1.562335179187357426e-03
1.559511991217732430e-03
1.556215458549559116e-03
1.595526002347469330e-03
1.555729657411575317e-03
1.554280868731439114e-03
1.553312758915126324e-03
1.552218454889953136e-03
1.550758839584887028e-03
1.549126463942229748e-03
1.549117965623736382e-03
1.548157306388020515e-03
1.546639716252684593e-03
1.545762410387396812e-03
1.544913742691278458e-03
1.548263942822813988e-03
1.544370315968990326e-03
1.543871359899640083e-03
1.543458318337798119e-03
1.542905461974442005e-03
1.542338635772466660e-03
1.541086705401539803e-03
1.539225806482136250e-03
1.540969358757138252e-03
1.538253854960203171e-03
1.536971656605601311e-03
1.535988179966807365e-03
1.535492367111146450e-03
1.534601789899170399e-03
1.533683855086565018e-03
1.532341935671865940e-03
1.531048910692334175e-03
1.529656117781996727e-03
1.528113614767789841e-03
1.526892185211181641e-03
1.524829305708408356e-03
1.523367362096905708e-03
1.521174795925617218e-03
1.519145444035530090e-03
1.514761126600205898e-03
1.510510686784982681e-03
1.506759086623787880e-03
1.504287472926080227e-03
1.502327155321836472e-03
1.500513055361807346e-03
1.497827586717903614e-03
1.496183220297098160e-03
1.493655727244913578e-03
1.492927083745598793e-03
1.491849310696125031e-03
1.490473863668739796e-03
1.487775938585400581e-03
1.483626896515488625e-03
1.479307305999100208e-03
1.485540764406323433e-03
1.477208919823169708e-03
1.473431708291172981e-03
1.470350311137735844e-03
1.468828064389526844e-03
1.474792370572686195e-03
1.468394882977008820e-03
1.467231079004704952e-03
1.466585672460496426e-03
1.465965644456446171e-03
1.465405570343136787e-03
1.464121975004673004e-03
1.463459338992834091e-03
1.462374115362763405e-03
1.461840001866221428e-03
1.461206236854195595e-03
1.460726140066981316e-03
1.460067229345440865e-03
1.459517516195774078e-03
1.458556740544736385e-03
1.457913080230355263e-03
1.456580706872045994e-03
1.455770572647452354e-03
1.454760786145925522e-03
1.453872304409742355e-03
1.452397322282195091e-03
1.450674724765121937e-03
1.448640250600874424e-03
1.447612419724464417e-03
1.446052920073270798e-03
1.444348366931080818e-03
1.445650821551680565e-03
1.443666638806462288e-03
1.442581182345747948e-03
1.441502594389021397e-03
1.440855208784341812e-03
1.440172316506505013e-03
1.439467538148164749e-03
1.438200590200722218e-03
1.436540856957435608e-03
1.434520352631807327e-03
1.432122895494103432e-03
1.432387623935937881e-03
1.430957810953259468e-03
1.429894007742404938e-03
1.428840216249227524e-03
1.428316347301006317e-03
1.427637529559433460e-03
1.426806440576910973e-03
1.425549155101180077e-03
1.444735447876155376e-03
1.425273367203772068e-03
1.424238085746765137e-03
1.423527952283620834e-03
1.422942848876118660e-03
1.422218978404998779e-03
1.421457505784928799e-03
1.421076711267232895e-03
1.420769491232931614e-03
1.420250162482261658e-03
1.419727806933224201e-03
1.419926877133548260e-03
1.419303007423877716e-03
1.418414525687694550e-03
1.417607301846146584e-03
1.417032908648252487e-03
1.416240818798542023e-03
1.416228478774428368e-03
1.415664097294211388e-03
1.414646860212087631e-03
1.413959078490734100e-03
1.413329620845615864e-03
1.412616344168782234e-03
1.412578858435153961e-03
1.412148820236325264e-03
1.411161152645945549e-03
1.410556375049054623e-03
1.409144140779972076e-03
1.408005133271217346e-03
1.405995571985840797e-03
1.404711976647377014e-03
1.403410686179995537e-03
1.401840592734515667e-03
1.400523819029331207e-03
1.396533451043069363e-03
1.392738544382154942e-03
1.388767734169960022e-03
1.385924289934337139e-03
1.383616589009761810e-03
1.382808433845639229e-03
1.382305636070668697e-03
1.381785026751458645e-03
1.381611102260649204e-03
1.381331006996333599e-03
1.380949397571384907e-03
1.380838803015649319e-03
1.380294328555464745e-03
1.380098634399473667e-03
1.379803987219929695e-03
1.379473018459975719e-03
1.379134482704102993e-03
1.378532499074935913e-03
1.378156244754791260e-03
1.377518987283110619e-03
1.377087668515741825e-03
1.376418513245880604e-03
1.377307926304638386e-03
1.375932013615965843e-03
1.375511405058205128e-03
1.374652376398444176e-03
1.374081126414239407e-03
1.373226405121386051e-03
1.372333848848938942e-03
1.371845952235162258e-03
1.371316844597458839e-03
1.370450016111135483e-03
1.398450694978237152e-03
1.370187615975737572e-03
1.369477249681949615e-03
1.368639175780117512e-03
1.376011292450129986e-03
1.368346973322331905e-03
1.367826713249087334e-03
1.367243239656090736e-03
1.366899115964770317e-03
1.366523327305912971e-03
1.366148120723664761e-03
1.365950331091880798e-03
1.365678152069449425e-03
1.366452779620885849e-03
1.365553238429129124e-03
1.365416334010660648e-03
1.364978263154625893e-03
1.364566385746002197e-03
1.364044845104217529e-03
1.363248331472277641e-03
1.363531104288995266e-03
1.362929819151759148e-03
1.362590934149920940e-03
1.362121663987636566e-03
1.361688133329153061e-03
1.360820489935576916e-03
1.359564252197742462e-03
1.373101142235100269e-03
1.359223388135433197e-03
1.357626053504645824e-03
1.356465276330709457e-03
1.355632441118359566e-03
1.355096581391990185e-03
1.354459789581596851e-03
1.354307169094681740e-03
1.353528699837625027e-03
1.353044761344790459e-03
1.352410181425511837e-03
1.352970954030752182e-03
1.352168503217399120e-03
1.351748127490282059e-03
1.350817270576953888e-03
1.349560450762510300e-03
1.350418198853731155e-03
1.348987570963799953e-03
1.347727957181632519e-03
1.347088487818837166e-03
1.346131088212132454e-03
1.345238182693719864e-03
1.352740218862891197e-03
1.345088356174528599e-03
1.344605931080877781e-03
1.344175776466727257e-03
1.343297190032899380e-03
1.342472853139042854e-03
1.341399503871798515e-03
1.340233720839023590e-03
1.339691225439310074e-03
1.339363749139010906e-03
1.340054790489375591e-03
1.339085632935166359e-03
1.338663278147578239e-03
1.338006230071187019e-03
1.337537541985511780e-03
1.339765149168670177e-03
1.337404130026698112e-03
1.337159425020217896e-03
1.336876652203500271e-03
1.336777815595269203e-03
1.336208079010248184e-03
1.335965003818273544e-03
1.335514825768768787e-03
1.336075132712721825e-03
1.335346023552119732e-03
1.334987580776214600e-03
1.334426342509686947e-03
1.334221917204558849e-03
1.333841588348150253e-03
1.333002583123743534e-03
1.331871375441551208e-03
1.330766943283379078e-03
1.328666927292943001e-03
1.327010337263345718e-03
1.325290999375283718e-03
1.322382362559437752e-03
1.321598188951611519e-03
1.319094910286366940e-03
1.318285125307738781e-03
1.317075337283313274e-03
1.317322603426873684e-03
1.316489651799201965e-03
1.315802102908492088e-03
1.314910012297332287e-03
1.314736902713775635e-03
1.314140739850699902e-03
1.313831890001893044e-03
1.313507324084639549e-03
1.313173212110996246e-03
1.312863663770258427e-03
1.312217442318797112e-03
1.311333733610808849e-03
1.310587394982576370e-03
1.309713115915656090e-03
1.310093561187386513e-03
1.309269340708851814e-03
1.308648148551583290e-03
1.308233942836523056e-03
1.307644648477435112e-03
1.311590662226080894e-03
1.307512866333127022e-03
1.306973164901137352e-03
1.306273275986313820e-03
1.305568264797329903e-03
1.304904930293560028e-03
1.303927507251501083e-03
1.303305500186979771e-03
1.302664983086287975e-03
1.302140066400170326e-03
1.301588723435997963e-03
1.300916890613734722e-03
1.300213159993290901e-03
1.299817231483757496e-03
1.299074850976467133e-03
1.298076356761157513e-03
1.298461342230439186e-03
1.297645154409110546e-03
1.296696718782186508e-03
1.296597183682024479e-03
1.295722904615104198e-03
1.295315218158066273e-03
1.294538378715515137e-03
1.293628942221403122e-03
1.293075270950794220e-03
1.291528227739036083e-03
1.291016233153641224e-03
1.290682819671928883e-03
1.290505053475499153e-03
1.290031243115663528e-03
1.289449864998459816e-03
1.288522267714142799e-03
1.287144841626286507e-03
1.286787330172955990e-03
1.285146339796483517e-03
1.284359022974967957e-03
1.283473800867795944e-03
1.282396959140896797e-03
1.281409873627126217e-03
1.282060518860816956e-03
1.280891592614352703e-03
1.280154334381222725e-03
1.279159449040889740e-03
1.278216601349413395e-03
1.277708681300282478e-03
1.276827068068087101e-03
1.275653950870037079e-03
1.275129849091172218e-03
1.274392590858042240e-03
1.273753936402499676e-03
1.273178146220743656e-03
1.273203291930258274e-03
1.272832741960883141e-03
1.272516907192766666e-03
1.272284775041043758e-03
1.272043562494218349e-03
1.271815854124724865e-03
1.271593733690679073e-03
1.271263929083943367e-03
1.270841807126998901e-03
1.270293723791837692e-03
1.269966363906860352e-03
1.269431551918387413e-03
1.268291496671736240e-03
1.267430023290216923e-03
1.267983112484216690e-03
1.266727456822991371e-03
1.268129330128431320e-03
1.266383333131670952e-03
1.265939674340188503e-03
1.265369239263236523e-03
1.264790305867791176e-03
1.264109858311712742e-03
1.263441168703138828e-03
1.262930105440318584e-03
1.262346282601356506e-03
1.262248260900378227e-03
1.261873636394739151e-03
1.261545927263796329e-03
1.261152559891343117e-03
1.260682940483093262e-03
1.260083750821650028e-03
1.259559532627463341e-03
1.258829492144286633e-03
1.257573137991130352e-03
1.254603965207934380e-03
1.252944348379969597e-03
1.252152491360902786e-03
1.251704525202512741e-03
1.251209527254104614e-03
1.250595320016145706e-03
1.249993802048265934e-03
1.249201130121946335e-03
1.248340122401714325e-03
1.247073523700237274e-03
1.245281891897320747e-03
1.244251499883830547e-03
1.243525650352239609e-03
1.243698527105152607e-03
1.243117498233914375e-03
1.242412952706217766e-03
1.241602585650980473e-03
1.241142395883798599e-03
1.240584417246282101e-03
1.240695244632661343e-03
1.240172074176371098e-03
1.239423174411058426e-03
1.238478231243789196e-03
1.238012453541159630e-03
1.237475313246250153e-03
1.236619078554213047e-03
1.236943993717432022e-03
1.236031996086239815e-03
1.234904630109667778e-03
1.234121504239737988e-03
1.233267597854137421e-03
1.232343609444797039e-03
1.231366535648703575e-03
1.229452202096581459e-03
1.227847533300518990e-03
1.226165099069476128e-03
1.224669627845287323e-03
1.223345519974827766e-03
1.221670419909060001e-03
1.220863778144121170e-03
1.221576007083058357e-03
1.220395439304411411e-03
1.219325582496821880e-03
1.217677141539752483e-03
1.216528122313320637e-03
1.215920085087418556e-03
1.215498661622405052e-03
1.215272932313382626e-03
1.214661868289113045e-03
1.214306685142219067e-03
1.213786890730261803e-03
1.213234383612871170e-03
1.212020171806216240e-03
1.214456744492053986e-03
1.211496186442673206e-03
1.210190937854349613e-03
