3.225110292434692383e+00
2.304701805114746094e+00
8.596478104591369629e-01
7.954025864601135254e-01
7.204078435897827148e-01
7.093427777290344238e-01
7.060353159904479980e-01
7.054045200347900391e-01
7.045445442199707031e-01
7.024941444396972656e-01
6.991302967071533203e-01
6.957244873046875000e-01
6.941333413124084473e-01
6.932826638221740723e-01
6.927725672721862793e-01
6.921297907829284668e-01
6.917663812637329102e-01
6.915146708488464355e-01
6.913086175918579102e-01
6.910449266433715820e-01
6.907149553298950195e-01
6.904139518737792969e-01
6.901710629463195801e-01
6.897361278533935547e-01
6.888867020606994629e-01
6.883077621459960938e-01
6.880012750625610352e-01
6.877308487892150879e-01
6.874022483825683594e-01
6.872081160545349121e-01
6.869043111801147461e-01
6.865415573120117188e-01
6.856380701065063477e-01
6.844083070755004883e-01
6.810882687568664551e-01
6.794028282165527344e-01
6.764836907386779785e-01
6.740123033523559570e-01
6.727808117866516113e-01
6.716735959053039551e-01
6.692142486572265625e-01
6.659534573554992676e-01
6.610866189002990723e-01
6.547229290008544922e-01
6.494014859199523926e-01
6.419243812561035156e-01
6.299896836280822754e-01
6.387604475021362305e-01
6.131305098533630371e-01
6.558603048324584961e-01
5.763190984725952148e-01
9.053097367286682129e-01
5.460333228111267090e-01
5.794109106063842773e-01
5.228428244590759277e-01
5.923437476158142090e-01
4.914776086807250977e-01
5.666165351867675781e-01
4.738293588161468506e-01
4.451467990875244141e-01
4.254912734031677246e-01
4.041628837585449219e-01
4.292069375514984131e-01
3.908114433288574219e-01
3.799774944782257080e-01
3.743527531623840332e-01
3.534754514694213867e-01
3.206138312816619873e-01
2.628821134567260742e-01
2.618277072906494141e-01
2.466223835945129395e-01
2.302409559488296509e-01
2.190941274166107178e-01
2.215368300676345825e-01
2.119936048984527588e-01
2.070501148700714111e-01
2.031173259019851685e-01
1.965918987989425659e-01
1.913933902978897095e-01
1.878392398357391357e-01
1.855993866920471191e-01
1.847218871116638184e-01
1.837880015373229980e-01
1.822151094675064087e-01
1.790275275707244873e-01
1.651258468627929688e-01
1.557563394308090210e-01
1.500133872032165527e-01
1.504501551389694214e-01
1.479361355304718018e-01
1.466480493545532227e-01
1.471794992685317993e-01
1.455640196800231934e-01
1.442635804414749146e-01
1.437785774469375610e-01
1.432701796293258667e-01
1.422492861747741699e-01
1.382334530353546143e-01
1.327581852674484253e-01
1.246185898780822754e-01
1.293298155069351196e-01
1.183009743690490723e-01
1.141904145479202271e-01
1.139416769146919250e-01
1.126432493329048157e-01
1.115499287843704224e-01
1.095392182469367981e-01
1.023906767368316650e-01
9.908159077167510986e-02
9.474721550941467285e-02
9.362671524286270142e-02
9.252215176820755005e-02
9.086849540472030640e-02
8.930017054080963135e-02
8.738662302494049072e-02
8.593604713678359985e-02
8.449541032314300537e-02
8.238278329372406006e-02
7.931969314813613892e-02
7.797055691480636597e-02
7.735758274793624878e-02
7.632725685834884644e-02
7.393874228000640869e-02
7.077889144420623779e-02
6.899736076593399048e-02
6.766276061534881592e-02
6.723893433809280396e-02
6.691332906484603882e-02
6.546800583600997925e-02
6.175801157951354980e-02
6.002997979521751404e-02
5.932745337486267090e-02
5.904077738523483276e-02
5.876815691590309143e-02
5.830812454223632812e-02
5.644360929727554321e-02
5.482235550880432129e-02
5.325656384229660034e-02
5.249286815524101257e-02
5.201157927513122559e-02
5.180375277996063232e-02
5.138209462165832520e-02
5.010208487510681152e-02
4.862517118453979492e-02
4.694563522934913635e-02
4.498822242021560669e-02
4.453205317258834839e-02
4.421592131257057190e-02
4.416459798812866211e-02
4.391336441040039062e-02
4.371760040521621704e-02
4.358967393636703491e-02
4.331581667065620422e-02
4.285171627998352051e-02
4.232027381658554077e-02
4.113236814737319946e-02
3.858631849288940430e-02
3.757989779114723206e-02
3.606590628623962402e-02
3.595130518078804016e-02
3.549814596772193909e-02
3.528777882456779480e-02
3.497063368558883667e-02
3.391706943511962891e-02
3.319146111607551575e-02
3.219567984342575073e-02
3.048021346330642700e-02
2.921089157462120056e-02
2.827796339988708496e-02
2.812761254608631134e-02
2.748179435729980469e-02
2.726685628294944763e-02
2.684253826737403870e-02
2.642202749848365784e-02
2.598216012120246887e-02
2.549541555345058441e-02
2.495168522000312805e-02
2.453992143273353577e-02
2.413762174546718597e-02
2.387209795415401459e-02
2.360822632908821106e-02
2.337096072733402252e-02
2.321229688823223114e-02
2.300798706710338593e-02
2.280666679143905640e-02
2.199920825660228729e-02
2.114099636673927307e-02
2.018318325281143188e-02
1.962274312973022461e-02
1.938749477267265320e-02
1.927407830953598022e-02
1.915058866143226624e-02
1.897937990725040436e-02
1.852439343929290771e-02
1.787321455776691437e-02
1.740421913564205170e-02
1.696018874645233154e-02
1.668101921677589417e-02
1.647221669554710388e-02
1.629599928855895996e-02
1.615428365767002106e-02
1.604685746133327484e-02
1.587590016424655914e-02
1.553307753056287766e-02
1.507354713976383209e-02
1.457799598574638367e-02
1.443683914840221405e-02
1.402159221470355988e-02
1.393220666795969009e-02
1.386428810656070709e-02
1.383227109909057617e-02
1.380133163183927536e-02
1.377144083380699158e-02
1.371445134282112122e-02
1.356234122067689896e-02
1.362056098878383636e-02
1.344274077564477921e-02
1.318807806819677353e-02
1.296333409845829010e-02
1.281085424125194550e-02
1.276341732591390610e-02
1.274036057293415070e-02
1.272838283330202103e-02
1.270584855228662491e-02
1.265078689903020859e-02
1.258593052625656128e-02
1.251929253339767456e-02
1.245115417987108231e-02
1.234763115644454956e-02
1.226219255477190018e-02
1.205005869269371033e-02
1.188215799629688263e-02
1.169725973159074783e-02
1.156276836991310120e-02
1.138461194932460785e-02
1.124410144984722137e-02
1.117942854762077332e-02
1.112553291022777557e-02
1.104854978621006012e-02
1.094475947320461273e-02
1.077770255506038666e-02
1.062898524105548859e-02
1.058564055711030960e-02
1.036693062633275986e-02
1.020112447440624237e-02
9.966645389795303345e-03
9.841820225119590759e-03
9.735246188938617706e-03
9.658267721533775330e-03
9.508820250630378723e-03
9.377297013998031616e-03
9.267583489418029785e-03
9.008247405290603638e-03
8.864814415574073792e-03
8.772460743784904480e-03
8.679979480803012848e-03
8.535213768482208252e-03
8.382822386920452118e-03
8.311967365443706512e-03
8.266125805675983429e-03
8.234715089201927185e-03
8.213106542825698853e-03
8.194955065846443176e-03
8.188551291823387146e-03
8.151262998580932617e-03
8.127273991703987122e-03
8.087377995252609253e-03
8.017260581254959106e-03
8.256403729319572449e-03
7.959330454468727112e-03
7.792002521455287933e-03
7.574527524411678314e-03
7.341486401855945587e-03
7.077188231050968170e-03
6.943126674741506577e-03
7.152553647756576538e-03
6.867806892842054367e-03
6.851031444966793060e-03
6.818958092480897903e-03
6.791818886995315552e-03
6.760183721780776978e-03
6.747593637555837631e-03
6.728250999003648758e-03
6.708679255098104477e-03
6.681675091385841370e-03
6.673755124211311340e-03
6.625171285122632980e-03
6.572777405381202698e-03
6.511689163744449615e-03
6.462373305112123489e-03
6.428630556911230087e-03
6.407790817320346832e-03
6.382604129612445831e-03
6.308811716735363007e-03
6.239286158233880997e-03
6.193512119352817535e-03
6.037874147295951843e-03
5.951749626547098160e-03
5.876530427485704422e-03
5.852140020579099655e-03
5.801191553473472595e-03
5.780288483947515488e-03
5.758331157267093658e-03
5.688426084816455841e-03
5.588950589299201965e-03
5.475259851664304733e-03
5.368492566049098969e-03
5.316495895385742188e-03
5.247627850621938705e-03
5.193241871893405914e-03
5.146563984453678131e-03
5.084495525807142258e-03
5.005684215575456619e-03
4.938896745443344116e-03
4.840636160224676132e-03
4.802650772035121918e-03
4.772985354065895081e-03
4.638892598450183868e-03
4.508699756115674973e-03
4.369460046291351318e-03
4.407736007124185562e-03
4.207140766084194183e-03
4.113457165658473969e-03
4.087177570909261703e-03
4.032031632959842682e-03
3.974447958171367645e-03
3.894884139299392700e-03
3.792269155383110046e-03
3.721657441928982735e-03
3.703892230987548828e-03
3.644193755462765694e-03
3.626358462497591972e-03
3.595553804188966751e-03
3.544182283803820610e-03
3.525726962834596634e-03
3.492864081636071205e-03
3.470229916274547577e-03
3.444472094997763634e-03
3.418635576963424683e-03
3.377439454197883606e-03
3.350777318701148033e-03
3.332951571792364120e-03
3.308612154796719551e-03
3.261433215811848640e-03
3.208585549145936966e-03
3.154634498059749603e-03
3.113615559414029121e-03
3.084880299866199493e-03
3.055215114727616310e-03
3.033838234841823578e-03
3.017619019374251366e-03
3.000413533300161362e-03
2.986658830195665359e-03
2.975439652800559998e-03
2.960143610835075378e-03
2.949545392766594887e-03
2.941096667200326920e-03
2.932060509920120239e-03
2.925011795014142990e-03
2.906808862462639809e-03
2.891197102144360542e-03
2.872233744710683823e-03
2.847789321094751358e-03
2.814283128827810287e-03
2.768469508737325668e-03
2.683625789359211922e-03
2.627868205308914185e-03
2.647904213517904282e-03
2.607177011668682098e-03
2.583082998171448708e-03
2.570800483226776123e-03
2.557879779487848282e-03
2.534521045163273811e-03
2.505296608433127403e-03
2.472760854288935661e-03
2.454529050737619400e-03
2.435061847791075706e-03
2.423034049570560455e-03
2.402953803539276123e-03
2.379606012254953384e-03
2.365269698202610016e-03
2.357017947360873222e-03
2.352550392970442772e-03
2.348243258893489838e-03
2.344043925404548645e-03
2.337750978767871857e-03
2.323879161849617958e-03
2.309296512976288795e-03
2.295231446623802185e-03
2.291601151227951050e-03
2.275496954098343849e-03
2.266375813633203506e-03
2.249064622446894646e-03
2.226115902885794640e-03
2.202521078288555145e-03
2.185890683904290199e-03
2.172858454287052155e-03
2.159536350518465042e-03
2.142959740012884140e-03
2.125580795109272003e-03
2.114079892635345459e-03
2.107230480760335922e-03
2.100740093737840652e-03
2.095472533255815506e-03
2.089468762278556824e-03
2.080504549667239189e-03
2.071633469313383102e-03
2.065527718514204025e-03
2.063256921246647835e-03
2.057581674307584763e-03
2.051017945632338524e-03
2.042481908574700356e-03
2.028736285865306854e-03
2.004986861720681190e-03
2.043468644842505455e-03
1.988515257835388184e-03
1.961338799446821213e-03
1.940041198395192623e-03
1.927989767864346504e-03
1.916386419907212257e-03
1.906621851958334446e-03
1.889198436401784420e-03
1.871342305094003677e-03
1.860538730397820473e-03
1.850901171565055847e-03
1.843817066401243210e-03
1.837758813053369522e-03
1.829029526561498642e-03
1.818766933865845203e-03
1.806969288736581802e-03
1.798012410290539265e-03
1.794164534658193588e-03
1.791131915524601936e-03
1.788707915693521500e-03
1.783790648914873600e-03
1.776781049557030201e-03
1.770824310369789600e-03
1.762280939146876335e-03
1.749609829857945442e-03
1.740861218422651291e-03
1.727306284010410309e-03
1.717479783110320568e-03
1.705953967757523060e-03
1.692112768068909645e-03
1.668407232500612736e-03
1.658086664974689484e-03
1.642621471546590328e-03
1.638925168663263321e-03
1.618757727555930614e-03
1.611608779057860374e-03
1.602522563189268112e-03
1.593226450495421886e-03
1.583663164637982845e-03
1.571266446262598038e-03
1.559843309223651886e-03
1.551399938762187958e-03
1.540773431770503521e-03
1.530666835606098175e-03
1.523123355582356453e-03
1.515780575573444366e-03
1.510475995019078255e-03
1.504859188571572304e-03
1.497230259701609612e-03
1.491838949732482433e-03
1.485435990616679192e-03
1.479707541875541210e-03
1.475189812481403351e-03
1.471441704779863358e-03
1.466360525228083134e-03
1.455805962905287743e-03
1.446231966838240623e-03
1.433390658348798752e-03
1.428330317139625549e-03
1.412023208104074001e-03
1.402162131853401661e-03
1.518868841230869293e-03
1.398704713210463524e-03
1.389865297824144363e-03
1.380974543280899525e-03
1.365187810733914375e-03
1.342090195976197720e-03
1.354040578007698059e-03
1.332459156401455402e-03
1.314880675636231899e-03
1.300239469856023788e-03
1.280183088965713978e-03
1.264951308257877827e-03
1.251707552000880241e-03
1.238632481545209885e-03
1.229337882250547409e-03
1.221433514729142189e-03
1.210016664117574692e-03
1.201980630867183208e-03
1.190372859127819538e-03
1.181601779535412788e-03
1.175144454464316368e-03
1.172706251963973045e-03
1.165696186944842339e-03
1.161584514193236828e-03
1.155346166342496872e-03
1.149435411207377911e-03
1.142951194196939468e-03
1.137452665716409683e-03
1.133278361521661282e-03
1.130152028053998947e-03
1.127963885664939880e-03
1.125678536482155323e-03
1.122966641560196877e-03
1.120168715715408325e-03
1.116461353376507759e-03
1.113207894377410412e-03
1.112870755605399609e-03
1.109921722672879696e-03
1.108727999962866306e-03
1.105087343603372574e-03
1.109519042074680328e-03
1.100828289054334164e-03
1.093862811103463173e-03
1.076074317097663879e-03
1.069533871486783028e-03
1.060201553627848625e-03
1.050584018230438232e-03
1.043528085574507713e-03
1.033488777466118336e-03
1.033218461088836193e-03
1.027529127895832062e-03
1.019327668473124504e-03
1.013432396575808525e-03
1.011848100461065769e-03
1.010205480270087719e-03
1.006592297926545143e-03
1.000545569695532322e-03
9.946563513949513435e-04
9.846525499597191811e-04
9.768684394657611847e-04
9.667508420534431934e-04
9.608725085854530334e-04
9.562999475747346878e-04
9.521980537101626396e-04
9.492370299994945526e-04
9.465544717386364937e-04
9.423943702131509781e-04
9.391863131895661354e-04
9.353581117466092110e-04
9.319299133494496346e-04
9.289458394050598145e-04
9.279621881432831287e-04
9.265361586585640907e-04
9.257250349037349224e-04
9.241850930266082287e-04
9.224175591953098774e-04
9.206922259181737900e-04
9.195248130708932877e-04
9.183295769616961479e-04
9.174238075502216816e-04
9.159910841844975948e-04
9.142230846919119358e-04
9.115078137256205082e-04
9.068578365258872509e-04
8.987203473225235939e-04
8.916947408579289913e-04
8.866103598847985268e-04
8.811111329123377800e-04
8.789889980107545853e-04
8.756091701798141003e-04
8.684593485668301582e-04
8.593347738496959209e-04
8.486447622999548912e-04
8.388399146497249603e-04
8.276564185507595539e-04
8.214112604036927223e-04
8.173734531737864017e-04
8.141678408719599247e-04
8.128498448058962822e-04
8.100360864773392677e-04
8.083272259682416916e-04
8.057156228460371494e-04
8.035985520109534264e-04
8.001129608601331711e-04
7.990305894054472446e-04
7.963748648762702942e-04
7.942476077005267143e-04
7.910557906143367290e-04
7.878763717599213123e-04
7.845317595638334751e-04
7.827273220755159855e-04
7.810425595380365849e-04
7.794622215442359447e-04
7.769472431391477585e-04
7.744311587885022163e-04
7.722897571511566639e-04
7.706503383815288544e-04
7.691998034715652466e-04
7.677812245674431324e-04
7.661129930056631565e-04
7.635632064193487167e-04
8.143763989210128784e-04
7.626161677762866020e-04
7.602135883644223213e-04
7.591797038912773132e-04
7.561955717392265797e-04
7.552838069386780262e-04
7.530924631282687187e-04
7.537930505350232124e-04
7.515881443396210670e-04
7.492432487197220325e-04
7.462640642188489437e-04
7.441238849423825741e-04
7.416047155857086182e-04
7.378633017651736736e-04
7.308403728529810905e-04
7.244403241202235222e-04
7.214529323391616344e-04
7.164018461480736732e-04
7.135836640372872353e-04
7.087995763868093491e-04
7.022629724815487862e-04
6.982930353842675686e-04
6.944906199350953102e-04
6.929923547431826591e-04
6.916953716427087784e-04
6.906638736836612225e-04
6.897681159898638725e-04
6.885735783725976944e-04
6.871102377772331238e-04
6.847352487966418266e-04
6.813592044636607170e-04
6.790811312384903431e-04
6.766842561773955822e-04
6.751660839654505253e-04
6.729806773364543915e-04
6.707786233164370060e-04
6.772394990548491478e-04
6.696070777252316475e-04
6.673583411611616611e-04
6.648903363384306431e-04
6.624746602028608322e-04
6.606041570194065571e-04
6.579881883226335049e-04
6.556513835676014423e-04
6.579382461495697498e-04
6.541727925650775433e-04
6.506993668153882027e-04
6.463719764724373817e-04
6.420853896997869015e-04
6.396601093001663685e-04
6.376015371643006802e-04
6.358132231980562210e-04
6.336250226013362408e-04
6.314535858109593391e-04
6.296422798186540604e-04
6.270709563978016376e-04
6.239343201741576195e-04
6.216953042894601822e-04
6.201374926604330540e-04
6.187072140164673328e-04
6.171691347844898701e-04
6.148604443296790123e-04
6.127809174358844757e-04
6.108105881139636040e-04
6.079900194890797138e-04
6.041740998625755310e-04
5.993188242428004742e-04
5.954419029876589775e-04
5.922882701270282269e-04
5.913546774536371231e-04
5.902955308556556702e-04
5.887041916139423847e-04
5.873969057574868202e-04
5.857330397702753544e-04
5.828646244481205940e-04
5.800434155389666557e-04
5.786141846328973770e-04
5.760536296293139458e-04
5.751061835326254368e-04
5.736294551752507687e-04
5.727522075176239014e-04
5.714802537113428116e-04
5.693484563380479813e-04
5.672491970472037792e-04
5.645976634696125984e-04
5.618965369649231434e-04
5.595480324700474739e-04
5.581443547271192074e-04
5.564747843891382217e-04
5.546620232053101063e-04
5.522262654267251492e-04
5.506636225618422031e-04
5.473291967064142227e-04
5.449518794193863869e-04
5.409824661910533905e-04
5.363097880035638809e-04
5.314088775776326656e-04
5.286776577122509480e-04
5.257595912553369999e-04
5.232770927250385284e-04
5.209072842262685299e-04
5.174764664843678474e-04
5.228673107922077179e-04
5.146639887243509293e-04
5.120402202010154724e-04
5.123404553160071373e-04
5.083583528175950050e-04
5.031879991292953491e-04
4.961921367794275284e-04
4.893169971182942390e-04
4.844090435653924942e-04
4.830914549529552460e-04
4.817066655959933996e-04
4.789432277902960777e-04
4.762828466482460499e-04
4.749282670672982931e-04
4.740600998047739267e-04
4.733701935037970543e-04
4.727672785520553589e-04
4.720079014077782631e-04
4.710505309049040079e-04
4.698625998571515083e-04
4.798582813236862421e-04
4.688901244662702084e-04
4.683955339714884758e-04
4.660010454244911671e-04
4.645931767299771309e-04
4.629103059414774179e-04
4.616015939973294735e-04
4.607200098689645529e-04
4.596427315846085548e-04
4.577440558932721615e-04
4.547956341411918402e-04
4.545747942756861448e-04
4.527926212176680565e-04
4.497269110288470984e-04
4.480258794501423836e-04
4.464634985197335482e-04
4.451317945495247841e-04
4.432199930306524038e-04
4.395156574901193380e-04
4.367551300674676895e-04
4.348777292761951685e-04
4.331550444476306438e-04
4.315487458370625973e-04
4.302044399082660675e-04
4.290940414648503065e-04
4.275801184121519327e-04
4.259131092112511396e-04
4.229638143442571163e-04
4.204382130410522223e-04
4.185157013125717640e-04
4.310452204663306475e-04
4.155315109528601170e-04
4.122774989809840918e-04
4.102414532098919153e-04
4.078533675055950880e-04
4.060173523612320423e-04
4.029474221169948578e-04
3.999678883701562881e-04
3.966635267715901136e-04
3.942539333365857601e-04
3.950594691559672356e-04
3.937204310204833746e-04
3.931969986297190189e-04
3.926103818230330944e-04
3.923165495507419109e-04
3.918996371794492006e-04
3.911841777153313160e-04
3.901402233168482780e-04
3.888805804308503866e-04
3.875725669786334038e-04
3.870486398227512836e-04
3.864235477522015572e-04
3.855813993141055107e-04
3.840389836113899946e-04
3.827761684078723192e-04
3.817279648501425982e-04
3.809640184044837952e-04
3.804281877819448709e-04
3.798056568484753370e-04
3.792074567172676325e-04
3.782461571972817183e-04
3.778723767027258873e-04
3.774760989472270012e-04
3.770057810470461845e-04
3.764548746403306723e-04
3.754906065296381712e-04
3.748641465790569782e-04
3.743918496184051037e-04
3.738577070180326700e-04
3.730959433596581221e-04
3.721225366462022066e-04
3.711263998411595821e-04
3.701577661558985710e-04
3.693157923407852650e-04
3.682617680169641972e-04
3.671928134281188250e-04
3.662241506390273571e-04
3.644728858489543200e-04
3.633095184341073036e-04
3.624960954766720533e-04
3.585099475458264351e-04
3.577201277948915958e-04
3.570790286175906658e-04
3.564705257304012775e-04
3.564418293535709381e-04
3.556718002073466778e-04
3.542376507539302111e-04
3.529317036736756563e-04
3.510873066261410713e-04
3.492569958325475454e-04
3.490624658297747374e-04
3.481092280708253384e-04
3.461319720372557640e-04
3.445574548095464706e-04
3.434698737692087889e-04
3.417795524001121521e-04
3.404407470952719450e-04
3.395662060938775539e-04
3.390305500943213701e-04
3.386749303899705410e-04
3.383568546269088984e-04
3.379824920557439327e-04
3.375930537004023790e-04
3.371995408087968826e-04
3.365661832503974438e-04
3.358238900545984507e-04
3.351444611325860023e-04
3.345691657159477472e-04
3.341361880302429199e-04
3.338053356856107712e-04
3.334027715027332306e-04
3.327095182612538338e-04
3.316817164886742830e-04
3.307077859062701464e-04
3.297806833870708942e-04
3.294745110906660557e-04
3.289323649369180202e-04
3.285076818428933620e-04
3.281679528299719095e-04
3.278648946434259415e-04
3.275013295933604240e-04
3.271644527558237314e-04
3.269641019869595766e-04
3.265320265199989080e-04
3.261170641053467989e-04
3.255248593632131815e-04
3.249066649004817009e-04
3.242321836296468973e-04
3.233667230233550072e-04
3.222012310288846493e-04
3.211260191164910793e-04
3.204038366675376892e-04
3.198095946572721004e-04
3.193374141119420528e-04
3.189621202182024717e-04
3.185084206052124500e-04
3.180644416715949774e-04
3.176012542098760605e-04
3.170670242980122566e-04
3.159283951390534639e-04
3.150558914057910442e-04
3.135342267341911793e-04
3.132467682007700205e-04
3.120965266134589911e-04
3.116009174846112728e-04
3.108622040599584579e-04
3.102555929217487574e-04
3.095915890298783779e-04
3.088463854510337114e-04
3.086427459493279457e-04
3.080971655435860157e-04
3.077376459259539843e-04
3.070370294153690338e-04
3.061454626731574535e-04
3.052487736567854881e-04
3.044481272809207439e-04
3.033992252312600613e-04
3.019767755176872015e-04
3.007154155056923628e-04
2.995537070091813803e-04
2.978693810291588306e-04
2.972820075228810310e-04
2.967454493045806885e-04
2.963407314382493496e-04
2.957370306830853224e-04
2.951261121779680252e-04
2.947120519820600748e-04
2.941228449344635010e-04
2.934477233793586493e-04
2.928808971773833036e-04
2.919337421189993620e-04
2.912842901423573494e-04
2.906729641836136580e-04
2.901689440477639437e-04
2.896209480240941048e-04
2.892180636990815401e-04
2.889749011956155300e-04
2.888088347390294075e-04
2.885511785279959440e-04
2.881939290091395378e-04
2.880038518924266100e-04
2.874482306651771069e-04
2.871864417102187872e-04
2.869487798307090998e-04
2.866855938918888569e-04
2.862631808966398239e-04
2.894126810133457184e-04
2.860920212697237730e-04
2.856440260075032711e-04
2.851772587746381760e-04
2.866698196157813072e-04
2.849441079888492823e-04
2.845427661668509245e-04
2.839454100467264652e-04
2.834692131727933884e-04
2.828462747856974602e-04
2.822874521370977163e-04
2.817922795657068491e-04
2.811330487020313740e-04
2.803599927574396133e-04
2.791614097077399492e-04
2.778750786092132330e-04
2.766948309727013111e-04
2.761697978712618351e-04
2.756406029220670462e-04
2.754724409896880388e-04
2.753358858171850443e-04
2.750550047494471073e-04
2.746849495451897383e-04
2.740068885032087564e-04
2.729481202550232410e-04
2.731868880800902843e-04
2.724094956647604704e-04
2.714030269999057055e-04
2.709898399189114571e-04
2.701168123167008162e-04
2.694634895306080580e-04
2.684881328605115414e-04
2.688848762772977352e-04
2.673896960914134979e-04
2.650839742273092270e-04
2.617002464830875397e-04
2.598500577732920647e-04
2.699795004446059465e-04
2.576964616309851408e-04
2.606913913041353226e-04
2.564940368756651878e-04
2.550876524765044451e-04
2.525521849747747183e-04
2.497434616088867188e-04
2.470430044922977686e-04
2.473452477715909481e-04
2.452757908031344414e-04
2.423805417492985725e-04
2.395922492723912001e-04
2.388006250839680433e-04
2.381063532084226608e-04
2.374481991864740849e-04
2.366817498113960028e-04
2.358302299398928881e-04
2.349709975533187389e-04
2.338102785870432854e-04
2.327394613530486822e-04
2.317627950105816126e-04
2.306410315213724971e-04
2.297563914908096194e-04
2.287245442857965827e-04
2.279519248986616731e-04
2.268710231874138117e-04
2.260456531075760722e-04
2.251490222988650203e-04
2.247486554551869631e-04
2.241490728920325637e-04
2.233179548056796193e-04
2.229353412985801697e-04
2.225141652161255479e-04
2.220833266619592905e-04
2.216887369286268950e-04
2.213277621194720268e-04
2.209206577390432358e-04
2.204392512794584036e-04
2.201272727688774467e-04
2.198257716372609138e-04
2.193674445152282715e-04
2.189170918427407742e-04
2.185148623539134860e-04
2.180079463869333267e-04
2.175463305320590734e-04
2.169932704418897629e-04
2.163833996746689081e-04
2.157761045964434743e-04
2.151350490748882294e-04
2.144633326679468155e-04
2.134945243597030640e-04
2.127186016878113151e-04
2.121179422829300165e-04
2.116117539117112756e-04
2.111363719450309873e-04
2.114780800184234977e-04
2.108129847329109907e-04
2.099900884786620736e-04
2.091373899020254612e-04
2.081295242533087730e-04
2.068198082270100713e-04
2.056148514384403825e-04
2.047590969596058130e-04
2.041614498011767864e-04
2.037618687609210610e-04
2.033329510595649481e-04
2.028969902312383056e-04
2.023849519900977612e-04
2.015224308706820011e-04
2.007093862630426884e-04
1.998617954086512327e-04
1.992330362554639578e-04
1.987983123399317265e-04
1.984848786378279328e-04
1.981458917725831270e-04
1.978588406927883625e-04
1.974484184756875038e-04
1.970059238374233246e-04
1.960083609446883202e-04
1.959623186849057674e-04
1.954594772541895509e-04
1.941049995366483927e-04
1.930691360030323267e-04
1.924434764077886939e-04
1.920447975862771273e-04
1.916894980240613222e-04
1.912553561851382256e-04
1.909647107822820544e-04
1.905696117319166660e-04
1.901046780403703451e-04
1.895425521070137620e-04
1.888899278128519654e-04
1.880828494904562831e-04
1.872369030024856329e-04
1.867184473667293787e-04
1.861569180618971586e-04
1.852627756306901574e-04
1.845022779889404774e-04
1.835926523199304938e-04
1.825695799198001623e-04
1.805561041692271829e-04
1.795130810933187604e-04
1.778865407686680555e-04
1.767798094078898430e-04
1.756169076543301344e-04
1.742736785672605038e-04
1.728151692077517509e-04
1.712641824269667268e-04
1.706881303107365966e-04
1.689407508820295334e-04
1.689194759819656610e-04
1.685279712546616793e-04
1.681613939581438899e-04
1.678109256317839026e-04
1.673760416451841593e-04
1.668151817284524441e-04
1.662844151724129915e-04
1.658803521422669291e-04
1.655367377679795027e-04
1.649313635425642133e-04
1.644476724322885275e-04
1.638998073758557439e-04
1.633904321352019906e-04
1.629074104130268097e-04
1.620193943381309509e-04
1.608494494576007128e-04
1.600925170350819826e-04
1.595636858837679029e-04
1.591613545315340161e-04
1.587574370205402374e-04
1.582845870871096849e-04
1.579388626851141453e-04
1.575748028699308634e-04
1.571915636304765940e-04
1.567581639392301440e-04
1.564907288411632180e-04
1.561353274155408144e-04
1.556050992803648114e-04
1.550265005789697170e-04
1.642417773837223649e-04
1.545778941363096237e-04
1.540333905722945929e-04
1.534965704195201397e-04
1.529555156594142318e-04
1.527051063021644950e-04
1.522618840681388974e-04
1.515996991656720638e-04
1.511517039034515619e-04
1.506888074800372124e-04
1.503643870819360018e-04
1.498032652307301760e-04
1.489273709012195468e-04
1.486186083639040589e-04
1.477621117373928428e-04
1.474668970331549644e-04
1.471856376156210899e-04
1.469268754590302706e-04
1.466180110583081841e-04
1.462344371248036623e-04
1.458295009797438979e-04
1.454898156225681305e-04
1.451447169529274106e-04
1.448076509404927492e-04
1.443933724658563733e-04
1.438313920516520739e-04
1.435374142602086067e-04
1.427853276254609227e-04
1.423016947228461504e-04
1.419541076757013798e-04
1.421112392563372850e-04
1.416239683749154210e-04
1.412771525792777538e-04
1.407512609148398042e-04
1.404518843628466129e-04
1.400961773470044136e-04
1.397226878907531500e-04
1.448073307983577251e-04
1.394855935359373689e-04
1.389766985084861517e-04
1.383974304189905524e-04
1.399534812662750483e-04
1.382026675855740905e-04
1.377561566187068820e-04
1.371556427329778671e-04
1.366873475490137935e-04
1.363207848044112325e-04
1.359876041533425450e-04
1.356773136649280787e-04
1.354996056761592627e-04
1.353317638859152794e-04
1.352136023342609406e-04
1.350395905319601297e-04
1.348176156170666218e-04
1.344410120509564877e-04
1.341760362265631557e-04
1.339901355095207691e-04
1.337845606030896306e-04
1.334906846750527620e-04
1.331137755187228322e-04
1.326539641013368964e-04
1.321956369793042541e-04
1.318221766268834472e-04
1.315839617745950818e-04
1.311686355620622635e-04
1.319241127930581570e-04
1.310601655859500170e-04
1.307449419982731342e-04
1.304526376770809293e-04
1.301338634220883250e-04
1.296229602303355932e-04
1.291491498704999685e-04
1.285907637793570757e-04
1.283176534343510866e-04
1.280539290746673942e-04
1.278346753679215908e-04
1.274879468837752938e-04
1.275907852686941624e-04
1.273538655368611217e-04
1.271604123758152127e-04
1.270579668926075101e-04
1.269610365852713585e-04
1.267265179194509983e-04
1.262491132365539670e-04
1.270112989004701376e-04
1.259544369531795382e-04
1.253985101357102394e-04
1.246107422048225999e-04
1.240182755282148719e-04
1.235891395481303334e-04
1.225147279910743237e-04
1.222106366185471416e-04
1.217604876728728414e-04
1.216811433550901711e-04
1.214866788359358907e-04
1.214049625559709966e-04
1.213383657159283757e-04
1.212888819281943142e-04
1.212121569551527500e-04
1.210206028190441430e-04
1.207725581480190158e-04
1.204710642923600972e-04
1.199595717480406165e-04
1.200510305352509022e-04
1.197687233798205853e-04
1.195738950627855957e-04
1.193007774418219924e-04
1.190307957585901022e-04
1.189895192510448396e-04
1.185283763334155083e-04
1.183357162517495453e-04
1.179998289444483817e-04
1.176405057776719332e-04
1.173943019239231944e-04
1.172303745988756418e-04
1.170643372461199760e-04
1.169212846434675157e-04
1.166756337624974549e-04
1.165906942333094776e-04
1.163258129963651299e-04
1.161812106147408485e-04
1.159579333034344018e-04
1.158617669716477394e-04
1.156480648205615580e-04
1.155303834821097553e-04
1.153585908468812704e-04
1.152941986219957471e-04
1.150007810792885721e-04
1.148306546383537352e-04
1.146423674072138965e-04
1.145153146353550255e-04
1.144105626735836267e-04
1.142338151112198830e-04
1.143991103162989020e-04
1.141783504863269627e-04
1.140635577030479908e-04
1.137672079494222999e-04
1.135572820203378797e-04
1.134000049205496907e-04
1.132055549533106387e-04
1.129958109231665730e-04
1.128033327404409647e-04
1.126924835261888802e-04
1.125372727983631194e-04
1.124460177379660308e-04
1.123440815717913210e-04
1.122361718444153666e-04
1.120947272283956409e-04
1.120228407671675086e-04
1.118920336011797190e-04
1.119513472076505423e-04
1.117925130529329181e-04
1.116611601901240647e-04
1.115359045797958970e-04
1.114333208533935249e-04
1.113222024287097156e-04
1.111477613449096680e-04
1.109434670070186257e-04
1.108330980059690773e-04
1.106567360693588853e-04
1.104250186472199857e-04
1.102281821658834815e-04
1.098303764592856169e-04
1.095805928343906999e-04
1.094335893867537379e-04
1.092388702090829611e-04
1.091474041459150612e-04
1.088510689442045987e-04
1.086569027393124998e-04
1.083727620425634086e-04
1.088334247469902039e-04
1.082477101590484381e-04
1.080584115698002279e-04
1.078512796084396541e-04
1.076725602615624666e-04
1.073678868124261498e-04
1.070570797310210764e-04
1.066632539732381701e-04
1.063395029632374644e-04
1.056847904692403972e-04
1.051905346685089171e-04
1.054227905115112662e-04
1.049473066814243793e-04
1.045835815602913499e-04
1.043887095875106752e-04
1.042254370986483991e-04
1.039187191054224968e-04
1.034332599374465644e-04
1.041551149683073163e-04
1.032589789247140288e-04
1.028912665788084269e-04
1.025458404910750687e-04
1.021589851006865501e-04
1.016554742818698287e-04
1.012166612781584263e-04
1.009415136650204659e-04
1.007856772048398852e-04
1.006663733278401196e-04
1.004375953925773501e-04
1.000989650492556393e-04
9.964378114091232419e-05
9.968949598260223866e-05
9.944127668859437108e-05
9.911403321893885732e-05
9.888516797218471766e-05
9.868516644928604364e-05
9.843797306530177593e-05
9.807130845729261637e-05
9.771396435098722577e-05
9.741210669744759798e-05
9.701641101855784655e-05
9.675623732618987560e-05
9.644940291764214635e-05
9.609436528990045190e-05
9.586443775333464146e-05
9.553108975524082780e-05
9.535685967421159148e-05
9.522326581645756960e-05
9.519929153611883521e-05
9.506498463451862335e-05
9.501392196398228407e-05
9.487183706369251013e-05
9.505861089564859867e-05
9.480574954068288207e-05
9.465268522035330534e-05
9.454613609705120325e-05
9.438960114493966103e-05
9.424431482329964638e-05
9.410397615283727646e-05
9.380027040606364608e-05
9.349036554340273142e-05
9.329836757387965918e-05
9.320909157395362854e-05
9.309832239523530006e-05
9.289567242376506329e-05
9.266545384889468551e-05
9.270088048651814461e-05
9.258050704374909401e-05
9.241537190973758698e-05
9.226737165590748191e-05
9.217800834449008107e-05
9.205434616887941957e-05
9.190685523208230734e-05
9.179217158816754818e-05
9.159058390650898218e-05
9.142237831838428974e-05
9.113446867559105158e-05
9.099653107114136219e-05
9.086242062039673328e-05
9.070939267985522747e-05
9.057957504410296679e-05
9.044327453011646867e-05
9.034645336214452982e-05
9.027401392813771963e-05
9.011748625198379159e-05
8.988448098534718156e-05
8.970108319772407413e-05
8.956816600402817130e-05
8.947979949880391359e-05
8.941181295085698366e-05
8.930356125347316265e-05
8.920494292397052050e-05
8.906473522074520588e-05
8.895316568668931723e-05
8.874924969859421253e-05
8.850527956383302808e-05
8.824636461213231087e-05
8.813412568997591734e-05
8.803642413113266230e-05
8.793608139967545867e-05
8.775589958531782031e-05
8.750233973842114210e-05
8.723034989088773727e-05
8.688429807079955935e-05
8.668573718750849366e-05
8.647245704196393490e-05
8.615828846814110875e-05
8.554563100915402174e-05
8.493968925904482603e-05
8.447906293440610170e-05
8.421039092354476452e-05
8.403003448620438576e-05
8.387072011828422546e-05
8.373222954105585814e-05
8.357653132406994700e-05
8.335338498000055552e-05
8.305450319312512875e-05
8.268933743238449097e-05
8.240677561843767762e-05
8.219649316743016243e-05
8.206843631342053413e-05
8.189177606254816055e-05
8.177465497283264995e-05
8.149209315888583660e-05
8.119572157738730311e-05
8.101911225821822882e-05
8.083706779871135950e-05
8.069165778579190373e-05
8.057582454057410359e-05
8.044976129895076156e-05
8.031295146793127060e-05
8.027685544220730662e-05
8.011431054910644889e-05
8.002044341992586851e-05
7.987092249095439911e-05
7.970824663061648607e-05
7.966423436300829053e-05
7.933573215268552303e-05
7.913957233540713787e-05
7.883879879955202341e-05
7.849060057196766138e-05
7.878219912527129054e-05
7.815260323695838451e-05
7.770428055664524436e-05
7.727034244453534484e-05
7.704219024162739515e-05
7.675063534406945109e-05
7.651732448721304536e-05
7.641428237548097968e-05
7.625025318702682853e-05
7.613892375957220793e-05
7.600501703564077616e-05
7.583080150652676821e-05
7.567488501081243157e-05
7.555448974017053843e-05
7.549197471234947443e-05
7.545121479779481888e-05
7.536416524089872837e-05
7.522699888795614243e-05
7.505960820708423853e-05
7.486129470635205507e-05
7.460860069841146469e-05
7.436189480358734727e-05
7.405647920677438378e-05
7.372194522758945823e-05
7.344951882259920239e-05
7.321617886191233993e-05
7.307509804377332330e-05
7.291418296517804265e-05
7.266089232871308923e-05
7.248944893945008516e-05
7.217939128167927265e-05
7.200073741842061281e-05
7.182957779150456190e-05
7.159405504353344440e-05
7.139280933188274503e-05
7.124579860828816891e-05
7.112913590390235186e-05
7.090830331435427070e-05
7.068819104460999370e-05
7.053761510178446770e-05
7.033017755020409822e-05
7.019299664534628391e-05
7.008636748651042581e-05
6.995975854806602001e-05
6.976939039304852486e-05
6.968131492612883449e-05
6.978337478358298540e-05
6.961033795960247517e-05
6.951656541787087917e-05
6.926315836608409882e-05
6.904250039951875806e-05
6.879591819597408175e-05
6.867790943942964077e-05
6.858490087324753404e-05
6.850544741610065103e-05
6.839507841505110264e-05
6.828259211033582687e-05
6.819598638685420156e-05
6.809379556216299534e-05
6.808670150348916650e-05
6.802115240134298801e-05
6.791180203435942531e-05
6.782537093386054039e-05
6.774696521461009979e-05
6.767161539755761623e-05
6.756110087735578418e-05
6.745362043147906661e-05
6.734392081853002310e-05
6.728420703439041972e-05
6.717859650962054729e-05
6.712542381137609482e-05
6.703849794575944543e-05
6.693010800518095493e-05
6.685005791950970888e-05
6.700666563119739294e-05
6.680494698230177164e-05
6.674468750134110451e-05
6.669190042885020375e-05
6.664585816906765103e-05
6.654538447037339211e-05
6.638972990913316607e-05
6.654131721006706357e-05
6.630485586356371641e-05
6.617268081754446030e-05
6.604551163036376238e-05
6.593742728000506759e-05
6.586175004485994577e-05
6.579564796993508935e-05
6.567814853042364120e-05
6.560012116096913815e-05
6.550992839038372040e-05
6.544967618538066745e-05
6.540671165566891432e-05
6.537263107020407915e-05
6.536151340696960688e-05
6.533273699460551143e-05
6.528990343213081360e-05
6.526902870973572135e-05
6.516816210933029652e-05
6.513694825116544962e-05
6.511811807285994291e-05
6.509837112389504910e-05
6.508507067337632179e-05
6.506490171886980534e-05
6.504778139060363173e-05
6.501467578345909715e-05
6.496604328276589513e-05
6.492184911621734500e-05
6.487542123068124056e-05
6.480056617874652147e-05
6.476226553786545992e-05
6.468517676694318652e-05
6.462397868745028973e-05
6.456350820371881127e-05
6.451358058257028461e-05
6.445830513257533312e-05
6.442557059926912189e-05
6.435361865442246199e-05
6.431665678974241018e-05
6.426301115425303578e-05
6.418066914193332195e-05
6.402946746675297618e-05
6.399548146873712540e-05
6.381501589203253388e-05
6.375696102622896433e-05
6.370119808707386255e-05
6.365225999616086483e-05
6.352823402266949415e-05
6.359411781886592507e-05
6.347856833599507809e-05
6.338135426631197333e-05
6.333032797556370497e-05
6.328555173240602016e-05
6.323467823676764965e-05
6.317500083241611719e-05
6.304858106886968017e-05
6.291688623605296016e-05
6.269534060265868902e-05
6.241202936507761478e-05
6.205587123986333609e-05
6.187277176650241017e-05
6.176844908623024821e-05
6.167448736960068345e-05
6.142420170363038778e-05
6.126610969658941031e-05
6.111408583819866180e-05
6.107629451435059309e-05
6.095207209000363946e-05
6.079599552322179079e-05
6.058681174181401730e-05
6.024315371178090572e-05
5.991160651319660246e-05
5.997069820296019316e-05
5.969461199129000306e-05
5.931593477725982666e-05
5.897790470044128597e-05
5.880864409846253693e-05
5.870595123269595206e-05
5.861254248884506524e-05
5.840706944582052529e-05
5.826017877552658319e-05
5.813511234009638429e-05
5.794227035949006677e-05
5.780259380117058754e-05
5.767645779997110367e-05
5.757111648563295603e-05
5.739520565839484334e-05
5.727409734390676022e-05
5.711322592105716467e-05
5.691027763532474637e-05
5.671934195561334491e-05
5.661044997395947576e-05
5.644975317409262061e-05
5.629094812320545316e-05
5.616765702143311501e-05
5.608744686469435692e-05
5.600745862466283143e-05
5.595953552983701229e-05
5.582496669376268983e-05
5.596805567620322108e-05
5.576122930506244302e-05
5.562681326409801841e-05
5.547382897930219769e-05
5.542178041650913656e-05
5.538052937481552362e-05
5.530990893021225929e-05
5.521390266949310899e-05
5.518092075362801552e-05
5.515845259651541710e-05
5.512544885277748108e-05
5.509845505002886057e-05
5.505848093889653683e-05
5.501415580511093140e-05
5.496830272022634745e-05
5.485391011461615562e-05
5.477879312820732594e-05
5.460798274725675583e-05
5.519977275980636477e-05
5.453962876345030963e-05
5.439940650830976665e-05
5.422783578978851438e-05
5.409562436398118734e-05
5.397957284003496170e-05
5.390228034229949117e-05
5.384040923672728240e-05
5.376004264689981937e-05
5.371167935663834214e-05
5.368514030124060810e-05
5.365288961911574006e-05
5.362257434171624482e-05
5.359466376830823720e-05
5.356092879083007574e-05
5.352653897716663778e-05
5.344449891708791256e-05
5.332596265361644328e-05
5.320005948306061327e-05
5.316655369824729860e-05
5.303541547618806362e-05
5.297164170769974589e-05
5.288320971885696054e-05
5.268216045806184411e-05
5.244687054073438048e-05
5.244262865744531155e-05
5.235380376689136028e-05
5.228038571658544242e-05
5.223569678491912782e-05
5.220454841037280858e-05
5.217210127739235759e-05
5.213554686633870006e-05
5.208976290305145085e-05
5.207012873142957687e-05
5.198713915888220072e-05
5.192585012991912663e-05
5.186357157072052360e-05
5.174140824237838387e-05
5.165460606804117560e-05
5.153416714165359735e-05
5.142240479472093284e-05
5.138233973411843181e-05
5.132274236530065536e-05
5.129207784193567932e-05
5.125896859681233764e-05
5.122895163367502391e-05
5.122955190017819405e-05
5.121088179294019938e-05
5.118426633998751640e-05
5.116513057146221399e-05
5.114067607792094350e-05
5.112526559969410300e-05
5.110915662953630090e-05
5.108906043460592628e-05
5.107589095132425427e-05
5.104572483105584979e-05
5.101675560581497848e-05
5.102464638184756041e-05
5.099946065456606448e-05
5.097019311506301165e-05
5.095596134196966887e-05
5.093984509585425258e-05
5.092263381811790168e-05
5.090316335554234684e-05
5.087198223918676376e-05
5.082372808828949928e-05
5.078952744952403009e-05
5.073743523098528385e-05
5.069363396614789963e-05
5.065782170277088881e-05
5.064131255494430661e-05
5.062416312284767628e-05
5.060278272139839828e-05
5.057960879639722407e-05
5.056024747318588197e-05
5.055146175436675549e-05
5.051273546996526420e-05
5.047930608270689845e-05
5.043368582846596837e-05
5.038777089794166386e-05
5.053690620115958154e-05
5.035197682445868850e-05
5.029066232964396477e-05
5.022158438805490732e-05
5.018527735956013203e-05
5.014098132960498333e-05
5.008633161196485162e-05
5.005236744182184339e-05
5.002124453312717378e-05
4.998128861188888550e-05
4.994477785658091307e-05
4.990185334463603795e-05
5.010147287975996733e-05
4.987709689885377884e-05
4.984275437891483307e-05
4.983181861462071538e-05
4.980900848750025034e-05
4.986501880921423435e-05
4.979714140063151717e-05
4.977815115125849843e-05
4.975163392373360693e-05
4.971090675098821521e-05
4.965618427377194166e-05
4.963676110492087901e-05
4.955391341354697943e-05
4.949368303641676903e-05
4.941056249663233757e-05
4.932792944600805640e-05
4.924229870084673166e-05
4.919274215353652835e-05
4.917291516903787851e-05
4.914720193482935429e-05
4.911791620543226600e-05
4.907921538688242435e-05
4.903866283711977303e-05
4.900285421172156930e-05
4.895633173873648047e-05
4.891486241831444204e-05
4.888415423920378089e-05
4.883990914095193148e-05
4.879537664237432182e-05
4.873772559221833944e-05
4.870556585956364870e-05
4.868101677857339382e-05
4.866138988290913403e-05
4.863806680077686906e-05
4.861422348767518997e-05
4.857544263359159231e-05
4.855457518715411425e-05
4.853111749980598688e-05
4.850759432883933187e-05
4.847479431191459298e-05
4.843763599637895823e-05
4.840666952077299356e-05
4.836280277231708169e-05
4.835412983084097505e-05
4.832239210372790694e-05
4.830025136470794678e-05
4.827667362405918539e-05
4.825946234632283449e-05
4.823951894650235772e-05
4.820595495402812958e-05
4.818013985641300678e-05
4.814481872017495334e-05
4.811491089640185237e-05
4.807929508388042450e-05
4.805091157322749496e-05
4.803264891961589456e-05
4.801354225492104888e-05
4.801231989404186606e-05
4.798032023245468736e-05
4.796799476025626063e-05
4.795563654624857008e-05
4.794651613337919116e-05
4.792229447048157454e-05
4.790231469087302685e-05
4.788968726643361151e-05
4.787252692040055990e-05
4.785685450769960880e-05
4.782913310918956995e-05
4.780958261108025908e-05
4.786879435414448380e-05
4.780220842803828418e-05
4.778090806212276220e-05
4.777289723278954625e-05
4.776874266099184752e-05
4.776193600264377892e-05
4.775416164193302393e-05
4.775097477249801159e-05
4.773402542923577130e-05
4.771721432916820049e-05
4.769843144458718598e-05
4.767011705553159118e-05
4.769332372234202921e-05
4.765503399539738894e-05
4.763325705425813794e-05
4.761639502248726785e-05
4.760564115713350475e-05
4.761777017847634852e-05
4.759203147841617465e-05
4.757439819513820112e-05
4.753722896566614509e-05
4.752213499159552157e-05
4.750450898427516222e-05
4.749932850245386362e-05
4.747543425764888525e-05
4.746441845782101154e-05
4.743579847854562104e-05
4.738061397802084684e-05
4.733413879876025021e-05
4.728289059130474925e-05
4.724249083665199578e-05
4.718911077361553907e-05
4.714708484243601561e-05
4.711256042355671525e-05
4.709448694484308362e-05
4.708159394795075059e-05
4.707806147052906454e-05
4.706341860583052039e-05
4.704840102931484580e-05
4.704530874732881784e-05
4.703638842329382896e-05
4.702849400928243995e-05
4.701448051491752267e-05
4.700188947026617825e-05
4.696650285040959716e-05
4.716738476417958736e-05
4.696102405432611704e-05
4.692742368206381798e-05
4.690088098868727684e-05
4.688592161983251572e-05
4.686029933509416878e-05
4.681752034230157733e-05
4.677050310419872403e-05
4.673549119615927339e-05
4.669543704949319363e-05
4.667739995056763291e-05
4.666200402425602078e-05
4.663034997065551579e-05
4.666162567446008325e-05
4.661901402869261801e-05
4.658864054363220930e-05
4.653369978768751025e-05
4.648388494388200343e-05
4.644304863177239895e-05
4.655845987144857645e-05
4.640590850613079965e-05
4.634360084310173988e-05
4.627519228961318731e-05
4.625427391147240996e-05
4.622855703928507864e-05
4.620715844794176519e-05
4.617810191120952368e-05
4.615735088009387255e-05
4.613902638084255159e-05
4.612796328729018569e-05
4.608948802342638373e-05
4.615768921212293208e-05
4.607842129189521074e-05
4.604146670317277312e-05
4.600793181452900171e-05
4.596687722369097173e-05
4.592776167555712163e-05
4.592086042976006866e-05
4.590746902977116406e-05
4.587689181789755821e-05
4.584120324579998851e-05
4.582160181598737836e-05
4.579177766572684050e-05
4.574918420985341072e-05
4.569806333165615797e-05
4.566121060634031892e-05
4.565037306747399271e-05
4.562058893498033285e-05
4.560204979497939348e-05
4.557656211545690894e-05
4.555634222924709320e-05
4.556885687634348869e-05
4.554956103675067425e-05
4.553185135591775179e-05
4.550790617940947413e-05
4.547307253233157098e-05
4.544224793789908290e-05
4.542489114101044834e-05
4.541316957329399884e-05
4.540487861959263682e-05
4.538901703199371696e-05
4.536897176876664162e-05
4.534501204034313560e-05
4.531099693849682808e-05
4.527925193542614579e-05
4.525497206486761570e-05
4.523457391769625247e-05
4.520954826148226857e-05
4.518561763688921928e-05
4.510664075496606529e-05
4.506685945671051741e-05
4.502106457948684692e-05
4.500443174038082361e-05
4.497999543673358858e-05
4.495919711189344525e-05
4.490559513214975595e-05
4.482379881665110588e-05
4.468671249924227595e-05
4.459868432604707778e-05
4.450428241398185492e-05
4.446080129127949476e-05
4.442979115992784500e-05
4.440380507730878890e-05
4.437700408743694425e-05
4.435106529854238033e-05
4.432517016539350152e-05
4.430613626027479768e-05
4.424831786309368908e-05
4.419262404553592205e-05
4.406765947351232171e-05
4.404577339300885797e-05
4.390413232613354921e-05
4.384892235975712538e-05
4.378677840577438474e-05
4.373066622065380216e-05
4.363022162578999996e-05
4.359852027846500278e-05
4.351717507233843207e-05
4.349956725491210818e-05
4.347600770415738225e-05
4.345796332927420735e-05
4.342701868154108524e-05
4.340515079093165696e-05
4.336100391810759902e-05
4.333037941250950098e-05
4.329512739786878228e-05
4.327025089878588915e-05
4.325945337768644094e-05
4.322345193941146135e-05
4.319890285842120647e-05
4.312731471145525575e-05
4.373394767753779888e-05
4.310845542931929231e-05
4.305643233237788081e-05
4.298700878280214965e-05
4.297156556276604533e-05
4.294655809644609690e-05
4.294166865292936563e-05
4.292475932743400335e-05
4.290565266273915768e-05
4.288128548068925738e-05
4.285166505724191666e-05
4.282486770534887910e-05
4.284203168936073780e-05
4.281369911041110754e-05
4.279718268662691116e-05
4.278538835933431983e-05
4.277278640074655414e-05
4.275930768926627934e-05
4.274176171747967601e-05
4.272028672858141363e-05
4.270064891898073256e-05
4.276994877727702260e-05
4.269603232387453318e-05
4.267621261533349752e-05
4.266120595275424421e-05
4.264667950337752700e-05
4.263619484845548868e-05
4.263098162482492626e-05
4.261390495230443776e-05
4.260278365109115839e-05
4.257513501215726137e-05
4.255576277500949800e-05
4.254070518072694540e-05
4.252674625604413450e-05
4.249884295859374106e-05
4.249285848345607519e-05
4.246325624990276992e-05
4.244830051902681589e-05
4.242970317136496305e-05
4.240737325744703412e-05
4.239063127897679806e-05
4.236891982145607471e-05
4.234240259393118322e-05
4.232177161611616611e-05
4.230997365084476769e-05
4.228586476529017091e-05
4.226990859024226665e-05
4.224000440444797277e-05
4.222695861244574189e-05
4.220582195557653904e-05
4.218903632136061788e-05
4.216394881950691342e-05
4.214617365505546331e-05
4.212751809973269701e-05
4.210140468785539269e-05
4.207209349260665476e-05
4.202628770144656301e-05
4.195361907477490604e-05
4.189946776023134589e-05
4.185776924714446068e-05
4.182902921456843615e-05
4.178811650490388274e-05
4.174539935775101185e-05
4.172563421889208257e-05
4.170589818386361003e-05
4.169253224972635508e-05
4.167688894085586071e-05
4.165464633842930198e-05
4.163186531513929367e-05
4.161761171417310834e-05
4.158578667556867003e-05
4.153880581725388765e-05
4.150312452111393213e-05
4.146483843214809895e-05
4.193251515971496701e-05
4.145556886214762926e-05
4.143037949688732624e-05
4.140254168305546045e-05
4.137165524298325181e-05
4.133002221351489425e-05
4.133338370593264699e-05
4.130713932681828737e-05
4.126506610191427171e-05
4.123541293665766716e-05
4.119905497645959258e-05
4.115975025342777371e-05
4.109396468265913427e-05
4.102554521523416042e-05
4.095371332368813455e-05
4.091902519576251507e-05
4.089653521077707410e-05
4.086721310159191489e-05
4.080933285877108574e-05
4.074818934896029532e-05
4.069057467859238386e-05
4.067985355504788458e-05
4.062739753862842917e-05
4.060463106725364923e-05
4.056573379784822464e-05
4.050990901305340230e-05
4.045913010486401618e-05
4.041796637466177344e-05
4.039410850964486599e-05
4.035377787658944726e-05
4.029773481306619942e-05
4.024981899419799447e-05
4.021136192022822797e-05
4.018167965114116669e-05
4.014752266812138259e-05
4.010820703115314245e-05
4.007069946965202689e-05
4.005705704912543297e-05
4.003892536275088787e-05
4.002526839030906558e-05
4.004099173471331596e-05
4.001647903351113200e-05
4.000346234533935785e-05
3.999118052888661623e-05
3.997520980192348361e-05
3.995368024334311485e-05
3.991788253188133240e-05
3.989637480117380619e-05
3.986147930845618248e-05
3.982009366154670715e-05
3.977279266109690070e-05
3.974384526372887194e-05
3.974093851866200566e-05
3.972955164499580860e-05
3.972003833041526377e-05
3.970535908592864871e-05
3.969643512391485274e-05
3.968135570175945759e-05
3.968533201259560883e-05
3.967268276028335094e-05
3.965197538491338491e-05
3.961989568779245019e-05
3.959302193834446371e-05
3.956514410674571991e-05
3.953009218093939126e-05
3.950096288463100791e-05
3.948620724258944392e-05
3.945373464375734329e-05
3.942937837564386427e-05
3.940931492252275348e-05
3.939143789466470480e-05
3.934339474653825164e-05
3.930474485969170928e-05
3.927716170437633991e-05
3.923626718460582197e-05
3.921514144167304039e-05
3.919865048374049366e-05
3.916948480764403939e-05
3.914573244401253760e-05
3.910687519237399101e-05
3.908370126737281680e-05
3.901992749888449907e-05
3.897202986991032958e-05
3.891981032211333513e-05
3.887870843755081296e-05
3.900488081853836775e-05
3.886540071107447147e-05
3.883683530148118734e-05
3.880823351209983230e-05
3.877512062899768353e-05
3.874194953823462129e-05
3.871388616971671581e-05
3.869927604682743549e-05
3.868408384732902050e-05
3.866801853291690350e-05
3.866251063300296664e-05
3.864579412038438022e-05
3.863723395625129342e-05
3.863259189529344440e-05
3.862200537696480751e-05
3.861430013785138726e-05
3.858927811961621046e-05
3.855793329421430826e-05
3.852112786262296140e-05
3.847616244456730783e-05
3.842637306661345065e-05
3.840372664853930473e-05
3.833855589618906379e-05
3.830301284324377775e-05
3.824882878689095378e-05
3.820512574748136103e-05
3.815189847955480218e-05
3.810225825873203576e-05
3.810423004324547946e-05
3.806974200415425003e-05
3.803625804721377790e-05
3.797154931817203760e-05
3.793784708250313997e-05
3.790212213061749935e-05
3.788337562582455575e-05
3.786233719438314438e-05
3.784059663303196430e-05
3.782024941756390035e-05
3.780089900828897953e-05
3.779209146159701049e-05
3.777656093006953597e-05
3.776757512241601944e-05
3.774726064875721931e-05
3.772403943003155291e-05
3.770050170714966953e-05
3.767088128370232880e-05
3.764596840483136475e-05
3.761398693313822150e-05
3.758563252631574869e-05
3.758568709599785507e-05
3.757214290089905262e-05
3.754613499040715396e-05
3.753510463866405189e-05
3.751934491447173059e-05
3.751199983526021242e-05
3.750130417756736279e-05
3.749305324163287878e-05
3.748522431124001741e-05
3.767509042518213391e-05
3.747797018149867654e-05
3.746334550669416785e-05
3.743786874110810459e-05
3.741474938578903675e-05
3.738651503226719797e-05
3.736042344826273620e-05
3.732101322384551167e-05
3.728161391336470842e-05
3.724493581103160977e-05
3.720828681252896786e-05
3.729075251612812281e-05
3.719613232533447444e-05
3.717099025379866362e-05
3.715991624630987644e-05
3.714948252309113741e-05
3.713929254445247352e-05
3.711473982548341155e-05
3.709054362843744457e-05
3.707219002535566688e-05
3.705942071974277496e-05
3.705226117745041847e-05
3.704155824379995465e-05
3.702696994878351688e-05
3.701347668538801372e-05
3.700007073348388076e-05
3.698686123243533075e-05
3.696182830026373267e-05
3.694293627631850541e-05
3.700639354065060616e-05
3.693011240102350712e-05
3.689189179567620158e-05
3.686917625600472093e-05
3.685237970785237849e-05
3.683569593704305589e-05
3.680821100715547800e-05
3.675254265544936061e-05
3.667225610115565360e-05
3.658964851638302207e-05
3.652320810942910612e-05
3.646268305601552129e-05
3.639539499999955297e-05
3.635696702986024320e-05
3.626425313996151090e-05
3.623423981480300426e-05
3.620840652729384601e-05
3.618733171606436372e-05
3.629783896030858159e-05
3.617457332438789308e-05
3.614995875977911055e-05
3.612150612752884626e-05
3.610004932852461934e-05
3.607894177548587322e-05
3.605306847020983696e-05
3.600860509322956204e-05
3.600199488573707640e-05
3.595332964323461056e-05
3.593221481423825026e-05
3.591672066249884665e-05
3.590361302485689521e-05
3.587870014598593116e-05
3.585788363125175238e-05
3.584564910852350295e-05
3.582819772418588400e-05
3.581316559575498104e-05
3.579775511752814054e-05
3.577014649636112154e-05
3.572913556126877666e-05
3.569516047718934715e-05
3.566880332073196769e-05
3.564379949239082634e-05
3.561919584171846509e-05
3.559028482413850725e-05
3.558048774721100926e-05
3.552795533323660493e-05
3.549652319634333253e-05
3.543094862834550440e-05
3.539899626048281789e-05
3.536515941959805787e-05
3.532129994709976017e-05
3.535823998390696943e-05
3.530519825289957225e-05
3.527661465341225266e-05
3.525127613102085888e-05
3.523113991832360625e-05
3.521254984661936760e-05
3.518069934216327965e-05
3.512910916469991207e-05
3.509430462145246565e-05
3.504833875922486186e-05
3.500941966194659472e-05
3.498241858324036002e-05
3.495581040624529123e-05
3.493074473226442933e-05
3.491119423415511847e-05
3.488094807835295796e-05
3.484754051896743476e-05
3.481201565591618419e-05
3.475897392490878701e-05
3.470625961199402809e-05
3.465573536232113838e-05
3.461197047727182508e-05
3.458198625594377518e-05
3.455070327618159354e-05
3.445029142312705517e-05
3.460581865510903299e-05
3.443213790887966752e-05
3.440359068918041885e-05
3.437349369050934911e-05
3.436490806052461267e-05
3.435109465499408543e-05
3.433982055867090821e-05
3.432384255575016141e-05
3.430819197092205286e-05
3.429617572692222893e-05
3.428128547966480255e-05
3.427479168749414384e-05
3.426163311814889312e-05
3.424615715630352497e-05
3.423035377636551857e-05
3.421596557018347085e-05
3.420112261665053666e-05
3.430907963775098324e-05
3.419680433580651879e-05
3.418736741878092289e-05
3.418306005187332630e-05
3.417788320803083479e-05
3.416492108954116702e-05
3.414913589949719608e-05
3.412921068957075477e-05
3.411352736293338239e-05
3.410039425943978131e-05
3.408388147363439202e-05
3.407090844120830297e-05
3.405109600862488151e-05
3.404368544579483569e-05
3.404118615435436368e-05
3.403578739380463958e-05
3.403204755159094930e-05
3.402179208933375776e-05
3.400148125365376472e-05
3.399137131054885685e-05
3.396631291252560914e-05
3.393586666788905859e-05
3.391111022210679948e-05
3.388578625163063407e-05
3.385502714081667364e-05
3.382810245966538787e-05
3.380523776286281645e-05
3.377577377250418067e-05
3.376168024260550737e-05
3.374478546902537346e-05
3.372866558493115008e-05
3.371375714777968824e-05
3.369901969563215971e-05
3.369250771356746554e-05
3.366557939443737268e-05
3.364292206242680550e-05
3.361300332471728325e-05
3.378149267518892884e-05
3.359418769832700491e-05
3.355917579028755426e-05
3.353935971972532570e-05
3.351580016897059977e-05
3.350157930981367826e-05
3.348505924805067480e-05
3.347823076182976365e-05
3.346752782817929983e-05
3.345876029925420880e-05
3.345218283357098699e-05
3.342999480082653463e-05
3.341253614053130150e-05
3.339355316711589694e-05
3.338187161716632545e-05
3.337451926199719310e-05
3.336238660267554224e-05
3.336665031383745372e-05
3.335904330015182495e-05
3.334893699502572417e-05
3.334103894303552806e-05
3.333310451125726104e-05
3.331830157549120486e-05
3.332939377287402749e-05
3.330178878968581557e-05
3.327526792418211699e-05
3.325480793137103319e-05
3.324286080896854401e-05
3.322685734019614756e-05
3.321105032227933407e-05
3.319842653581872582e-05
3.317564915050752461e-05
3.315303183626383543e-05
3.312416447442956269e-05
3.310642205178737640e-05
3.309570456622168422e-05
3.308317900518886745e-05
3.307096631033346057e-05
3.304451092844828963e-05
3.302613913547247648e-05
3.301430479041300714e-05
3.300082244095392525e-05
3.298674710094928741e-05
3.297338844276964664e-05
3.296176873845979571e-05
3.294334965175949037e-05
3.292523979325778782e-05
3.289977030362933874e-05
3.289758024038746953e-05
3.288298466941341758e-05
3.286110950284637511e-05
3.284947888460010290e-05
3.283665137132629752e-05
3.282235411461442709e-05
3.281037425040267408e-05
3.280012242612428963e-05
3.279295560787431896e-05
3.277870564488694072e-05
3.276054485468193889e-05
3.274665505159646273e-05
3.273288166383281350e-05
3.271557579864747822e-05
3.274808477726764977e-05
3.270847810199484229e-05
3.269380249548703432e-05
3.267911961302161217e-05
3.267314241384156048e-05
3.266148269176483154e-05
3.265009945607744157e-05
3.263630787841975689e-05
3.261778692831285298e-05
3.259884397266432643e-05
3.257851130911149085e-05
3.256162017351016402e-05
3.254504190408624709e-05
3.252337046433240175e-05
3.250337249482981861e-05
3.247875429224222898e-05
3.244591789552941918e-05
3.243828541599214077e-05
3.243337414460256696e-05
3.243141691200435162e-05
3.242516686441376805e-05
3.240915248170495033e-05
3.239955913159064949e-05
3.237869532313197851e-05
3.237593409721739590e-05
3.236459451727569103e-05
3.234794712625443935e-05
3.232935705455020070e-05
3.230802394682541490e-05
3.238404315197840333e-05
3.230252332286909223e-05
3.229064896004274487e-05
3.228692366974428296e-05
3.228416244382970035e-05
3.228272908017970622e-05
3.227472916478291154e-05
3.227334309485740960e-05
3.226683475077152252e-05
3.225736145395785570e-05
3.224342071916908026e-05
3.264907354605384171e-05
3.224042302463203669e-05
3.222776285838335752e-05
3.221033330191858113e-05
3.220118378521874547e-05
3.218944766558706760e-05
3.218224810552783310e-05
3.216600453015416861e-05
3.214956450392492115e-05
3.213091258658096194e-05
3.211546572856605053e-05
3.210391514585353434e-05
3.209192072972655296e-05
3.207776899216696620e-05
3.206875044270418584e-05
3.205636312486603856e-05
3.204588210792280734e-05
3.203519736416637897e-05
3.201968502253293991e-05
3.201572326361201704e-05
3.199731145286932588e-05
3.198290869477204978e-05
3.197351907147094607e-05
3.196414763806387782e-05
3.195132376276887953e-05
3.193868178641423583e-05
3.192217263858765364e-05
3.191141149727627635e-05
3.190572533640079200e-05
3.190059942426159978e-05
3.189613198628649116e-05
3.189346898579970002e-05
3.188326081726700068e-05
3.187002948834560812e-05
3.185543027939274907e-05
3.184025263180956244e-05
3.182938235113397241e-05
3.181999636581167579e-05
3.181322972523048520e-05
3.180913699907250702e-05
3.179914347128942609e-05
3.179199120495468378e-05
3.178285987814888358e-05
3.177531471010297537e-05
3.176101745339110494e-05
3.175112215103581548e-05
3.173701406922191381e-05
3.172621654812246561e-05
3.172398282913491130e-05
3.171378557453863323e-05
3.171343269059434533e-05
3.170821582898497581e-05
3.170442141708917916e-05
3.169469346175901592e-05
3.169013871229253709e-05
3.167813702020794153e-05
3.167185059282928705e-05
3.166086753481067717e-05
3.164387817378155887e-05
3.161914719385094941e-05
3.160481719532981515e-05
3.159153857268393040e-05
3.157790342811495066e-05
3.156788807245902717e-05
3.158284380333498120e-05
3.155911690555512905e-05
3.154468868160620332e-05
3.153893339913338423e-05
3.152738281642086804e-05
3.154518344672396779e-05
3.152212229906581342e-05
3.150763586745597422e-05
3.149464464513584971e-05
3.149060648865997791e-05
3.148384712403640151e-05
3.147821917082183063e-05
3.147279130644164979e-05
3.147426104987971485e-05
3.146969902445562184e-05
3.146952076349407434e-05
3.148091491311788559e-05
3.146695235045626760e-05
3.146581002511084080e-05
3.146109884255565703e-05
3.145200753351673484e-05
3.144303627777844667e-05
3.147193274344317615e-05
3.144049333059228957e-05
3.143306821584701538e-05
3.142418427160009742e-05
3.141745401080697775e-05
3.140694025205448270e-05
3.139773980365134776e-05
3.138872853014618158e-05
3.138049214612692595e-05
3.137424209853634238e-05
3.136494342470541596e-05
3.135215956717729568e-05
3.134132930426858366e-05
3.132984420517459512e-05
3.131344419671222568e-05
3.129630567855201662e-05
3.127375020994804800e-05
3.125013245153240860e-05
3.122818816336803138e-05
3.120509427390061319e-05
3.116836160188540816e-05
3.116614243481308222e-05
3.114777064183726907e-05
3.112070407951250672e-05
3.109037425019778311e-05
3.107714655925519764e-05
3.105554060311987996e-05
3.102869231952354312e-05
3.102607661276124418e-05
3.100547473877668381e-05
3.098140587098896503e-05
3.096849104622378945e-05
3.095547435805201530e-05
3.094487328780815005e-05
3.092844781349413097e-05
3.091761755058541894e-05
3.090314930886961520e-05
3.088963421760126948e-05
3.088184166699647903e-05
3.085384378209710121e-05
3.083283809246495366e-05
3.080625901930034161e-05
3.077984365518204868e-05
3.074957567150704563e-05
3.071736500714905560e-05
3.065634518861770630e-05
3.060629023821093142e-05
3.058865695493295789e-05
3.054567423532716930e-05
3.051191015401855111e-05
3.047403151867911220e-05
3.050826489925384521e-05
3.045672019652556628e-05
3.041614945686887950e-05
3.035498230019584298e-05
3.029509389307349920e-05
3.024657416972331703e-05
3.018090865225531161e-05
3.014173853443935513e-05
3.009133070008829236e-05
3.003402889589779079e-05
2.995476097567006946e-05
3.001235018018633127e-05
2.992023655679076910e-05
2.985126411658711731e-05
2.981559737236239016e-05
2.980309000122360885e-05
2.979166310979053378e-05
2.977535950776655227e-05
2.976351242978125811e-05
2.974216840812005103e-05
2.974876588268671185e-05
2.973651680804323405e-05
2.971709182020276785e-05
2.970648711198009551e-05
2.969966226373799145e-05
2.968466651509515941e-05
2.967817999888211489e-05
2.967009640997275710e-05
2.978490738314576447e-05
2.966690954053774476e-05
2.965927342302165926e-05
2.965178100566845387e-05
2.964365921798162162e-05
2.963222323160152882e-05
2.961954851343762130e-05
2.960761048598214984e-05
2.958681216114200652e-05
2.956639218609780073e-05
2.952978138637263328e-05
2.948031760752201080e-05
2.942155333585105836e-05
2.942460923804901540e-05
2.939531259471550584e-05
2.935379598056897521e-05
2.931435301434248686e-05
2.929076072177849710e-05
2.925469016190618277e-05
2.921366467489860952e-05
2.919314283644780517e-05
2.933958239736966789e-05
2.918348945968318731e-05
2.916029006883036345e-05
2.914937431341968477e-05
2.913661410275381058e-05
2.911888077505864203e-05
2.924632099166046828e-05
2.911257979576475918e-05
2.908942406065762043e-05
2.906542431446723640e-05
2.904847497120499611e-05
2.903651511587668210e-05
2.902448795794043690e-05
2.899847822845913470e-05
2.897779268096201122e-05
2.895098623412195593e-05
2.892336851800791919e-05
2.888868766603991389e-05
2.884880450437776744e-05
2.880813917727209628e-05
2.878584200516343117e-05
2.875776590371970087e-05
2.870915704988874495e-05
2.864983798644971102e-05
2.868095907615497708e-05
2.862549990823026747e-05
2.860009408323094249e-05
2.858126390492543578e-05
2.855508864740841091e-05
2.851396857295185328e-05
2.845864582923240960e-05
2.844302071025595069e-05
2.835644227161537856e-05
2.831866368069313467e-05
2.827511343639343977e-05
2.824920738930813968e-05
2.822487658704631031e-05
2.819353903760202229e-05
2.818295979523099959e-05
2.816121741489041597e-05
2.814775507431477308e-05
2.812909770000260323e-05
2.812186903611291200e-05
2.810851401591207832e-05
2.809664147207513452e-05
2.808578028634656221e-05
2.806769771268591285e-05
2.805300027830526233e-05
2.803904135362245142e-05
2.802803828672040254e-05
2.802070957841351628e-05
2.801742448355071247e-05
2.801147638820111752e-05
2.800624133669771254e-05
2.799974208755884320e-05
2.799447611323557794e-05
2.799059438984841108e-05
2.798793138936161995e-05
2.798467357933986932e-05
2.797808701870962977e-05
2.797548222588375211e-05
2.797424167511053383e-05
2.796614717226475477e-05
2.795894033624790609e-05
2.794849569909274578e-05
2.793896965158637613e-05
2.792906343529466540e-05
2.792443228827323765e-05
2.790900180116295815e-05
2.791312181216198951e-05
2.789718928397633135e-05
2.788463825709186494e-05
2.787011362670455128e-05
2.786895493045449257e-05
2.786120239761658013e-05
2.785413380479440093e-05
2.784730713756289333e-05
2.783795207506045699e-05
2.782953015412203968e-05
2.784225580398924649e-05
2.782695810310542583e-05
2.782371848297771066e-05
2.781309194688219577e-05
2.780047725536860526e-05
2.778507769107818604e-05
2.777553345367778093e-05
2.776415385596919805e-05
2.775532630039379001e-05
2.774738823063671589e-05
2.773537198663689196e-05
2.773023516056127846e-05
2.771944127744063735e-05
2.771282015601173043e-05
2.770661740214563906e-05
2.769664934021420777e-05
2.768894955806899816e-05
2.767794831015635282e-05
2.766259785857982934e-05
2.765471799648366868e-05
2.764280361589044333e-05
2.766834404610563070e-05
2.763299926300533116e-05
2.762308213277719915e-05
2.761663927230983973e-05
2.765081808320246637e-05
2.761482755886390805e-05
2.760935967671684921e-05
2.759849303402006626e-05
2.759118069661781192e-05
2.758108894340693951e-05
2.768554440990556031e-05
2.757646143436431885e-05
2.756242429313715547e-05
2.754616070888005197e-05
2.753131047938950360e-05
2.752570071606896818e-05
2.751877036644145846e-05
2.751423562585841864e-05
2.750440398813225329e-05
2.748968108789995313e-05
2.747427424765191972e-05
2.746332393144257367e-05
2.745420715655200183e-05
2.744283847277984023e-05
2.743193545029498637e-05
2.741601019806694239e-05
2.741938260442111641e-05
2.740916897892020643e-05
2.740032687142957002e-05
2.739090268732979894e-05
2.737598333624191582e-05
2.735726229730062187e-05
2.733737346716225147e-05
2.731612039497122169e-05
2.730654887272976339e-05
2.729488551267422736e-05
2.729899824771564454e-05
2.729350671870633960e-05
2.728674917307216674e-05
2.727955506998114288e-05
2.726926504692528397e-05
2.725181548157706857e-05
2.723605211940594018e-05
2.722053977777250111e-05
2.721039709285832942e-05
2.720250631682574749e-05
2.720042539294809103e-05
2.724191472225356847e-05
2.719792246352881193e-05
2.719205440371297300e-05
2.718480754992924631e-05
2.717895404202863574e-05
2.717201459745410830e-05
2.716547169256955385e-05
2.716129165492020547e-05
2.715453229029662907e-05
2.714905713219195604e-05
2.713805224630050361e-05
2.715401205932721496e-05
2.713527283049188554e-05
2.712707464525010437e-05
2.712073546717874706e-05
2.711729393922723830e-05
2.711574052227661014e-05
2.711107299546711147e-05
2.710855369514320046e-05
2.710847911657765508e-05
2.710588523768819869e-05
2.710446278797462583e-05
2.710126136662438512e-05
2.709986074478365481e-05
2.709529508138075471e-05
2.709192631300538778e-05
2.708413740037940443e-05
2.708123793127015233e-05
2.707650128286331892e-05
2.707091698539443314e-05
2.706328450585715473e-05
2.705880979192443192e-05
2.705349470488727093e-05
2.704707367229275405e-05
2.703916834434494376e-05
2.702343772398307920e-05
2.701428093132562935e-05
2.700442564673721790e-05
2.699796095839701593e-05
2.699270044104196131e-05
2.698630851227790117e-05
2.697473792068194598e-05
2.699499964364804327e-05
2.697415766306221485e-05
2.696072078833822161e-05
2.695600414881482720e-05
2.694427530514076352e-05
2.692625639610923827e-05
2.691498229978606105e-05
2.690821202122606337e-05
2.690082328626886010e-05
2.689544271561317146e-05
2.688864697120152414e-05
2.688530912564601749e-05
2.687986852834001184e-05
2.687634150788653642e-05
2.686850348254665732e-05
2.687020241864956915e-05
2.686586594791151583e-05
2.686167135834693909e-05
2.685663821466732770e-05
2.685446816030889750e-05
2.685169602045789361e-05
2.684706851141527295e-05
2.684505125216674060e-05
2.684219725779257715e-05
2.684077480807900429e-05
2.683750426513142884e-05
2.683559614524710923e-05
2.683274578885175288e-05
2.683203638298436999e-05
2.682824560906738043e-05
2.682715785340406001e-05
2.682676495169289410e-05
2.682621743588242680e-05
2.682917329366318882e-05
2.682403464859817177e-05
2.682304329937323928e-05
2.681966543605085462e-05
2.681936348380986601e-05
2.681418845895677805e-05
2.681180376384872943e-05
2.680492980289272964e-05
2.679957833606749773e-05
2.678827695490326732e-05
2.677914744708687067e-05
2.680866236914880574e-05
2.677587690413929522e-05
2.676851727301254869e-05
2.676679287105798721e-05
2.676535223145037889e-05
2.676049916772171855e-05
2.675388896022923291e-05
2.674859933904372156e-05
2.674521238077431917e-05
2.674269489943981171e-05
2.674150528036989272e-05
2.673554081411566585e-05
2.672807386261411011e-05
2.672451591934077442e-05
2.670762842171825469e-05
2.669670720933936536e-05
2.668844172148965299e-05
2.667989429028239101e-05
2.666394721018150449e-05
2.663856321305502206e-05
2.662398765096440911e-05
2.660897189343813807e-05
2.660246536834165454e-05
2.659568781382404268e-05
2.659097663126885891e-05
2.658471566974185407e-05
2.657964068930596113e-05
2.657799268490634859e-05
2.657005643413867801e-05
2.656385549926199019e-05
2.655721982591785491e-05
2.654381205502431840e-05
2.666567888809368014e-05
2.654183845152147114e-05
2.652698458405211568e-05
2.652105104061774909e-05
2.651464819791726768e-05
2.650716123753227293e-05
2.649044472491368651e-05
2.648971349117346108e-05
2.648236841196194291e-05
2.646858774824067950e-05
2.645933636813424528e-05
2.645218773977831006e-05
2.643512198119424284e-05
2.641488390509039164e-05
2.637660873006097972e-05
2.632910036481916904e-05
2.627126013976521790e-05
2.624440094223245978e-05
2.622223655635025352e-05
2.620555824250914156e-05
2.619205770315602422e-05
2.617270911287050694e-05
2.616713209135923535e-05
2.615791891003027558e-05
2.615903395053464919e-05
2.615993798826821148e-05
2.615946868900209665e-05
2.615791891003027558e-05
2.615791709104087204e-05
2.615791709104087204e-05
2.615791891003027558e-05
2.615791709104087204e-05
2.615791709104087204e-05
2.615791709104087204e-05
2.615791709104087204e-05
2.615791709104087204e-05
2.615791709104087204e-05
2.615791709104087204e-05
2.615791709104087204e-05
2.615791709104087204e-05
2.615791709104087204e-05
2.877831138903275132e-05
2.615704397612717003e-05
2.615332778077572584e-05
2.613948163343593478e-05
2.613089964143000543e-05
2.612344906083308160e-05
2.611499803606420755e-05
2.610916635603643954e-05
2.609950388432480395e-05
2.608034810691606253e-05
2.606481575639918447e-05
2.604375731607433408e-05
2.602820313768461347e-05
2.601719825179316103e-05
2.599681647552642971e-05
2.601470805529970676e-05
2.598161154310218990e-05
2.594436591607518494e-05
2.592313830973580480e-05
2.590806616353802383e-05
2.589499672467354685e-05
2.588592906249687076e-05
2.586260779935400933e-05
2.585792390163987875e-05
2.585043330327607691e-05
2.584681351436302066e-05
2.584159665275365114e-05
2.584040157671552151e-05
2.583598688943311572e-05
2.583023160696029663e-05
2.582751767477020621e-05
2.582172965048812330e-05
2.581797889433801174e-05
2.581507942522875965e-05
2.580748878244776279e-05
2.580100408522412181e-05
2.579552165116183460e-05
2.579150896053761244e-05
2.578817293397150934e-05
2.577975465101189911e-05
2.577268242021091282e-05
2.576478800619952381e-05
2.576120459707453847e-05
2.578681596787646413e-05
2.575786493252962828e-05
2.574991958681493998e-05
2.574514110165182501e-05
2.573764504631981254e-05
2.573349047452211380e-05
2.572387529653497040e-05
2.571900949988048524e-05
2.570936339907348156e-05
2.569113530626054853e-05
2.571439108578488231e-05
2.568707714090123773e-05
2.568293530202936381e-05
2.567174487921874970e-05
2.566525654401630163e-05
2.565818431321531534e-05
2.564357782830484211e-05
2.562721965659875423e-05
2.560081702540628612e-05
2.557962943683378398e-05
2.556750769144855440e-05
2.555030732764862478e-05
2.552537625888362527e-05
2.551076795498374850e-05
2.548069460317492485e-05
2.546365794842131436e-05
2.544790913816541433e-05
2.541873982409015298e-05
2.537817999836988747e-05
2.535114617785438895e-05
2.533671613491605967e-05
2.532917278585955501e-05
2.532101098040584475e-05
2.530096571717876941e-05
2.528331606299616396e-05
2.528101686039008200e-05
2.526452226447872818e-05
2.525814306864049286e-05
2.525307536416221410e-05
2.524698538763914257e-05
2.524247975088655949e-05
2.524466071918141097e-05
2.523786861274857074e-05
2.523441071389243007e-05
2.522645809222012758e-05
2.521961141610518098e-05
2.521101123420521617e-05
2.519548434065654874e-05
2.518945802876260132e-05
2.518163091735914350e-05
2.516633139748591930e-05
2.515408596082124859e-05
2.518013752705883235e-05
2.514464358682744205e-05
2.513717481633648276e-05
2.513099752832204103e-05
2.512598075554706156e-05
2.511507591407280415e-05
2.514212246751412749e-05
2.511392449378035963e-05
2.510959893697872758e-05
2.510250669729430228e-05
2.509865953470580280e-05
2.509356636437587440e-05
2.508036777726374567e-05
2.506997770979069173e-05
2.506177042960189283e-05
2.505421252863015980e-05
2.504603799025062472e-05
2.503948962839785963e-05
2.502038114471361041e-05
2.499778747733216733e-05
2.628696347528602928e-05
2.499536276445724070e-05
2.496753222658298910e-05
2.494855107215698808e-05
2.494054751878138632e-05
2.493424290150869638e-05
2.493062493158504367e-05
2.492134626663755625e-05
2.491449413355439901e-05
2.490425686119124293e-05
2.489973667252343148e-05
2.488162499503232539e-05
2.486965240677818656e-05
2.485743971192277968e-05
2.485319055267609656e-05
2.484751348674762994e-05
2.484172000549733639e-05
2.483805656083859503e-05
2.483600474079139531e-05
2.483480420778505504e-05
2.482613490428775549e-05
2.481797127984464169e-05
2.481683623045682907e-05
2.480312468833290040e-05
2.480009425198659301e-05
2.479094837326556444e-05
2.478285750839859247e-05
2.476924601069185883e-05
2.475268047419376671e-05
2.474131906637921929e-05
2.473601671226788312e-05
2.471964398864656687e-05
2.471101652190554887e-05
2.469441278662998229e-05
2.468322054482996464e-05
2.470283288857899606e-05
2.467965532559901476e-05
2.467168269504327327e-05
2.465852776367682964e-05
2.463828786858357489e-05
2.471894003974739462e-05
2.463206510583404452e-05
2.461272015352733433e-05
2.460007817717269063e-05
2.458861126797273755e-05
2.457374648656696081e-05
2.455729008943308145e-05
2.454002969898283482e-05
2.453146953484974802e-05
2.452523767715319991e-05
2.451445106999017298e-05
2.449249768687877804e-05
2.448130908305756748e-05
2.445577410981059074e-05
2.443347693770192564e-05
2.440240859868936241e-05
2.437165130686480552e-05
2.435422902635764331e-05
2.434265843476168811e-05
2.431991742923855782e-05
2.430189852020703256e-05
2.424972808512393385e-05
2.422979923721868545e-05
2.421518547635059804e-05
2.418936855974607170e-05
2.418428084638435394e-05
2.417426730971783400e-05
2.416526695014908910e-05
2.415422022750135511e-05
2.413986476312857121e-05
2.412993853795342147e-05
2.412108369753696024e-05
2.411437162663787603e-05
2.410504748695529997e-05
2.409659828117582947e-05
2.408562795608304441e-05
2.407109604973811656e-05
2.406969542789738625e-05
2.406205021543428302e-05
2.405255872872658074e-05
2.404729821137152612e-05
2.404127917543519288e-05
2.403488178970292211e-05
2.402930840617045760e-05
2.402120117039885372e-05
2.401056917733512819e-05
2.399320328549947590e-05
2.407593456155154854e-05
2.398010474280454218e-05
2.396817035332787782e-05
2.393758404650725424e-05
2.392812530160881579e-05
2.388998109381645918e-05
2.439236595819238573e-05
2.387934364378452301e-05
2.385551124461926520e-05
2.382323873462155461e-05
2.380424484726972878e-05
2.378564749960787594e-05
2.376245174673385918e-05
2.375265830778516829e-05
2.373184179305098951e-05
2.370276160945650190e-05
2.369354115216992795e-05
2.368236891925334930e-05
2.366949593124445528e-05
2.366567059652879834e-05
2.365940599702298641e-05
2.365145883231889457e-05
2.364263309573289007e-05
2.364818828937131912e-05
2.363532621529884636e-05
2.363056046306155622e-05
2.361947917961515486e-05
2.361628503422252834e-05
2.361239967285655439e-05
2.360580583626870066e-05
2.359914833505172282e-05
2.359607788093853742e-05
2.358863093832042068e-05
2.358274832658935338e-05
2.356867480557411909e-05
2.355984179303050041e-05
2.355683682253584266e-05
2.355195465497672558e-05
2.354952448513358831e-05
2.354425305384211242e-05
2.353749005123972893e-05
2.352972114749718457e-05
2.352269075345247984e-05
2.351420334889553487e-05
2.350296199438162148e-05
2.349236092413775623e-05
2.348227098991628736e-05
2.347269764868542552e-05
2.345211032661609352e-05
2.343462620046921074e-05
2.340637729503214359e-05
2.338436570425983518e-05
2.335904719075188041e-05
2.333463271497748792e-05
2.340833270864095539e-05
2.332213261979632080e-05
2.329855124116875231e-05
2.328055779798887670e-05
2.325621971976943314e-05
2.323039370821788907e-05
2.319286431884393096e-05
2.324384331586770713e-05
2.316969766980037093e-05
2.313571894774213433e-05
2.310007766936905682e-05
2.306745045643765479e-05
2.304108056705445051e-05
2.301696440554223955e-05
2.299833249708171934e-05
2.298179970239289105e-05
2.295911690453067422e-05
2.301284985151141882e-05
2.294730438734404743e-05
2.292798126291017979e-05
2.291203418280929327e-05
2.288835821673274040e-05
2.287815004820004106e-05
2.286828203068580478e-05
2.285875780216883868e-05
2.284503716509789228e-05
2.283050525875296444e-05
2.283533649460878223e-05
2.282633067807182670e-05
2.281746674270834774e-05
2.280745684402063489e-05
2.279189720866270363e-05
2.278079409734345973e-05
2.276386112498585135e-05
2.275313090649433434e-05
2.273392601637169719e-05
2.271795528940856457e-05
2.277074963785707951e-05
2.271099947392940521e-05
2.269165815960150212e-05
2.267185482196509838e-05
2.265572402393445373e-05
2.263982241856865585e-05
2.261549889226444066e-05
2.257740015920717269e-05
2.257869527966249734e-05
2.255835715914145112e-05
2.252517515444196761e-05
2.248502096335869282e-05
2.245343603135552257e-05
2.241660331492312253e-05
2.240343019366264343e-05
2.238488377770408988e-05
2.237309672636911273e-05
