3.017179250717163086e+00
7.541725039482116699e-01
1.262436151504516602e+00
7.061660289764404297e-01
6.988857388496398926e-01
6.945983171463012695e-01
6.945391893386840820e-01
6.943290829658508301e-01
6.943128705024719238e-01
6.941403150558471680e-01
6.939639449119567871e-01
6.938365697860717773e-01
6.937001943588256836e-01
6.936109662055969238e-01
6.932689547538757324e-01
6.929323077201843262e-01
6.923230290412902832e-01
6.916432976722717285e-01
6.911374330520629883e-01
6.909531950950622559e-01
6.911277770996093750e-01
6.908947825431823730e-01
6.908270120620727539e-01
6.907104849815368652e-01
6.906282305717468262e-01
6.905648112297058105e-01
6.904329657554626465e-01
6.907778978347778320e-01
6.903882026672363281e-01
6.902581453323364258e-01
6.901727318763732910e-01
6.900632381439208984e-01
6.897540688514709473e-01
6.895257830619812012e-01
6.891656517982482910e-01
6.981296539306640625e-01
6.881133913993835449e-01
6.868749856948852539e-01
6.863182783126831055e-01
6.955152153968811035e-01
6.840066313743591309e-01
6.804144978523254395e-01
6.777824163436889648e-01
6.745284199714660645e-01
6.718908548355102539e-01
6.668377518653869629e-01
6.573820114135742188e-01
6.491293907165527344e-01
7.099519968032836914e-01
6.321966052055358887e-01
6.183192729949951172e-01
6.146252751350402832e-01
5.709432363510131836e-01
5.530588030815124512e-01
5.453038215637207031e-01
5.204871892929077148e-01
5.087807774543762207e-01
4.825342595577239990e-01
4.565773010253906250e-01
4.298050403594970703e-01
4.013500511646270752e-01
3.260108828544616699e-01
3.185376822948455811e-01
3.078898191452026367e-01
2.877538800239562988e-01
2.902499735355377197e-01
2.760052382946014404e-01
2.707609236240386963e-01
2.588832080364227295e-01
2.531093657016754150e-01
2.477040886878967285e-01
2.422247231006622314e-01
2.380241900682449341e-01
2.324801087379455566e-01
2.240185141563415527e-01
2.127613425254821777e-01
2.026987969875335693e-01
2.130804955959320068e-01
1.959166526794433594e-01
1.947675645351409912e-01
1.909527480602264404e-01
1.888590157032012939e-01
1.864323914051055908e-01
1.843102574348449707e-01
1.818905323743820190e-01
1.791547089815139771e-01
1.753873825073242188e-01
1.709583401679992676e-01
1.689104288816452026e-01
1.665384769439697266e-01
1.645537614822387695e-01
1.633728146553039551e-01
1.617145985364913940e-01
1.607020795345306396e-01
1.595917195081710815e-01
1.577656120061874390e-01
1.554012149572372437e-01
1.537741720676422119e-01
1.499150246381759644e-01
1.454972326755523682e-01
1.493715941905975342e-01
1.418677121400833130e-01
1.415665000677108765e-01
1.361398249864578247e-01
1.321561187505722046e-01
1.255316883325576782e-01
1.130007728934288025e-01
2.455876767635345459e-01
1.070194691419601440e-01
1.256275922060012817e-01
9.544876217842102051e-02
9.038463979959487915e-02
9.021397680044174194e-02
8.819623291492462158e-02
8.773501962423324585e-02
8.752167224884033203e-02
8.671162277460098267e-02
8.582930266857147217e-02
8.488495647907257080e-02
8.290144801139831543e-02
8.158016204833984375e-02
7.947431504726409912e-02
7.869093120098114014e-02
7.825711369514465332e-02
7.782997936010360718e-02
7.761688530445098877e-02
7.737996429204940796e-02
7.705608010292053223e-02
7.639607042074203491e-02
7.525876909494400024e-02
7.400812953710556030e-02
7.250255346298217773e-02
7.146180421113967896e-02
6.994156539440155029e-02
6.876105815172195435e-02
6.820887327194213867e-02
6.775566935539245605e-02
6.735407561063766479e-02
6.699185073375701904e-02
6.662470102310180664e-02
6.641394644975662231e-02
6.602066755294799805e-02
6.477837264537811279e-02
6.303481012582778931e-02
6.146902218461036682e-02
6.044099479913711548e-02
5.940639972686767578e-02
5.819221585988998413e-02
5.683557689189910889e-02
5.594512075185775757e-02
5.500996112823486328e-02
5.424701794981956482e-02
5.386175960302352905e-02
5.351016670465469360e-02
5.316347628831863403e-02
5.284062027931213379e-02
5.266702175140380859e-02
5.255286395549774170e-02
5.234529078006744385e-02
5.187817662954330444e-02
5.150100588798522949e-02
5.109141021966934204e-02
5.074298381805419922e-02
5.053527653217315674e-02
5.028453469276428223e-02
5.010217428207397461e-02
4.998912662267684937e-02
4.980518668889999390e-02
4.933253303170204163e-02
4.877261817455291748e-02
4.822908714413642883e-02
4.803787171840667725e-02
4.796046763658523560e-02
4.792889952659606934e-02
4.785083979368209839e-02
4.768706858158111572e-02
4.743684083223342896e-02
4.707805812358856201e-02
4.681535437703132629e-02
4.660668969154357910e-02
4.658056795597076416e-02
4.656887054443359375e-02
4.655239358544349670e-02
4.649248719215393066e-02
4.641683399677276611e-02
4.615943878889083862e-02
4.566960036754608154e-02
4.538727551698684692e-02
4.436906427145004272e-02
4.377961903810501099e-02
4.347045719623565674e-02
4.337321966886520386e-02
4.328902810811996460e-02
4.325640201568603516e-02
4.321381077170372009e-02
4.316545650362968445e-02
4.309386759996414185e-02
4.296498745679855347e-02
4.273736849427223206e-02
4.237657040357589722e-02
4.217739030718803406e-02
4.210253804922103882e-02
4.195923358201980591e-02
4.181844368577003479e-02
4.169127345085144043e-02
4.257959872484207153e-02
4.163128137588500977e-02
4.150915145874023438e-02
4.138727113604545593e-02
4.130957275629043579e-02
4.125368595123291016e-02
4.120453447103500366e-02
4.114982485771179199e-02
4.108535498380661011e-02
4.096569493412971497e-02
4.084437340497970581e-02
4.076202586293220520e-02
4.069475829601287842e-02
4.060173034667968750e-02
4.036164656281471252e-02
4.020331799983978271e-02
3.983226791024208069e-02
3.960109502077102661e-02
3.958142548799514771e-02
3.949448466300964355e-02
3.943387791514396667e-02
3.941488265991210938e-02
3.939593583345413208e-02
3.937897458672523499e-02
3.935366868972778320e-02
3.930070251226425171e-02
3.921764343976974487e-02
3.906187415122985840e-02
3.882395848631858826e-02
3.855974227190017700e-02
3.899118304252624512e-02
3.841260448098182678e-02
3.815815597772598267e-02
3.769855201244354248e-02
3.696511685848236084e-02
3.597711026668548584e-02
3.669761121273040771e-02
3.548200055956840515e-02
3.508362919092178345e-02
3.474491834640502930e-02
3.457669913768768311e-02
3.434793651103973389e-02
3.414875641465187073e-02
3.401615098118782043e-02
3.392816707491874695e-02
3.385611623525619507e-02
3.380888327956199646e-02
3.373499214649200439e-02
3.365159779787063599e-02
3.356091305613517761e-02
3.335168212652206421e-02
3.323329985141754150e-02
3.304283320903778076e-02
3.275073319673538208e-02
3.248554840683937073e-02
3.198377415537834167e-02
3.182293102145195007e-02
3.164843097329139709e-02
3.137204423546791077e-02
3.171095252037048340e-02
3.112264350056648254e-02
3.089676424860954285e-02
3.076227940618991852e-02
3.044427558779716492e-02
3.020933456718921661e-02
2.991236746311187744e-02
2.943646162748336792e-02
2.900715544819831848e-02
2.850209549069404602e-02
2.802438661456108093e-02
2.840655669569969177e-02
2.788995951414108276e-02
2.769945934414863586e-02
2.741668000817298889e-02
2.712463028728961945e-02
2.688293531537055969e-02
2.665202319622039795e-02
2.644021622836589813e-02
2.627889439463615417e-02
2.617889083921909332e-02
2.612570486962795258e-02
2.604562044143676758e-02
2.592603862285614014e-02
2.576547674834728241e-02
2.564213424921035767e-02
2.548158541321754456e-02
2.534408494830131531e-02
2.514184266328811646e-02
2.493231371045112610e-02
2.579874917864799500e-02
2.487902715802192688e-02
2.472791448235511780e-02
2.451467886567115784e-02
2.420263364911079407e-02
2.389042638242244720e-02
2.356334775686264038e-02
2.331962995231151581e-02
2.318258583545684814e-02
2.311199717223644257e-02
2.302242815494537354e-02
2.291490510106086731e-02
2.290985547006130219e-02
2.285343781113624573e-02
2.279037609696388245e-02
2.275593951344490051e-02
2.273691073060035706e-02
2.271842956542968750e-02
2.269736677408218384e-02
2.266910299658775330e-02
2.263739332556724548e-02
2.255959063768386841e-02
2.238548174500465393e-02
2.210131287574768066e-02
2.183276787400245667e-02
2.153677679598331451e-02
2.139172889292240143e-02
2.132524549961090088e-02
2.128627523779869080e-02
2.122379094362258911e-02
2.116311900317668915e-02
2.107784524559974670e-02
2.102469280362129211e-02
2.091593481600284576e-02
2.086946368217468262e-02
2.081350423395633698e-02
2.076989226043224335e-02
2.067461609840393066e-02
2.057239413261413574e-02
2.047224901616573334e-02
2.048208937048912048e-02
2.042949944734573364e-02
2.037658728659152985e-02
2.027966082096099854e-02
2.019904367625713348e-02
2.017369493842124939e-02
2.014459669589996338e-02
2.005751058459281921e-02
1.998975872993469238e-02
1.990392617881298065e-02
1.977918110787868500e-02
1.960383355617523193e-02
1.946014910936355591e-02
1.935084909200668335e-02
1.930650323629379272e-02
1.926860213279724121e-02
1.924499124288558960e-02
1.922458596527576447e-02
1.920865476131439209e-02
1.918648742139339447e-02
1.916638389229774475e-02
1.914438977837562561e-02
1.911444030702114105e-02
1.907584071159362793e-02
1.901953108608722687e-02
1.890637353062629700e-02
1.874667964875698090e-02
1.845509558916091919e-02
1.839890331029891968e-02
1.828446798026561737e-02
1.802379265427589417e-02
1.786696724593639374e-02
1.777065545320510864e-02
1.770887337625026703e-02
1.767438650131225586e-02
1.763880811631679535e-02
1.758221536874771118e-02
1.755734905600547791e-02
1.752934418618679047e-02
1.751168072223663330e-02
1.749073714017868042e-02
1.750219985842704773e-02
1.747890561819076538e-02
1.745347864925861359e-02
1.741933077573776245e-02
1.735669746994972229e-02
1.723860949277877808e-02
1.706838980317115784e-02
1.698930561542510986e-02
1.690288446843624115e-02
1.658412627875804901e-02
1.657538861036300659e-02
1.640300266444683075e-02
1.639204286038875580e-02
1.619340851902961731e-02
1.615924574434757233e-02
1.609813794493675232e-02
1.600750163197517395e-02
1.594507694244384766e-02
1.589542999863624573e-02
1.586586423218250275e-02
1.585024595260620117e-02
1.583838090300559998e-02
1.582234352827072144e-02
1.580365374684333801e-02
1.581039093434810638e-02
1.579803042113780975e-02
1.583064347505569458e-02
1.578362286090850830e-02
1.577153801918029785e-02
1.574167795479297638e-02
1.570941321551799774e-02
1.565851271152496338e-02
1.561274752020835876e-02
1.556979306042194366e-02
1.553488336503505707e-02
1.550334133207798004e-02
1.546964980661869049e-02
1.543115451931953430e-02
1.539210416376590729e-02
1.535801589488983154e-02
1.530431024730205536e-02
1.526581868529319763e-02
1.525432989001274109e-02
1.523729041218757629e-02
1.522242277860641479e-02
1.521537266671657562e-02
1.520823128521442413e-02
1.525508984923362732e-02
1.519124954938888550e-02
1.518021896481513977e-02
1.517739333212375641e-02
1.516206935048103333e-02
1.514564268290996552e-02
1.513208262622356415e-02
1.507655158638954163e-02
1.502118166536092758e-02
1.505867112427949905e-02
1.498787850141525269e-02
1.492987945675849915e-02
1.487676054239273071e-02
1.484371535480022430e-02
1.480659469962120056e-02
1.477401796728372574e-02
1.475343666970729828e-02
1.473089121282100677e-02
1.468177698552608490e-02
1.468932721763849258e-02
1.465866528451442719e-02
1.463895756751298904e-02
1.462995633482933044e-02
1.461847499012947083e-02
1.462160050868988037e-02
1.461314596235752106e-02
1.460402365773916245e-02
1.458691060543060303e-02
1.456779334694147110e-02
1.454666070640087128e-02
1.452465355396270752e-02
1.449408847838640213e-02
1.446236111223697662e-02
1.443295553326606750e-02
1.440763659775257111e-02
1.438337936997413635e-02
1.435279473662376404e-02
1.430217921733856201e-02
1.424393896013498306e-02
1.418533176183700562e-02
1.413487829267978668e-02
1.410693489015102386e-02
1.408036239445209503e-02
1.406216714531183243e-02
1.402640528976917267e-02
1.399457734078168869e-02
1.396329328417778015e-02
1.393882371485233307e-02
1.392196118831634521e-02
1.389463618397712708e-02
1.387323439121246338e-02
1.384440157562494278e-02
1.381715014576911926e-02
1.378519274294376373e-02
1.423091813921928406e-02
1.377084199339151382e-02
1.373936142772436142e-02
1.369780115783214569e-02
1.365889236330986023e-02
1.361187919974327087e-02
1.357161253690719604e-02
1.352996565401554108e-02
1.349918544292449951e-02
1.345417741686105728e-02
1.337404921650886536e-02
1.318251434713602066e-02
1.323070004582405090e-02
1.311752013862133026e-02
1.305176876485347748e-02
1.297846157103776932e-02
1.297895703464746475e-02
1.295346301048994064e-02
1.293200533837080002e-02
1.291024312376976013e-02
1.288626156747341156e-02
1.287090592086315155e-02
1.285313162952661514e-02
1.283145695924758911e-02
1.280463486909866333e-02
1.278253272175788879e-02
1.276302617043256760e-02
1.274220086634159088e-02
1.272284612059593201e-02
1.269257068634033203e-02
1.264796126633882523e-02
1.256588846445083618e-02
1.244704611599445343e-02
1.248164661228656769e-02
1.232521608471870422e-02
1.221754122525453568e-02
1.245926227420568466e-02
1.212835870683193207e-02
1.207070145756006241e-02
1.199438795447349548e-02
1.189874950796365738e-02
1.181019749492406845e-02
1.171081420034170151e-02
1.163988467305898666e-02
1.159148011356592178e-02
1.153850834816694260e-02
1.149741373956203461e-02
1.142076216638088226e-02
1.128385215997695923e-02
1.113454531878232956e-02
1.101288199424743652e-02
1.088058017194271088e-02
1.084125135093927383e-02
1.073154434561729431e-02
1.069052331149578094e-02
1.063171681016683578e-02
1.054354570806026459e-02
1.050348207354545593e-02
1.046448759734630585e-02
1.043163798749446869e-02
1.040333323180675507e-02
1.037104986608028412e-02
1.034692209213972092e-02
1.033183559775352478e-02
1.031138654798269272e-02
1.029642019420862198e-02
1.028542034327983856e-02
1.026964094489812851e-02
1.025218237191438675e-02
1.021339185535907745e-02
1.018221303820610046e-02
1.014643535017967224e-02
1.011859159916639328e-02
1.009822543710470200e-02
1.006447803229093552e-02
1.001787744462490082e-02
9.951888583600521088e-03
9.914453141391277313e-03
9.859021753072738647e-03
9.796442463994026184e-03
9.802306070923805237e-03
9.737101383507251740e-03
9.675005450844764709e-03
9.603038430213928223e-03
9.564804844558238983e-03
9.518296457827091217e-03
9.462138637900352478e-03
9.428396821022033691e-03
9.391188621520996094e-03
9.370852261781692505e-03
9.362113662064075470e-03
9.338482283055782318e-03
9.300924837589263916e-03
9.221004322171211243e-03
9.476038627326488495e-03
9.191522374749183655e-03
9.095473214983940125e-03
9.025821462273597717e-03
8.976790122687816620e-03
8.938340470194816589e-03
8.903453126549720764e-03
8.870891295373439789e-03
8.828214369714260101e-03
8.794720284640789032e-03
8.763725869357585907e-03
8.724838495254516602e-03
8.652566000819206238e-03
8.634240366518497467e-03
8.608631789684295654e-03
8.590089157223701477e-03
8.576586842536926270e-03
8.565830998122692108e-03
8.542248979210853577e-03
8.506652899086475372e-03
8.475417271256446838e-03
8.458947762846946716e-03
8.447906933724880219e-03
8.433632552623748779e-03
8.416038006544113159e-03
8.416675962507724762e-03
8.401162922382354736e-03
8.385927416384220123e-03
8.365499787032604218e-03
8.342037908732891083e-03
8.310602046549320221e-03
8.272398263216018677e-03
8.231519721448421478e-03
8.207822218537330627e-03
8.178196847438812256e-03
8.146651089191436768e-03
8.100949227809906006e-03
8.051251992583274841e-03
8.012863807380199432e-03
7.983029820024967194e-03
7.964678108692169189e-03
7.943771779537200928e-03
7.923582568764686584e-03
7.901024073362350464e-03
7.877239026129245758e-03
7.853808812797069550e-03
7.817616686224937439e-03
7.770296186208724976e-03
7.718187756836414337e-03
7.670252583920955658e-03
7.653432898223400116e-03
7.629101164638996124e-03
7.619787007570266724e-03
7.600808516144752502e-03
7.596238981932401657e-03
7.577455602586269379e-03
7.570873945951461792e-03
7.561272010207176208e-03
7.550585549324750900e-03
7.546837441623210907e-03
7.535426411777734756e-03
7.528816349804401398e-03
7.513173855841159821e-03
7.484423927962779999e-03
7.473173085600137711e-03
7.417003624141216278e-03
7.380474358797073364e-03
7.335046306252479553e-03
7.294926792383193970e-03
7.265254855155944824e-03
7.247510366141796112e-03
7.232564501464366913e-03
7.218898739665746689e-03
7.197492755949497223e-03
7.178950589150190353e-03
7.166254799813032150e-03
7.153912913054227829e-03
7.134073879569768906e-03
7.097166031599044800e-03
7.052600383758544922e-03
7.006896194070577621e-03
6.969969253987073898e-03
6.882327608764171600e-03
6.842548958957195282e-03
6.813450716435909271e-03
6.784167140722274780e-03
6.758756469935178757e-03
6.722859106957912445e-03
6.708083674311637878e-03
6.698692217469215393e-03
6.677767261862754822e-03
6.667523179203271866e-03
6.670428439974784851e-03
6.654663011431694031e-03
6.643598899245262146e-03
6.633693352341651917e-03
6.626723799854516983e-03
6.615295074880123138e-03
6.596697028726339340e-03
6.579264067113399506e-03
6.609281525015830994e-03
6.563754752278327942e-03
6.531137041747570038e-03
6.503960117697715759e-03
6.473677232861518860e-03
6.454729009419679642e-03
6.441733799874782562e-03
6.413791794329881668e-03
6.380457896739244461e-03
6.345324683934450150e-03
6.288338452577590942e-03
6.260911468416452408e-03
6.230096332728862762e-03
6.203925237059593201e-03
6.161848083138465881e-03
6.132500711828470230e-03
6.108412519097328186e-03
6.096382625401020050e-03
6.083547137677669525e-03
6.071845535188913345e-03
6.066756322979927063e-03
6.045063957571983337e-03
6.026143208146095276e-03
6.036566570401191711e-03
6.007289513945579529e-03
5.984419025480747223e-03
5.970583297312259674e-03
5.951615050435066223e-03
5.938026122748851776e-03
5.917383357882499695e-03
5.900677293539047241e-03
5.875111557543277740e-03
5.850454792380332947e-03
5.827237851917743683e-03
5.803438834846019745e-03
5.768899805843830109e-03
5.732757039368152618e-03
5.694586783647537231e-03
5.642993375658988953e-03
5.561844445765018463e-03
5.484404973685741425e-03
5.535916425287723541e-03
5.444372538477182388e-03
5.397017113864421844e-03
5.379982292652130127e-03
5.348996259272098541e-03
5.326222628355026245e-03
5.300931166857481003e-03
5.275699775665998459e-03
5.245809908956289291e-03
5.219046026468276978e-03
5.189893301576375961e-03
5.162190180271863937e-03
5.132739897817373276e-03
5.104761570692062378e-03
5.087529774755239487e-03
5.074077285826206207e-03
5.061557050794363022e-03
5.041913129389286041e-03
5.036540795117616653e-03
5.012337584048509598e-03
5.003005266189575195e-03
4.986814223229885101e-03
4.969013389199972153e-03
4.958414472639560699e-03
4.945212509483098984e-03
4.929346498101949692e-03
4.914543125778436661e-03
4.902269691228866577e-03
4.885616712272167206e-03
4.869579803198575974e-03
4.854640923440456390e-03
4.874255042523145676e-03
4.842634312808513641e-03
4.823578055948019028e-03
4.814239218831062317e-03
4.808339290320873260e-03
4.793175030499696732e-03
4.777764901518821716e-03
4.766868427395820618e-03
4.759283736348152161e-03
4.754891619086265564e-03
4.748411942273378372e-03
4.739665426313877106e-03
4.726327024400234222e-03
4.711206071078777313e-03
4.726307466626167297e-03
4.695096984505653381e-03
4.675760399550199509e-03
4.662783816456794739e-03
4.646822810173034668e-03
4.638364538550376892e-03
4.620004445314407349e-03
4.593828693032264709e-03
4.566079005599021912e-03
4.551679827272891998e-03
4.541156813502311707e-03
4.532242193818092346e-03
4.519748967140913010e-03
4.515667911618947983e-03
4.510798957198858261e-03
4.506916739046573639e-03
4.501512274146080017e-03
4.495100118219852448e-03
4.483190830796957016e-03
4.475888330489397049e-03
4.468264058232307434e-03
4.463437013328075409e-03
4.458788782358169556e-03
4.452615976333618164e-03
4.449800122529268265e-03
4.446556791663169861e-03
4.440428689122200012e-03
4.433937370777130127e-03
4.433648660778999329e-03
4.424805287271738052e-03
4.412883892655372620e-03
4.396160133183002472e-03
4.382395185530185699e-03
4.366188310086727142e-03
4.351357463747262955e-03
4.335518926382064819e-03
4.319642670452594757e-03
4.302908200770616531e-03
4.288156516849994659e-03
4.281348548829555511e-03
4.244104493409395218e-03
4.203618504106998444e-03
4.139078781008720398e-03
4.068978596478700638e-03
4.101582337170839310e-03
4.018256906419992447e-03
3.977658227086067200e-03
3.967788070440292358e-03
3.940005786716938019e-03
3.927942831069231033e-03
3.909428603947162628e-03
3.892983775585889816e-03
3.872275818139314651e-03
3.863550722599029541e-03
3.850634209811687469e-03
3.833543974906206131e-03
3.813533810898661613e-03
3.782924031838774681e-03
3.759603016078472137e-03
3.747259732335805893e-03
3.734268713742494583e-03
3.720981301739811897e-03
3.705397946760058403e-03
3.669900819659233093e-03
3.629701444879174232e-03
3.785464446991682053e-03
3.606920130550861359e-03
3.571580629795789719e-03
3.715719562023878098e-03
3.551331348717212677e-03
3.506226465106010437e-03
3.490888047963380814e-03
3.471469506621360779e-03
3.451279830187559128e-03
3.434509038925170898e-03
3.406050615012645721e-03
3.385917283594608307e-03
3.365408629179000854e-03
3.355831140652298927e-03
3.337206086143851280e-03
3.325814148411154747e-03
3.311247099190950394e-03
3.292181994765996933e-03
3.283749800175428391e-03
3.275751601904630661e-03
3.263691905885934830e-03
3.251031041145324707e-03
3.242602106183767319e-03
3.227901645004749298e-03
3.207166679203510284e-03
3.179730847477912903e-03
3.138837404549121857e-03
3.126078285276889801e-03
3.106751944869756699e-03
3.069564700126647949e-03
3.043947275727987289e-03
3.031938569620251656e-03
3.024130593985319138e-03
3.017252776771783829e-03
3.009889042004942894e-03
3.001010743901133537e-03
2.983235754072666168e-03
2.961374819278717041e-03
2.933031879365444183e-03
2.901914762333035469e-03
2.861280692741274834e-03
2.844459377229213715e-03
2.819973276928067207e-03
2.808311255648732185e-03
2.793294843286275864e-03
2.784825861454010010e-03
2.777771558612585068e-03
2.769043436273932457e-03
2.757655456662178040e-03
2.728389576077461243e-03
3.183052875101566315e-03
2.719506388530135155e-03
2.697191201150417328e-03
2.709661843255162239e-03
2.684301696717739105e-03
2.670958405360579491e-03
2.657409058883786201e-03
2.650286303833127022e-03
2.645894186571240425e-03
2.643994055688381195e-03
2.641628263518214226e-03
2.636004472151398659e-03
2.627137815579771996e-03
2.608390990644693375e-03
2.590757329016923904e-03
2.580727916210889816e-03
2.563460264354944229e-03
2.553616883233189583e-03
2.542173722758889198e-03
2.534433035179972649e-03
2.527709584683179855e-03
2.522571710869669914e-03
2.516963286325335503e-03
2.509654965251684189e-03
2.502916846424341202e-03
2.497662557289004326e-03
2.493612701073288918e-03
2.491222461685538292e-03
2.489299513399600983e-03
2.484973752871155739e-03
2.481102710589766502e-03
2.488894155248999596e-03
2.478781389072537422e-03
2.473514992743730545e-03
2.470745705068111420e-03
2.467563375830650330e-03
2.464041579514741898e-03
2.461229916661977768e-03
2.458278555423021317e-03
2.455953508615493774e-03
2.459593582898378372e-03
2.454641042277216911e-03
2.452925313264131546e-03
2.450469415634870529e-03
2.447454258799552917e-03
2.443630248308181763e-03
2.437946852296590805e-03
2.433938905596733093e-03
2.436646027490496635e-03
2.430677646771073341e-03
2.426231745630502701e-03
2.421458484604954720e-03
2.416822127997875214e-03
2.408933127298951149e-03
2.403212245553731918e-03
2.395303221419453621e-03
2.388020977377891541e-03
2.377310069277882576e-03
2.371144481003284454e-03
2.366572851315140724e-03
2.362399827688932419e-03
2.358114812523126602e-03
2.353806747123599052e-03
2.349692163988947868e-03
2.345269313082098961e-03
2.342029009014368057e-03
2.342481398954987526e-03
2.339828060939908028e-03
2.337531652301549911e-03
2.333707641810178757e-03
2.329708542674779892e-03
2.325612120330333710e-03
2.315011341124773026e-03
2.304547000676393509e-03
2.296229125931859016e-03
2.289443276822566986e-03
2.285893075168132782e-03
2.271947683766484261e-03
2.256579231470823288e-03
2.242317190393805504e-03
2.235407009720802307e-03
2.221769653260707855e-03
2.216447610408067703e-03
2.207105280831456184e-03
2.202127594500780106e-03
2.198026515543460846e-03
2.193136140704154968e-03
2.189812716096639633e-03
2.188086044043302536e-03
2.186496742069721222e-03
2.187590114772319794e-03
2.185277640819549561e-03
2.182861324399709702e-03
2.176708076149225235e-03
2.170964144170284271e-03
2.162871882319450378e-03
2.207974670454859734e-03
2.155401511117815971e-03
2.145610749721527100e-03
2.129758708178997040e-03
2.115958603098988533e-03
2.098755910992622375e-03
2.088487148284912109e-03
2.085455227643251419e-03
2.081778366118669510e-03
2.079903148114681244e-03
2.077162731438875198e-03
2.073535230010747910e-03
2.071084221825003624e-03
2.066054381430149078e-03
2.058964921161532402e-03
2.051265910267829895e-03
2.049581846222281456e-03
2.032997319474816322e-03
2.026857109740376472e-03
2.022246597334742546e-03
2.017928054556250572e-03
2.014195546507835388e-03
2.008898649364709854e-03
2.005472779273986816e-03
2.002196619287133217e-03
1.996221719309687614e-03
1.990099903196096420e-03
1.981985289603471756e-03
1.976259984076023102e-03
1.980720087885856628e-03
1.965188886970281601e-03
1.957157859578728676e-03
1.951121143065392971e-03
1.946350093930959702e-03
1.943722832947969437e-03
1.941557391546666622e-03
1.939165405929088593e-03
1.937345834448933601e-03
1.934269792400300503e-03
1.930600730702280998e-03
1.926303608343005180e-03
1.921942690387368202e-03
1.914468826726078987e-03
1.906881341710686684e-03
1.899490831419825554e-03
1.890902291052043438e-03
1.884335419163107872e-03
1.877988921478390694e-03
1.870611100457608700e-03
1.865935628302395344e-03
1.862273318693041801e-03
1.858413452282547951e-03
1.855550333857536316e-03
1.853037043474614620e-03
1.850447966717183590e-03
1.846655737608671188e-03
1.842082827351987362e-03
1.836334122344851494e-03
1.833210699260234833e-03
1.829088898375630379e-03
1.824525534175336361e-03
1.819158555008471012e-03
1.812850940041244030e-03
1.816413132473826408e-03
1.808366272598505020e-03
1.797312987037003040e-03
1.782260020263493061e-03
1.763172913342714310e-03
1.757204532623291016e-03
1.740040956065058708e-03
1.732267788611352444e-03
1.723125693388283253e-03
1.713850651867687702e-03
1.699957880191504955e-03
1.686815172433853149e-03
1.674500177614390850e-03
1.664863666519522667e-03
1.654385123401880264e-03
1.649741781875491142e-03
1.643007155507802963e-03
1.639402355067431927e-03
1.635852269828319550e-03
1.631702063605189323e-03
1.625992590561509132e-03
1.621372299268841743e-03
1.616713823750615120e-03
1.611092593520879745e-03
1.606150763109326363e-03
1.602513366378843784e-03
1.596451038494706154e-03
1.593322143889963627e-03
1.589258667081594467e-03
1.587732695043087006e-03
1.582254073582589626e-03
1.579437637701630592e-03
1.576984301209449768e-03
1.574474386870861053e-03
1.570885768160223961e-03
1.564311911351978779e-03
1.561352284625172615e-03
1.559584285132586956e-03
1.552554196678102016e-03
1.543726073578000069e-03
1.540990080684423447e-03
1.537920325063169003e-03
1.535452436655759811e-03
1.532878377474844456e-03
1.531096757389605045e-03
1.527642365545034409e-03
1.523794257082045078e-03
1.518730306997895241e-03
1.512512681074440479e-03
1.508399262093007565e-03
1.504096318967640400e-03
1.498874393291771412e-03
1.492317183874547482e-03
1.486839842982590199e-03
1.481955638155341148e-03
1.476859208196401596e-03
1.471793279051780701e-03
1.468781381845474243e-03
1.466491725295782089e-03
1.464727334678173065e-03
1.462592626921832561e-03
1.459981082007288933e-03
1.457447418943047523e-03
1.455671852454543114e-03
1.450034091249108315e-03
1.447110553272068501e-03
1.441091764718294144e-03
1.436072634533047676e-03
1.431620446965098381e-03
1.427481882274150848e-03
1.424513757228851318e-03
1.421657041646540165e-03
1.418927568010985851e-03
1.415795064531266689e-03
1.411790028214454651e-03
1.405286719091236591e-03
1.401201821863651276e-03
1.397806219756603241e-03
1.395163475535809994e-03
1.392846228554844856e-03
1.389878685586154461e-03
1.385405077598989010e-03
1.381399342790246010e-03
1.378085231408476830e-03
1.373801147565245628e-03
1.368826371617615223e-03
1.364298863336443901e-03
1.358883921056985855e-03
1.355700311250984669e-03
1.353360596112906933e-03
1.351851969957351685e-03
1.350164646282792091e-03
1.348383375443518162e-03
1.347027719020843506e-03
1.344396965578198433e-03
1.342799165286123753e-03
1.340208342298865318e-03
1.338943140581250191e-03
1.336194342002272606e-03
1.334085478447377682e-03
1.332634245045483112e-03
1.332465559244155884e-03
1.331722829490900040e-03
1.330124796368181705e-03
1.328299404121935368e-03
1.324394252151250839e-03
1.322665717452764511e-03
1.318766037002205849e-03
1.315817818976938725e-03
1.313993358053267002e-03
1.317750429734587669e-03
1.313330722041428089e-03
1.312334556132555008e-03
1.310388790443539619e-03
1.309511833824217319e-03
1.308312988840043545e-03
1.307322992943227291e-03
1.306003425270318985e-03
1.303967321291565895e-03
1.301013864576816559e-03
1.295750611461699009e-03
1.288304803892970085e-03
1.287518651224672794e-03
1.284425263293087482e-03
1.277860836125910282e-03
1.274730544537305832e-03
1.271782093681395054e-03
1.269761589355766773e-03
1.266572624444961548e-03
1.266581006348133087e-03
1.264389255084097385e-03
1.261750236153602600e-03
1.257880008779466152e-03
1.255406998097896576e-03
1.252148882485926151e-03
1.248585293069481850e-03
1.244775368832051754e-03
1.239885808899998665e-03
1.233754097484052181e-03
1.228693057782948017e-03
1.222167280502617359e-03
1.216619974002242088e-03
1.213400624692440033e-03
1.211656606756150723e-03
1.210282556712627411e-03
1.208318397402763367e-03
1.204411615617573261e-03
1.198433688841760159e-03
1.190800685435533524e-03
1.304522855207324028e-03
1.188639784231781960e-03
1.179159851744771004e-03
1.173088559880852699e-03
1.167549518868327141e-03
1.163129112683236599e-03
1.157881575636565685e-03
1.151015749201178551e-03
1.144182868301868439e-03
1.138689229264855385e-03
1.133558689616620541e-03
1.127633033320307732e-03
1.122979563660919666e-03
1.118886284530162811e-03
1.116872299462556839e-03
1.115142600610852242e-03
1.113169593736529350e-03
1.111942226998507977e-03
1.109378645196557045e-03
1.107527292333543301e-03
1.104958588257431984e-03
1.102549023926258087e-03
1.099747838452458382e-03
1.093581435270607471e-03
1.090824604034423828e-03
1.085110474377870560e-03
1.080578193068504333e-03
1.076757791452109814e-03
1.071816775947809219e-03
1.069782418198883533e-03
1.067131292074918747e-03
1.064954907633364201e-03
1.062582596205174923e-03
1.060010516084730625e-03
1.056884415447711945e-03
1.053239800967276096e-03
1.049195416271686554e-03
1.058712136000394821e-03
1.048267818987369537e-03
1.045888871885836124e-03
1.043486525304615498e-03
1.040393719449639320e-03
1.037148060277104378e-03
1.035698805935680866e-03
1.032509142532944679e-03
1.030834391713142395e-03
1.029604347422719002e-03
1.028534141369163990e-03
1.027045771479606628e-03
1.025855424813926220e-03
1.024817232973873615e-03
1.024158205837011337e-03
1.023605233058333397e-03
1.022652490064501762e-03
1.021625823341310024e-03
1.019993098452687263e-03
1.019461196847259998e-03
1.059020985849201679e-03
1.018160488456487656e-03
1.015753601677715778e-03
1.013535074889659882e-03
1.010732958093285561e-03
1.008188701234757900e-03
1.005593221634626389e-03
1.003403216600418091e-03
1.000971067696809769e-03
9.990974795073270798e-04
9.973113192245364189e-04
9.963517077267169952e-04
9.951774263754487038e-04
9.938420262187719345e-04
9.924583137035369873e-04
9.910871740430593491e-04
9.912847308441996574e-04
9.901376906782388687e-04
9.889451321214437485e-04
9.865919128060340881e-04
9.856659453362226486e-04
9.840985294431447983e-04
9.832311188802123070e-04
9.824108565226197243e-04
9.827107423916459084e-04
9.817132959142327309e-04
9.800366824492812157e-04
9.772493503987789154e-04
9.730533929541707039e-04
9.772356133908033371e-04
9.715751511976122856e-04
9.684350807219743729e-04
9.721537935547530651e-04
9.666840196587145329e-04
9.653255110606551170e-04
9.647343540564179420e-04
9.629940614104270935e-04
9.620012715458869934e-04
9.605902014300227165e-04
9.595025330781936646e-04
9.584495564922690392e-04
9.573823190294206142e-04
9.559352183714509010e-04
9.545277571305632591e-04
9.530504466965794563e-04
9.521509637124836445e-04
9.518258157186210155e-04
9.512451943010091782e-04
9.507765062153339386e-04
9.494441328570246696e-04
9.483930189162492752e-04
9.465783950872719288e-04
9.451320511288940907e-04
9.435124811716377735e-04
9.412304498255252838e-04
9.394437656737864017e-04
9.376091766171157360e-04
9.382602293044328690e-04
9.368273313157260418e-04
9.355531074106693268e-04
9.328190353699028492e-04
9.310275781899690628e-04
9.318386437371373177e-04
9.300096426159143448e-04
9.284888510592281818e-04
9.276037453673779964e-04
9.270438458770513535e-04
9.264671825803816319e-04
9.261268423870205879e-04
9.250411530956625938e-04
9.244304383173584938e-04
9.235470788553357124e-04
9.223931119777262211e-04
9.211445576511323452e-04
1.068789744749665260e-03
9.203938534483313560e-04
9.187229443341493607e-04
9.173249709419906139e-04
9.169423719868063927e-04
9.164029033854603767e-04
9.159303735941648483e-04
9.150034748017787933e-04
9.144244249910116196e-04
9.129167883656919003e-04
9.114416316151618958e-04
9.102086187340319157e-04
9.092857944779098034e-04
9.084339253604412079e-04
9.071870008483529091e-04
9.067365317605435848e-04
9.055666159838438034e-04
9.044339531101286411e-04
9.029290522448718548e-04
9.011442307382822037e-04
9.013439412228763103e-04
9.002618025988340378e-04
8.990628411993384361e-04
8.979220874607563019e-04
8.965168381109833717e-04
8.949193288572132587e-04
8.934584911912679672e-04
8.918858366087079048e-04
8.901844848878681660e-04
8.891239995136857033e-04
8.875158382579684258e-04
8.854060433804988861e-04
8.816886693239212036e-04
8.785262471064925194e-04
8.750957204028964043e-04
8.689366513863205910e-04
8.647429058328270912e-04
8.612226811237633228e-04
8.591592777520418167e-04
8.567899349145591259e-04
8.550798520445823669e-04
8.529607439413666725e-04
8.512624772265553474e-04
8.496385416947305202e-04
8.484917343594133854e-04
8.474199566990137100e-04
8.453934569843113422e-04
8.440107922069728374e-04
8.429380250163376331e-04
8.420582744292914867e-04
8.411967428401112556e-04
8.399017970077693462e-04
8.383226813748478889e-04
8.368533453904092312e-04
8.355651516467332840e-04
8.344401721842586994e-04
8.329598931595683098e-04
8.318857871927320957e-04
8.307376410812139511e-04
8.299557375721633434e-04
8.289181860163807869e-04
8.274872088804841042e-04
8.255689172074198723e-04
8.295519510284066200e-04
8.251683902926743031e-04
8.239494636654853821e-04
8.230518433265388012e-04
8.217229042202234268e-04
8.204744081012904644e-04
8.186809718608856201e-04
8.169839857146143913e-04
8.152556838467717171e-04
8.138206321746110916e-04
8.119548438116908073e-04
8.174871327355504036e-04
8.111619390547275543e-04
8.100359118543565273e-04
8.089238544926047325e-04
8.081207633949816227e-04
8.071351912803947926e-04
8.101798011921346188e-04
8.065820438787341118e-04
8.058071834966540337e-04
8.039200329221785069e-04
8.024303824640810490e-04
8.004287374205887318e-04
8.025206625461578369e-04
7.995612686499953270e-04
7.981987437233328819e-04
7.969115395098924637e-04
7.965182885527610779e-04
7.961221272125840187e-04
7.956377230584621429e-04
7.956750341691076756e-04
7.952823652885854244e-04
7.948900456540286541e-04
7.942546508274972439e-04
7.937730988487601280e-04
7.928538834676146507e-04
7.925750687718391418e-04
7.913464796729385853e-04
7.907248800620436668e-04
7.894992013461887836e-04
7.888915715739130974e-04
7.883028010837733746e-04
7.879389449954032898e-04
7.875512237660586834e-04
7.870980771258473396e-04
7.865863153710961342e-04
7.856341544538736343e-04
7.844776264391839504e-04
7.830710383132100105e-04
7.812373223714530468e-04
7.792048854753375053e-04
7.758578867651522160e-04
7.739844149909913540e-04
7.706299657002091408e-04
7.683350704610347748e-04
7.665283046662807465e-04
7.652628119103610516e-04
7.637184462510049343e-04
7.621074328199028969e-04
7.602077675983309746e-04
7.585512357763946056e-04
7.559481891803443432e-04
7.531672017648816109e-04
7.503186934627592564e-04
7.484058151021599770e-04
7.458851905539631844e-04
7.443313952535390854e-04
7.420436013489961624e-04
7.410036632791161537e-04
7.398138986900448799e-04
7.382469484582543373e-04
7.359026931226253510e-04
7.334938272833824158e-04
7.308449130505323410e-04
7.270158967003226280e-04
7.280368590727448463e-04
7.257008110173046589e-04
7.240505074150860310e-04
7.221074192784726620e-04
7.207943126559257507e-04
7.196264341473579407e-04
7.251435890793800354e-04
7.191778277046978474e-04
7.186997681856155396e-04
7.181325345300137997e-04
7.176789222285151482e-04
7.169294403865933418e-04
7.158486405387520790e-04
7.133426261134445667e-04
7.107638521119952202e-04
7.074164459481835365e-04
7.105989498086273670e-04
7.062358199618756771e-04
7.032168796285986900e-04
7.019959739409387112e-04
7.007132517173886299e-04
6.997375749051570892e-04
6.985051441006362438e-04
6.976377917453646660e-04
6.986393709667026997e-04
6.972150877118110657e-04
6.964093772694468498e-04
6.958295125514268875e-04
6.948561058379709721e-04
6.949449889361858368e-04
6.943485350348055363e-04
6.933665717951953411e-04
6.924985791556537151e-04
6.911273812875151634e-04
6.894901744090020657e-04
6.874169921502470970e-04
6.868629134260118008e-04
6.839507259428501129e-04
6.824784795753657818e-04
6.811383645981550217e-04
6.795640802010893822e-04
6.778662791475653648e-04
6.764376885257661343e-04
6.752550834789872169e-04
6.739080999977886677e-04
6.728559965267777443e-04
6.713178590871393681e-04
6.692559691146016121e-04
6.672812160104513168e-04
6.691872258670628071e-04
6.664490792900323868e-04
6.654779426753520966e-04
6.638962076976895332e-04
6.621951470151543617e-04
6.604238296858966351e-04
6.633558659814298153e-04
6.596799939870834351e-04
6.587735260836780071e-04
6.579948239959776402e-04
6.573236314579844475e-04
6.560336332768201828e-04
6.587951793335378170e-04
6.556403241120278835e-04
6.544332718476653099e-04
6.531556136906147003e-04
6.522180628962814808e-04
6.512845866382122040e-04
6.496522692032158375e-04
6.489506922662258148e-04
6.467866478487849236e-04
6.458064308390021324e-04
6.450783112086355686e-04
6.445518811233341694e-04
6.439565331675112247e-04
6.434493116103112698e-04
6.427972693927586079e-04
6.423291633836925030e-04
6.418889388442039490e-04
6.414566887542605400e-04
6.404513842426240444e-04
6.399613339453935623e-04
6.395182572305202484e-04
6.391315837390720844e-04
6.384431035257875919e-04
6.385088199749588966e-04
6.377864629030227661e-04
6.363125867210328579e-04
6.351741030812263489e-04
6.330420146696269512e-04
6.370616611093282700e-04
6.320643587969243526e-04
6.307194707915186882e-04
6.291377358138561249e-04
6.285434938035905361e-04
6.276619387790560722e-04
6.272292230278253555e-04
6.269019213505089283e-04
6.265004049055278301e-04
6.260002264752984047e-04
6.251865997910499573e-04
6.244135438464581966e-04
6.239280919544398785e-04
6.228590500541031361e-04
6.220460054464638233e-04
6.212423322722315788e-04
6.202789372764527798e-04
6.202572258189320564e-04
6.198752089403569698e-04
6.196819012984633446e-04
6.187380640767514706e-04
6.183165241964161396e-04
6.175177986733615398e-04
6.169932312332093716e-04
6.165660452097654343e-04
6.160537595860660076e-04
6.157454918138682842e-04
6.155016017146408558e-04
6.152516580186784267e-04
6.163981743156909943e-04
6.151567213237285614e-04
6.148401880636811256e-04
6.144707440398633480e-04
6.141958292573690414e-04
6.138525786809623241e-04
6.135149160400032997e-04
6.147301755845546722e-04
6.132810376584529877e-04
6.130492547526955605e-04
6.127449451014399529e-04
6.125031504780054092e-04
6.119597237557172775e-04
6.133781862445175648e-04
6.118167075328528881e-04
6.111913826316595078e-04
6.103752530179917812e-04
6.093534175306558609e-04
6.084360647946596146e-04
6.092262919992208481e-04
6.076628342270851135e-04
6.058762664906680584e-04
6.048763170838356018e-04
6.038977880962193012e-04
6.034388788975775242e-04
6.031641969457268715e-04
6.030115182511508465e-04
6.022282177582383156e-04
6.015251274220645428e-04
6.006822222843766212e-04
5.999675486236810684e-04
5.992415244691073895e-04
5.995689425617456436e-04
5.980598507449030876e-04
5.965810269117355347e-04
5.941661656834185123e-04
5.927970050834119320e-04
5.917873932048678398e-04
5.900284158997237682e-04
5.891906330361962318e-04
5.879504024051129818e-04
5.870466702617704868e-04
5.856282659806311131e-04
5.846314597874879837e-04
5.827485583722591400e-04
5.812138551846146584e-04
5.789551069028675556e-04
5.778903141617774963e-04
5.766112008132040501e-04
5.759850610047578812e-04
5.753535078838467598e-04
5.749118281528353691e-04
5.745272501371800900e-04
5.739469197578728199e-04
5.735481972806155682e-04
5.729377735406160355e-04
5.724601796828210354e-04
5.720080807805061340e-04
5.719925393350422382e-04
5.717517924495041370e-04
5.712103447876870632e-04
5.707738455384969711e-04
5.700963083654642105e-04
5.716704181395471096e-04
5.698733730241656303e-04
5.692118429578840733e-04
5.683005438186228275e-04
5.679695168510079384e-04
5.675893626175820827e-04
5.670511163771152496e-04
5.667620571330189705e-04
5.657712463289499283e-04
5.653408588841557503e-04
5.650190869346261024e-04
5.648251972161233425e-04
5.644415505230426788e-04
5.651685060001909733e-04
5.642201867885887623e-04
5.638195434585213661e-04
5.633712280541658401e-04
5.631042295135557652e-04
5.623904289677739143e-04
5.615355912595987320e-04
5.611076485365629196e-04
5.606166087090969086e-04
5.597757408395409584e-04
5.584596074186265469e-04
5.559980636462569237e-04
5.546843167394399643e-04
5.540346028283238411e-04
5.534153315238654613e-04
5.532243521884083748e-04
5.516887176781892776e-04
5.509524489752948284e-04
5.503066931851208210e-04
5.497472593560814857e-04
5.493235657922923565e-04
5.485019646584987640e-04
5.478775128722190857e-04
5.469445604830980301e-04
5.467564333230257034e-04
5.456883809529244900e-04
5.450477474369108677e-04
5.442452384158968925e-04
5.435894127003848553e-04
5.431978497654199600e-04
5.427449359558522701e-04
5.420211236923933029e-04
5.414324114099144936e-04
5.435397033579647541e-04
5.411662859842181206e-04
5.405447445809841156e-04
5.398761713877320290e-04
5.391257582232356071e-04
5.387554410845041275e-04
5.383249954320490360e-04
5.380326183512806892e-04
5.376183544285595417e-04
5.371521110646426678e-04
5.366298719309270382e-04
5.360140348784625530e-04
5.354759050533175468e-04
5.348360864445567131e-04
5.345042445696890354e-04
5.340789211913943291e-04
5.336761241778731346e-04
5.332358996383845806e-04
5.327313556335866451e-04
5.321041680872440338e-04
5.316005554050207138e-04
5.310716805979609489e-04
5.300274933688342571e-04
5.292281857691705227e-04
5.285207298584282398e-04
5.277804448269307613e-04
5.269090179353952408e-04
5.262489430606365204e-04
5.258960882201790810e-04
5.255101132206618786e-04
5.250331014394760132e-04
5.248655797913670540e-04
5.231382092460989952e-04
5.224650958552956581e-04
5.218484438955783844e-04
5.215418641455471516e-04
5.211752140894532204e-04
5.210498929955065250e-04
5.205615889281034470e-04
5.199860897846519947e-04
5.196226411499083042e-04
5.193390534259378910e-04
5.220154416747391224e-04
5.192603566683828831e-04
5.190684460103511810e-04
5.189251969568431377e-04
5.185890477150678635e-04
5.182318855077028275e-04
5.177544080652296543e-04
5.183198372833430767e-04
5.175416590645909309e-04
5.171921802684664726e-04
5.167245399206876755e-04
5.161304725334048271e-04
5.159042193554341793e-04
5.153144593350589275e-04
5.147936171852052212e-04
5.143969319760799408e-04
5.140143912285566330e-04
5.135987885296344757e-04
5.132658407092094421e-04
5.130775971338152885e-04
5.126920877955853939e-04
5.124490708112716675e-04
5.120818386785686016e-04
5.116632091812789440e-04
5.113126826472580433e-04
5.109523190185427666e-04
5.107297329232096672e-04
5.107705947011709213e-04
5.105623858980834484e-04
5.103643052279949188e-04
5.101506831124424934e-04
5.099536501802504063e-04
5.097090033814311028e-04
5.094085936434566975e-04
5.090440390631556511e-04
5.086653400212526321e-04
5.083682481199502945e-04
5.082250572741031647e-04
5.080805858597159386e-04
5.079058464616537094e-04
5.083283176645636559e-04
5.077559035271406174e-04
5.074880318716168404e-04
5.071334890089929104e-04
5.065246950834989548e-04
5.068560712970793247e-04
5.063292919658124447e-04
5.059937248006463051e-04
5.057746893726289272e-04
5.053783534094691277e-04
5.046601290814578533e-04
5.037651280872523785e-04
5.026711733080446720e-04
5.015738424845039845e-04
5.007892614230513573e-04
5.003012483939528465e-04
4.998015938326716423e-04
4.992330214008688927e-04
4.987659049220383167e-04
4.979105433449149132e-04
4.973912145942449570e-04
4.962832899764180183e-04
4.953165189363062382e-04
4.944907268509268761e-04
4.937467747367918491e-04
4.932036972604691982e-04
4.926513065584003925e-04
4.921199288219213486e-04
4.916993202641606331e-04
4.910978022962808609e-04
4.903365042991936207e-04
4.892228171229362488e-04
4.940323415212333202e-04
4.886570968665182590e-04
4.877719911746680737e-04
4.870923003181815147e-04
4.864938091486692429e-04
4.857200838159769773e-04
4.851089324802160263e-04
4.845745279453694820e-04
4.838004824705421925e-04
4.836914595216512680e-04
4.832005943171679974e-04
4.829691024497151375e-04
4.828423843719065189e-04
4.826972726732492447e-04
4.825492796953767538e-04
4.821665061172097921e-04
4.819861205760389566e-04
4.817634471692144871e-04
4.816270084120333195e-04
4.814228741452097893e-04
4.812430706806480885e-04
4.810549435205757618e-04
4.809139354620128870e-04
4.807900986634194851e-04
4.805215867236256599e-04
4.802567709702998400e-04
4.799304297193884850e-04
4.797438159584999084e-04
4.795992863364517689e-04
4.793531552422791719e-04
4.789980594068765640e-04
4.786930221598595381e-04
4.783766344189643860e-04
4.781542229466140270e-04
4.778900474775582552e-04
4.776409186888486147e-04
4.773475520778447390e-04
4.770064260810613632e-04
4.809830570593476295e-04
4.768272920046001673e-04
4.765834601130336523e-04
4.764406767208129168e-04
4.763194592669606209e-04
4.761383752338588238e-04
4.758145369123667479e-04
4.755978006869554520e-04
4.753817629534751177e-04
4.752414824906736612e-04
4.751077212858945131e-04
4.749072541017085314e-04
4.745912447106093168e-04
4.746402846649289131e-04
4.744942416436970234e-04
4.742896126117557287e-04
4.741372540593147278e-04
4.738733987323939800e-04
4.737289855256676674e-04
4.733123932965099812e-04
4.728456260636448860e-04
4.721126460935920477e-04
4.718715790659189224e-04
4.715424147434532642e-04
4.714071401394903660e-04
4.711639776360243559e-04
4.800132010132074356e-04
4.710672947112470865e-04
4.707075422629714012e-04
4.704608290921896696e-04
4.702396690845489502e-04
4.700498539023101330e-04
4.698455450125038624e-04
4.694175731856375933e-04
4.691909998655319214e-04
4.687126493081450462e-04
4.682420694734901190e-04
4.678283003158867359e-04
4.675606905948370695e-04
4.671606293413788080e-04
4.664925509132444859e-04
4.656789533328264952e-04
4.661916173063218594e-04
4.654682707041501999e-04
4.650864284485578537e-04
4.648871254175901413e-04
4.647644527722150087e-04
4.645673907361924648e-04
4.644111904781311750e-04
4.642530402634292841e-04
4.641361010726541281e-04
4.653489741031080484e-04
4.640054830815643072e-04
4.637784732040017843e-04
4.634311189875006676e-04
4.631598130799829960e-04
4.626298614311963320e-04
4.621316329576075077e-04
4.640588304027915001e-04
4.620050312951207161e-04
4.617653903551399708e-04
4.616103251464664936e-04
4.615084035322070122e-04
4.613240016624331474e-04
4.611659387592226267e-04
4.611743206623941660e-04
4.610495525412261486e-04
4.608931485563516617e-04
4.607095615938305855e-04
4.606162838172167540e-04
4.603279230650514364e-04
4.601375549100339413e-04
4.599552776198834181e-04
4.597757360897958279e-04
4.595997743308544159e-04
4.598540836013853550e-04
4.593756748363375664e-04
4.591780016198754311e-04
4.585864371620118618e-04
4.582586989272385836e-04
4.578868101816624403e-04
4.572844773065298796e-04
4.567741998471319675e-04
4.555762861855328083e-04
4.557739885058254004e-04
4.551978781819343567e-04
4.547167045529931784e-04
4.543107352219521999e-04
4.540202207863330841e-04
4.536365740932524204e-04
4.528287099674344063e-04
4.522636008914560080e-04
4.517273046076297760e-04
4.513224121183156967e-04
4.511461593210697174e-04
4.509056743700057268e-04
4.506607074290513992e-04
4.503262462094426155e-04
4.499568312894552946e-04
4.496595938690006733e-04
4.492347361519932747e-04
4.489149723667651415e-04
4.485549288801848888e-04
4.477515467442572117e-04
4.470838466659188271e-04
4.464181838557124138e-04
4.456331953406333923e-04
4.451288259588181973e-04
4.445794038474559784e-04
4.441553319338709116e-04
4.437521565705537796e-04
4.432650748640298843e-04
4.427643725648522377e-04
4.424228391144424677e-04
4.420954210218042135e-04
4.418226890265941620e-04
4.416019073687493801e-04
4.411096451804041862e-04
4.406350490171462297e-04
4.403179336804896593e-04
4.399737226776778698e-04
4.397832963149994612e-04
4.395766009110957384e-04
4.393137351144105196e-04
4.399707249831408262e-04
4.392169939819723368e-04
4.389047389850020409e-04
4.385574720799922943e-04
4.383012419566512108e-04
4.380453610792756081e-04
4.377497825771570206e-04
4.373066476546227932e-04
4.369054804556071758e-04
4.367245419416576624e-04
4.361978499218821526e-04
4.359537269920110703e-04
4.355548880994319916e-04
4.349863738752901554e-04
4.352707474026829004e-04
4.347153590060770512e-04
4.340165178291499615e-04
4.337110440246760845e-04
4.334431723691523075e-04
4.332008538767695427e-04
4.327258502598851919e-04
4.322331515140831470e-04
4.316765698604285717e-04
4.312294768169522285e-04
4.306572373025119305e-04
4.293015226721763611e-04
4.285727045498788357e-04
4.279554123058915138e-04
4.270052886568009853e-04
4.267153854016214609e-04
4.262290021870285273e-04
4.259019624441862106e-04
4.253983497619628906e-04
4.255940148141235113e-04
4.252165672369301319e-04
4.249666235409677029e-04
4.246876342222094536e-04
4.245404270477592945e-04
4.243844014126807451e-04
4.241688002366572618e-04
4.240083508193492889e-04
4.238339024595916271e-04
4.236666718497872353e-04
4.233439976815134287e-04
4.232305218465626240e-04
4.231327038723975420e-04
4.230350896250456572e-04
4.229768528603017330e-04
4.229192272759974003e-04
4.228038014844059944e-04
4.225843003951013088e-04
4.222880525048822165e-04
4.218405229039490223e-04
4.212313215248286724e-04
4.206662706565111876e-04
4.202225245535373688e-04
4.199649556539952755e-04
4.196415247861295938e-04
4.192681517452001572e-04
4.187714657746255398e-04
4.184256249573081732e-04
4.181684926152229309e-04
4.178753006272017956e-04
4.173454362899065018e-04
4.165628924965858459e-04
4.176470101810991764e-04
4.161974356975406408e-04
4.154222260694950819e-04
4.150024906266480684e-04
4.145918937865644693e-04
4.143957921769469976e-04
4.141758545301854610e-04
4.139367665629833937e-04
4.135891795158386230e-04
4.150203894823789597e-04
4.134164191782474518e-04
4.131010500714182854e-04
4.128886794205754995e-04
4.127396387048065662e-04
4.125985142309218645e-04
4.122839309275150299e-04
4.119804070796817541e-04
4.116242635063827038e-04
4.110728914383798838e-04
4.107158456463366747e-04
4.104886320419609547e-04
4.103274841327220201e-04
4.101357480976730585e-04
4.098254721611738205e-04
4.093387397006154060e-04
4.088136774953454733e-04
4.085033142473548651e-04
4.080146900378167629e-04
4.077829362358897924e-04
4.073944000992923975e-04
4.068686394020915031e-04
4.092332092113792896e-04
4.066711117047816515e-04
4.060710780322551727e-04
4.055401368532329798e-04
4.051520954817533493e-04
4.046633257530629635e-04
4.042859072797000408e-04
4.040698695462197065e-04
4.038357874378561974e-04
4.036549944430589676e-04
4.031579883303493261e-04
4.028037074021995068e-04
4.021178174298256636e-04
4.015602753497660160e-04
4.011230776086449623e-04
4.003756621386855841e-04
3.996072337031364441e-04
3.982785565312951803e-04
3.980408946517854929e-04
3.969625686295330524e-04
3.955925931222736835e-04
3.952746919821947813e-04
3.949426172766834497e-04
3.948272205889225006e-04
3.947000950574874878e-04
3.943769552279263735e-04
3.941223549190908670e-04
3.937243018299341202e-04
3.932758700102567673e-04
3.925303753931075335e-04
3.917702997568994761e-04
3.908025682903826237e-04
3.898654831573367119e-04
3.886700724251568317e-04
3.877993149217218161e-04
3.872707311529666185e-04
3.862930752802640200e-04
3.858812560793012381e-04
3.850633511319756508e-04
3.855979593936353922e-04
3.846694598905742168e-04
3.840239078272134066e-04
3.833364753518253565e-04
3.828285844065248966e-04
3.823443548753857613e-04
3.819399862550199032e-04
3.815892850980162621e-04
3.812948998529464006e-04
3.809899208135902882e-04
3.803017025347799063e-04
3.796948003582656384e-04
3.792398492805659771e-04
3.789752663578838110e-04
3.786655724979937077e-04
3.784498258028179407e-04
3.782973217312246561e-04
3.780364640988409519e-04
3.778431855607777834e-04
3.776265948545187712e-04
3.773749340325593948e-04
3.770316543523222208e-04
3.766933805309236050e-04
3.761718398891389370e-04
4.006761300843209028e-04
3.760100807994604111e-04
3.753027122002094984e-04
3.749598690774291754e-04
3.745112335309386253e-04
3.741648979485034943e-04
3.737257211469113827e-04
3.729695454239845276e-04
3.721391549333930016e-04
3.713941259775310755e-04
3.706449060700833797e-04
3.700539527926594019e-04
3.696214116644114256e-04
3.693765029311180115e-04
3.690535668283700943e-04
3.682377864606678486e-04
3.676772757899016142e-04
3.671067825052887201e-04
3.668371646199375391e-04
3.665054100565612316e-04
3.660293878056108952e-04
3.654154716059565544e-04
3.649319696705788374e-04
3.638574271462857723e-04
3.630065475590527058e-04
3.622292715590447187e-04
3.625513054430484772e-04
3.618379414547234774e-04
3.613105218391865492e-04
3.610189305618405342e-04
3.605894453357905149e-04
3.596615279093384743e-04
3.588178660720586777e-04
3.580157354008406401e-04
3.577769966796040535e-04
3.576351155061274767e-04
3.575238224584609270e-04
3.573320864234119654e-04
3.571432316675782204e-04
3.568402898963540792e-04
3.564013168215751648e-04
3.560046607162803411e-04
3.553075075615197420e-04
3.549352113623172045e-04
3.550896362867206335e-04
3.546872467268258333e-04
3.541107871569693089e-04
3.534782154019922018e-04
3.527840599417686462e-04
3.520132158882915974e-04
3.506824723444879055e-04
3.501704777590930462e-04
3.491611860226839781e-04
3.487467474769800901e-04
3.483611799310892820e-04
3.479059960227459669e-04
3.473218821454793215e-04
3.470426308922469616e-04
3.467471397016197443e-04
3.463705070316791534e-04
3.458561550360172987e-04
3.452107484918087721e-04
3.446990740485489368e-04
3.439653955865651369e-04
3.431587829254567623e-04
3.425109316594898701e-04
3.418693959247320890e-04
3.411472425796091557e-04
3.404887102078646421e-04
3.390886704437434673e-04
3.439658321440219879e-04
3.387799079064279795e-04
3.375628730282187462e-04
3.360516275279223919e-04
3.351538034621626139e-04
3.340381954330950975e-04
3.334863285999745131e-04
3.328935708850622177e-04
3.325023571960628033e-04
3.319547395221889019e-04
3.312093613203614950e-04
3.303253615740686655e-04
3.291145549155771732e-04
3.277515934314578772e-04
3.264628176111727953e-04
3.255656629335135221e-04
3.250355657655745745e-04
3.249010478612035513e-04
3.242901293560862541e-04
3.239788347855210304e-04
3.235965559724718332e-04
3.230903530493378639e-04
3.227665438316762447e-04
3.225220425520092249e-04
3.222709929104894400e-04
3.219163336325436831e-04
3.216264012735337019e-04
3.209426649846136570e-04
3.198823833372443914e-04
3.194442251697182655e-04
3.187640104442834854e-04
3.179725608788430691e-04
3.175232268404215574e-04
3.172464203089475632e-04
3.170476411469280720e-04
3.168415278196334839e-04
3.165241214446723461e-04
3.165740345139056444e-04
3.162675711791962385e-04
3.159493790008127689e-04
3.152589779347181320e-04
3.149283002130687237e-04
3.144611837342381477e-04
3.145426162518560886e-04
3.142052446492016315e-04
3.137713647447526455e-04
3.133024438284337521e-04
3.126913215965032578e-04
3.120442270301282406e-04
3.113008860964328051e-04
3.105865325778722763e-04
3.100838221143931150e-04
3.090579702984541655e-04
3.085252246819436550e-04
3.080929454881697893e-04
3.077237051911652088e-04
3.072069084737449884e-04
3.068535879720002413e-04
3.062762552872300148e-04
3.055148408748209476e-04
3.047782811336219311e-04
3.032055683434009552e-04
3.020481090061366558e-04
3.011033404618501663e-04
2.991033834405243397e-04
2.980973513331264257e-04
2.974602975882589817e-04
2.971785434056073427e-04
2.968989429064095020e-04
2.965023741126060486e-04
2.959198027383536100e-04
2.956403768621385098e-04
2.953972725663334131e-04
2.951011410914361477e-04
2.947471220977604389e-04
2.966119791381061077e-04
2.945302403531968594e-04
2.941290731541812420e-04
2.936763630714267492e-04
2.933781652245670557e-04
2.929879992734640837e-04
2.926475717686116695e-04
2.921255945693701506e-04
2.919492544606328011e-04
2.915015502367168665e-04
2.911188930738717318e-04
2.905055880546569824e-04
2.909960458055138588e-04
2.901850966736674309e-04
2.896121877711266279e-04
2.890605828724801540e-04
2.887010923586785793e-04
2.880689571611583233e-04
2.872719778679311275e-04
2.866111753974109888e-04
2.861171378754079342e-04
2.857810177374631166e-04
2.855405036825686693e-04
2.855605853255838156e-04
2.853765035979449749e-04
2.851485332939773798e-04
2.847607829608023167e-04
2.844404079951345921e-04
2.840537345036864281e-04
2.836167404893785715e-04
2.832061436492949724e-04
2.826656273100525141e-04
2.822712995111942291e-04
2.819835208356380463e-04
2.818650100380182266e-04
2.817390486598014832e-04
2.815798216033726931e-04
2.813994069583714008e-04
2.812099410220980644e-04
2.809915458783507347e-04
2.806916018016636372e-04
2.804306277539581060e-04
2.800612128339707851e-04
2.796248008962720633e-04
2.786472323350608349e-04
2.786246768664568663e-04
2.781556977424770594e-04
2.774060703814029694e-04
2.970614295918494463e-04
2.772725711110979319e-04
2.767609548754990101e-04
2.763562370091676712e-04
2.760154602583497763e-04
2.756419999059289694e-04
2.757800684776157141e-04
2.754265733528882265e-04
2.750482235569506884e-04
2.748002007137984037e-04
2.746342797763645649e-04
2.742348297033458948e-04
2.739757474046200514e-04
2.735562447924166918e-04
2.733323781285434961e-04
2.730637788772583008e-04
2.726153470575809479e-04
2.722258795984089375e-04
2.731131098698824644e-04
2.719026815611869097e-04
2.713370486162602901e-04
2.707708626985549927e-04
2.704803482629358768e-04
2.702140191104263067e-04
2.699215547181665897e-04
2.697531890589743853e-04
2.693705318961292505e-04
2.689981483854353428e-04
2.686336229089647532e-04
2.679970348253846169e-04
2.676833246368914843e-04
2.671943511813879013e-04
2.667838125489652157e-04
2.664382336661219597e-04
2.660749014467000961e-04
2.656524884514510632e-04
2.652437251526862383e-04
2.648681111168116331e-04
2.646875800564885139e-04
2.644241030793637037e-04
2.641881874296814203e-04
2.639102749526500702e-04
2.636215649545192719e-04
2.662472834344953299e-04
2.635396085679531097e-04
2.633202238939702511e-04
2.631219103932380676e-04
2.628498768899589777e-04
2.623646869324147701e-04
2.615235280245542526e-04
2.608378417789936066e-04
2.600355946924537420e-04
2.596327394712716341e-04
2.594178367871791124e-04
2.592063101474195719e-04
2.584872418083250523e-04
2.696393639780580997e-04
2.582703309599310160e-04
2.575691905803978443e-04
2.569548087194561958e-04
2.563690650276839733e-04
2.558624255470931530e-04
2.552439691498875618e-04
2.553340746089816093e-04
2.546718169469386339e-04
2.542141010053455830e-04
2.536618267185986042e-04
2.534059458412230015e-04
2.530688070692121983e-04
2.527102769818156958e-04
2.524005831219255924e-04
2.521973801776766777e-04
2.520086418371647596e-04
2.518366673029959202e-04
2.516929816920310259e-04
2.515559317544102669e-04
2.516187087167054415e-04
2.514281368348747492e-04
2.513074723538011312e-04
2.511246129870414734e-04
2.509909973014146090e-04
2.507541212253272533e-04
2.508001052774488926e-04
2.506512973923236132e-04
2.504967560525983572e-04
2.503930008970201015e-04
2.502751012798398733e-04
2.501554263290017843e-04
2.499707334209233522e-04
2.498193352948874235e-04
2.497042878530919552e-04
2.496358356438577175e-04
2.495649678166955709e-04
2.494938089512288570e-04
2.493755891919136047e-04
2.492699713911861181e-04
2.491803024895489216e-04
2.490990736987441778e-04
2.490132173988968134e-04
2.489508478902280331e-04
2.488796599209308624e-04
2.488160971552133560e-04
2.487196179572492838e-04
2.486548910383135080e-04
2.485915319994091988e-04
2.485141449142247438e-04
2.484241267666220665e-04
2.483528514858335257e-04
2.483231946825981140e-04
2.482258132658898830e-04
2.481500268913805485e-04
2.479930117260664701e-04
2.478006354067474604e-04
2.477345988154411316e-04
2.474515058565884829e-04
2.473008935339748859e-04
2.470458566676825285e-04
2.468311286065727472e-04
2.466512960381805897e-04
2.465489087626338005e-04
2.464299614075571299e-04
2.462762931827455759e-04
2.461291733197867870e-04
2.459679380990564823e-04
2.458441013004630804e-04
2.457163936924189329e-04
2.455035573802888393e-04
2.452216576784849167e-04
2.449724124744534492e-04
2.448323066346347332e-04
2.447646693326532841e-04
2.447075676172971725e-04
2.445807040203362703e-04
2.444279962219297886e-04
2.443230478093028069e-04
2.442127733957022429e-04
2.440743119223043323e-04
2.439611998852342367e-04
2.435220812913030386e-04
2.433165645925328135e-04
2.431359607726335526e-04
2.429901214782148600e-04
2.427996660117059946e-04
2.426698483759537339e-04
2.426152350381016731e-04
2.423185360385105014e-04
2.421594690531492233e-04
2.419652737444266677e-04
2.418176591163501143e-04
2.415304770693182945e-04
2.414225891698151827e-04
2.413077454548329115e-04
2.412357716821134090e-04
2.411523455521091819e-04
2.457920345477759838e-04
2.411141176708042622e-04
2.409073786111548543e-04
2.406773273833096027e-04
2.405511768301948905e-04
2.404301631031557918e-04
2.403376856818795204e-04
2.401779929641634226e-04
2.400600205874070525e-04
2.399100776528939605e-04
2.396292111370712519e-04
2.395517221884801984e-04
2.393721806583926082e-04
2.392067108303308487e-04
2.390593290328979492e-04
2.389700675848871469e-04
2.388968423474580050e-04
2.387815620750188828e-04
2.386598644079640508e-04
2.384392864769324660e-04
2.381517260801047087e-04
2.379056095378473401e-04
2.376725606154650450e-04
2.374606992816552520e-04
2.372623130213469267e-04
2.370626316405832767e-04
2.367794368183240294e-04
2.365340624237433076e-04
2.362917875871062279e-04
2.361172228120267391e-04
2.358712663408368826e-04
2.356697514187544584e-04
2.355316246394068003e-04
2.354065363761037588e-04
2.352619339944794774e-04
2.353262971155345440e-04
2.351580624235793948e-04
2.350072318222373724e-04
2.348945563426241279e-04
2.346914116060361266e-04
2.344753156648948789e-04
2.344505919609218836e-04
2.342015941394492984e-04
2.341138460906222463e-04
2.340308856219053268e-04
2.339490602025762200e-04
2.338513440918177366e-04
2.338186022825539112e-04
2.336076140636578202e-04
2.335169119760394096e-04
2.334065502509474754e-04
2.334917953703552485e-04
2.333666343474760652e-04
2.333138254471123219e-04
2.331898285774514079e-04
2.330974966753274202e-04
2.329678682144731283e-04
2.328679838683456182e-04
2.327756956219673157e-04
2.326271642232313752e-04
2.326108224224299192e-04
2.324677188880741596e-04
2.324008673895150423e-04
2.322677319170907140e-04
2.322739310329779983e-04
2.321835781913250685e-04
2.320410567335784435e-04
2.318489714525640011e-04
2.317412581760436296e-04
2.315967140020802617e-04
2.315818273928016424e-04
2.313954610144719481e-04
2.312566648470237851e-04
2.310823620064184070e-04
2.308868133695796132e-04
2.305901434738188982e-04
2.303040528204292059e-04
2.300578198628500104e-04
2.299172483617439866e-04
2.298323379363864660e-04
2.297832979820668697e-04
2.296236925758421421e-04
2.294044243171811104e-04
2.292441931786015630e-04
2.290890843141824007e-04
2.290001430083066225e-04
2.289437688887119293e-04
2.288202813360840082e-04
2.286325907334685326e-04
2.285560185555368662e-04
2.283145586261525750e-04
2.281982888234779239e-04
2.280338958371430635e-04
2.279644249938428402e-04
2.277029561810195446e-04
2.275675360579043627e-04
2.273962891194969416e-04
2.272538840770721436e-04
2.271349367219954729e-04
2.270071126986294985e-04
2.269155374960973859e-04
2.268370881211012602e-04
2.266947703901678324e-04
2.265488146804273129e-04
2.265738439746201038e-04
2.264828217448666692e-04
2.264034701511263847e-04
2.263393107568845153e-04
2.262857015011832118e-04
2.261673362227156758e-04
2.260714536532759666e-04
2.259303582832217216e-04
2.257594605907797813e-04
2.255756699014455080e-04
2.254120336147025228e-04
2.252620324725285172e-04
2.250858524348586798e-04
2.249047684017568827e-04
2.248916134703904390e-04
2.247394877485930920e-04
2.245741488877683878e-04
2.244401694042608142e-04
2.242854243377223611e-04
2.240339381387457252e-04
2.238095039501786232e-04
2.235481661045923829e-04
2.233404375147074461e-04
2.231700345873832703e-04
2.230468817288056016e-04
2.229957171948626637e-04
2.229599485872313380e-04
2.228894009022042155e-04
2.229071978945285082e-04
2.228419762104749680e-04
2.226787910331040621e-04
2.224586496595293283e-04
2.225377975264564157e-04
2.222624461865052581e-04
2.220426686108112335e-04
2.219185407739132643e-04
2.218602458015084267e-04
2.217634173575788736e-04
2.216866269009187818e-04
2.215683343820273876e-04
2.214396517956629395e-04
2.212985564256086946e-04
2.212512627011165023e-04
2.211254468420520425e-04
2.210274396929889917e-04
2.209531958214938641e-04
2.208875521318987012e-04
2.208212972618639469e-04
2.207620709668844938e-04
2.207113138865679502e-04
2.206858771387487650e-04
2.206376520916819572e-04
2.206110948463901877e-04
2.205490600317716599e-04
2.204852644354104996e-04
2.204288321081548929e-04
2.203175681643188000e-04
2.202199684688821435e-04
2.201400784542784095e-04
2.200406306656077504e-04
2.200415765400975943e-04
2.199898735852912068e-04
2.199184673372656107e-04
2.198803267674520612e-04
2.198342554038390517e-04
2.197763242293149233e-04
2.196784189436584711e-04
2.195692795794457197e-04
2.195082488469779491e-04
2.194736298406496644e-04
2.194492553826421499e-04
2.194258995587006211e-04
2.193951222579926252e-04
2.193003601860255003e-04
2.192550309700891376e-04
2.191389794461429119e-04
2.189803926739841700e-04
2.188668586313724518e-04
2.187729987781494856e-04
2.187169156968593597e-04
2.186609344789758325e-04
2.185688499594107270e-04
2.184638578910380602e-04
2.183738106396049261e-04
2.182942844228819013e-04
2.182117168558761477e-04
2.181479940190911293e-04
2.180774172302335501e-04
2.179894654545933008e-04
2.183971810154616833e-04
2.179462026106193662e-04
2.178640570491552353e-04
2.177640562877058983e-04
2.176864072680473328e-04
2.174792462028563023e-04
2.172404201701283455e-04
2.172882814193144441e-04
2.171413943869993091e-04
2.169907675124704838e-04
2.168387436540797353e-04
2.167758793802931905e-04
2.166531339753419161e-04
2.165132609661668539e-04
2.164093457395210862e-04
2.163073659176006913e-04
2.162300370400771499e-04
2.161627198802307248e-04
2.160628355341032147e-04
2.159603172913193703e-04
2.158908027922734618e-04
2.158420975320041180e-04
2.157961280317977071e-04
2.157598355552181602e-04
2.157184644602239132e-04
2.156674745492637157e-04
2.159113064408302307e-04
2.156391419703140855e-04
2.155606198357418180e-04
2.155464026145637035e-04
2.154432004317641258e-04
2.153805107809603214e-04
2.152997767552733421e-04
2.152229135390371084e-04
2.151342487195506692e-04
2.150416985386982560e-04
2.149779465980827808e-04
2.153732202714309096e-04
2.149498614016920328e-04
2.149010106222704053e-04
2.148631028831005096e-04
2.147762570530176163e-04
2.146975020878016949e-04
2.146986371371895075e-04
2.146374026779085398e-04
2.146028564311563969e-04
2.144963073078542948e-04
2.143673773389309645e-04
2.141632285201922059e-04
2.138711133738979697e-04
2.136123948730528355e-04
2.132306544808670878e-04
2.130559005308896303e-04
2.129139320459216833e-04
2.128169871866703033e-04
2.126667677657678723e-04
2.125727187376469374e-04
2.125679311575368047e-04
2.125035389326512814e-04
2.123926242347806692e-04
2.121790603268891573e-04
2.120502322213724256e-04
2.119260752806439996e-04
2.118364063790068030e-04
2.117395924869924784e-04
2.116177638527005911e-04
2.114944945788010955e-04
2.113741647917777300e-04
2.126335893990471959e-04
2.113537339027971029e-04
2.112371730618178844e-04
2.111297508236020803e-04
2.110185596393421292e-04
2.109233610099181533e-04
2.108110056724399328e-04
2.107778273057192564e-04
2.106591418851166964e-04
2.105836174450814724e-04
2.105014573317021132e-04
2.104142331518232822e-04
2.104004670400172472e-04
2.103441220242530107e-04
2.102879225276410580e-04
2.102318685501813889e-04
2.102108410326763988e-04
2.101444697473198175e-04
2.100094279740005732e-04
2.098051190841943026e-04
2.096251701004803181e-04
2.108988119289278984e-04
2.095612871926277876e-04
2.094652445521205664e-04
2.093467628583312035e-04
2.093338698614388704e-04
2.091961214318871498e-04
2.091283386107534170e-04
2.090658817905932665e-04
2.090059861075133085e-04
2.089643385261297226e-04
2.088823239319026470e-04
2.088195760734379292e-04
2.087201719405129552e-04
2.086104504996910691e-04
2.085594023810699582e-04
2.082996361423283815e-04
2.080582489725202322e-04
2.077703538816422224e-04
2.074458025163039565e-04
2.072294300887733698e-04
2.070109476335346699e-04
2.069151960313320160e-04
2.068049507215619087e-04
2.067477907985448837e-04
2.067018212983384728e-04
2.066512824967503548e-04
2.065709850285202265e-04
2.064827422145754099e-04
2.063751162495464087e-04
2.063548017758876085e-04
2.062211424345150590e-04
2.061621635220944881e-04
2.060644474113360047e-04
2.059374382952228189e-04
2.062716084765270352e-04
2.058914542431011796e-04
2.057011879514902830e-04
2.055574732366949320e-04
2.054130600299686193e-04
2.053002826869487762e-04
2.052149211522191763e-04
2.051389892585575581e-04
2.051108021987602115e-04
2.050697949016466737e-04
2.050279726972803473e-04
2.049870090559124947e-04
2.049478935077786446e-04
2.049085451290011406e-04
2.048792521236464381e-04
2.048298047157004476e-04
2.047563757514581084e-04
2.047354209935292602e-04
2.045350120170041919e-04
2.044423308689147234e-04
2.043621207121759653e-04
2.043103158939629793e-04
2.043043641606345773e-04
2.042480045929551125e-04
2.042119158431887627e-04
2.041572879534214735e-04
2.042564738076180220e-04
2.041353727690875530e-04
2.040863037109375000e-04
2.040134277194738388e-04
2.039546961896121502e-04
2.039191022049635649e-04
2.038800448644906282e-04
2.038197126239538193e-04
2.037662634393200278e-04
2.036853111349046230e-04
2.037417289102450013e-04
2.036392106674611568e-04
2.035605284618213773e-04
2.035002398770302534e-04
2.034652861766517162e-04
2.034044882748275995e-04
2.033565833698958158e-04
2.033109485637396574e-04
2.032571355812251568e-04
2.034455392276868224e-04
2.032170741586014628e-04
2.031012409133836627e-04
2.029701863648369908e-04
2.028413728112354875e-04
2.027387963607907295e-04
2.025928697548806667e-04
2.025489957304671407e-04
2.023772249231114984e-04
2.022994012804701924e-04
2.022321277763694525e-04
2.021737163886427879e-04
2.023169945459812880e-04
2.021436666836962104e-04
2.020860993070527911e-04
2.020340180024504662e-04
2.019670791923999786e-04
2.018822415266185999e-04
2.017252263613045216e-04
2.015550853684544563e-04
2.014403289649635553e-04
2.012607437791302800e-04
2.011234755627810955e-04
2.010530588449910283e-04
2.010231692111119628e-04
2.009258023463189602e-04
2.008817682508379221e-04
2.007967705139890313e-04
2.006946597248315811e-04
2.005118003580719233e-04
2.002386318054050207e-04
1.998878724407404661e-04
1.996943028643727303e-04
1.993475307244807482e-04
1.991152239497750998e-04
1.990213640965521336e-04
1.989064912777394056e-04
1.987316209124401212e-04
1.985621056519448757e-04
1.990535529330372810e-04
1.984208502108231187e-04
1.982947578653693199e-04
1.981668028747662902e-04
1.981084933504462242e-04
1.979612134164199233e-04
1.979390508495271206e-04
1.977525244001299143e-04
1.976600469788536429e-04
1.975683553609997034e-04
1.974535698536783457e-04
1.973205799004063010e-04
1.972300233319401741e-04
1.971407618839293718e-04
1.970514567801728845e-04
1.969573786482214928e-04
1.967951830010861158e-04
2.176588022848591208e-04
1.967644057003781199e-04
1.966440177056938410e-04
1.964818220585584641e-04
1.963450631592422724e-04
1.961943198693916202e-04
1.959996297955513000e-04
1.957412459887564182e-04
1.954904873855412006e-04
1.952816528500989079e-04
1.951911981450393796e-04
1.950110017787665129e-04
1.949106226675212383e-04
1.946425181813538074e-04
1.944606483448296785e-04
1.942337548825889826e-04
1.940009533427655697e-04
1.937072374857962132e-04
1.934551546582952142e-04
1.931992592290043831e-04
1.930108264787122607e-04
1.928015990415588021e-04
1.926471886690706015e-04
1.924594689626246691e-04
1.920472132042050362e-04
1.918597263284027576e-04
1.916944165714085102e-04
1.915395114338025451e-04
1.911199360620230436e-04
1.908795384224504232e-04
1.907478435896337032e-04
1.906364195747300982e-04
1.905116660054773092e-04
1.902534568216651678e-04
1.895475434139370918e-04
1.889735867734998465e-04
1.885831006802618504e-04
1.882665383163839579e-04
1.880131312645971775e-04
1.877197646535933018e-04
1.877137692645192146e-04
1.876048918347805738e-04
1.874839072115719318e-04
1.874244480859488249e-04
1.873626024462282658e-04
1.872640277724713087e-04
1.871032727649435401e-04
1.869435363914817572e-04
1.868326216936111450e-04
1.867432147264480591e-04
1.865491358330473304e-04
1.863447832874953747e-04
1.861675409600138664e-04
1.859514013631269336e-04
1.860470074461773038e-04
1.859028125181794167e-04
1.856812596088275313e-04
1.853593857958912849e-04
1.850256521720439196e-04
1.847890089266002178e-04
1.845231163315474987e-04
1.844901562435552478e-04
1.842548226704820991e-04
1.841731136664748192e-04
1.840187906054779887e-04
1.838380703702569008e-04
1.836210431065410376e-04
1.834004069678485394e-04
1.832008856581524014e-04
1.829935354180634022e-04
1.828270033001899719e-04
1.827020169002935290e-04
1.830275286920368671e-04
1.825996587285771966e-04
1.824363571358844638e-04
1.822277263272553682e-04
1.819585158955305815e-04
1.816748117562383413e-04
1.815127907320857048e-04
1.814225252019241452e-04
1.812362024793401361e-04
1.810864487197250128e-04
1.808402012102305889e-04
1.805981737561523914e-04
1.805393985705450177e-04
1.802547922125086188e-04
1.800517929950729012e-04
1.797543372958898544e-04
1.795193529687821865e-04
1.792178954929113388e-04
1.790450914995744824e-04
1.790602254914119840e-04
1.789307425497099757e-04
1.788541994756087661e-04
1.787932706065475941e-04
1.787559158401563764e-04
1.787166693247854710e-04
1.786408392945304513e-04
1.785065396688878536e-04
1.783250772859901190e-04
1.782088947948068380e-04
1.780944003257900476e-04
1.779649610398337245e-04
1.779847370926290751e-04
1.778802979970350862e-04
1.777426514308899641e-04
1.775281998561695218e-04
1.774083939380943775e-04
1.772660179995000362e-04
1.771446695784106851e-04
1.769497321220114827e-04
1.767026697052642703e-04
1.763764885254204273e-04
1.760863669915124774e-04
1.756698038661852479e-04
1.753310498315840960e-04
1.749644870869815350e-04
1.746033376548439264e-04
1.745042100083082914e-04
1.742247695801779628e-04
1.740913139656186104e-04
1.738860592013224959e-04
1.736602862365543842e-04
1.735532423481345177e-04
1.733365352265536785e-04
1.732164091663435102e-04
1.730829535517841578e-04
1.742380263749510050e-04
1.730470976326614618e-04
1.729302312014624476e-04
1.728108036331832409e-04
1.727140916045755148e-04
1.727449853206053376e-04
1.726619666442275047e-04
1.725848997011780739e-04
1.725171168800443411e-04
1.724494650261476636e-04
1.723612367641180754e-04
1.722654851619154215e-04
1.721865846775472164e-04
1.722045999485999346e-04
1.720782311167567968e-04
1.719611027510836720e-04
1.717325067147612572e-04
1.714159443508833647e-04
1.709016360109671950e-04
1.699865097180008888e-04
1.691884535830467939e-04
1.794600102584809065e-04
1.689547207206487656e-04
1.684181479504331946e-04
1.679219858488067985e-04
1.675288367550820112e-04
1.674816012382507324e-04
1.672926446190103889e-04
1.670270576141774654e-04
1.668436598265543580e-04
1.666761236265301704e-04
1.665123563725501299e-04
1.660924026509746909e-04
1.658625842537730932e-04
1.656427339185029268e-04
1.681969297351315618e-04
1.655857486184686422e-04
1.654027000768110156e-04
1.652726641623303294e-04
1.651498896535485983e-04
1.650477643124759197e-04
1.649281621212139726e-04
1.648349280003458261e-04
1.647105091251432896e-04
1.645533193368464708e-04
1.644184085307642817e-04
1.643546274863183498e-04
1.642170100240036845e-04
1.641357812331989408e-04
1.639148540562018752e-04
1.637707755435258150e-04
1.635983353480696678e-04
1.632400671951472759e-04
1.630045735510066152e-04
1.626803714316338301e-04
1.621954143047332764e-04
1.618189126020297408e-04
1.616212830413132906e-04
1.614680222701281309e-04
1.613070635357871652e-04
1.611135812709107995e-04
1.610868202988058329e-04
1.608872116776183248e-04
1.608230522833764553e-04
1.606446458026766777e-04
1.604930439498275518e-04
1.602903212187811732e-04
1.600744435563683510e-04
1.599341048859059811e-04
1.598200760781764984e-04
1.597595692146569490e-04
1.597050722921267152e-04
1.596254151081666350e-04
1.595312933204695582e-04
1.597974624019116163e-04
1.593490305822342634e-04
1.591683685546740890e-04
1.588834711583331227e-04
1.587452425155788660e-04
1.584960118634626269e-04
1.583363191457465291e-04
1.582389231771230698e-04
1.581671385793015361e-04
1.580847019795328379e-04
1.579182862769812346e-04
1.580601820023730397e-04
1.577945949975401163e-04
1.576406502863392234e-04
1.574418856762349606e-04
1.573117624502629042e-04
1.572498877067118883e-04
1.571474567754194140e-04
1.571724278619512916e-04
1.570985477883368731e-04
1.570151507621631026e-04
1.569362793816253543e-04
1.568185980431735516e-04
1.566563878441229463e-04
1.563734258525073528e-04
1.559869415359571576e-04
1.562002435093745589e-04
1.557891373522579670e-04
1.555416674818843603e-04
1.554850314278155565e-04
1.554159971419721842e-04
1.553759211674332619e-04
1.553104084450751543e-04
1.552548055769875646e-04
1.551894529256969690e-04
1.551180175738409162e-04
1.550111046526581049e-04
1.549276203149929643e-04
1.547850115457549691e-04
1.546842540847137570e-04
1.544952829135581851e-04
1.544007682241499424e-04
1.542701356811448932e-04
1.540361117804422975e-04
1.539264194434508681e-04
1.537084463052451611e-04
1.536419003969058394e-04
1.534328330308198929e-04
1.533489994471892715e-04
1.531876769149675965e-04
1.531909510958939791e-04
1.531205343781039119e-04
1.530268054921180010e-04
1.529577566543594003e-04
1.528792781755328178e-04
1.527677377453073859e-04
1.526599808130413294e-04
1.525821717223152518e-04
1.524588442407548428e-04
1.523704850114881992e-04
1.521408994449302554e-04
1.520974765298888087e-04
1.516895717941224575e-04
1.514069444965571165e-04
1.510179426986724138e-04
1.506891858298331499e-04
1.502111408626660705e-04
1.499730133218690753e-04
1.494705647928640246e-04
1.492375595262274146e-04
1.490141439717262983e-04
1.488935376983135939e-04
1.487363915657624602e-04
1.484495442127808928e-04
1.482912775827571750e-04
1.481417857576161623e-04
1.478490012232214212e-04
1.477580663049593568e-04
1.476206671213731170e-04
1.474787713959813118e-04
1.474035670980811119e-04
1.472372387070208788e-04
1.470249990234151483e-04
1.468244881834834814e-04
1.466398098273202777e-04
1.465426466893404722e-04
1.464063097955659032e-04
1.463041699025779963e-04
1.461851497879251838e-04
1.460560888517647982e-04
1.459825580241158605e-04
1.458493643440306187e-04
1.457239122828468680e-04
1.455476158298552036e-04
1.454016746720299125e-04
1.451674907002598047e-04
1.449873525416478515e-04
1.448548719054087996e-04
1.448048860765993595e-04
1.447095419280230999e-04
1.446490205125883222e-04
1.445420493837445974e-04
1.444169029127806425e-04
1.444279478164389729e-04
1.443478395231068134e-04
1.442469074390828609e-04
1.440676569472998381e-04
1.438223116565495729e-04
1.435187587048858404e-04
1.440847991034388542e-04
1.432753633707761765e-04
1.430369011359289289e-04
1.428282266715541482e-04
1.426702656317502260e-04
1.424981601303443313e-04
1.422556815668940544e-04
