3.543200683593750000e+02
3.096579284667968750e+02
2.488630523681640625e+02
1.714793334960937500e+03
2.215209960937500000e+02
2.093166809082031250e+02
2.307012939453125000e+02
1.980743103027343750e+02
1.913614501953125000e+02
1.643848571777343750e+02
1.440165405273437500e+02
1.235685119628906250e+02
1.073736648559570312e+02
1.053552093505859375e+02
9.278036499023437500e+01
8.350062561035156250e+01
7.386182403564453125e+01
6.629851531982421875e+01
5.618212890625000000e+01
4.681274795532226562e+01
4.927624893188476562e+01
4.161278915405273438e+01
3.804090118408203125e+01
3.611742019653320312e+01
3.352326965332031250e+01
3.077136802673339844e+01
2.753088378906250000e+01
2.455893516540527344e+01
2.267515182495117188e+01
2.010005950927734375e+01
1.903554534912109375e+01
1.729759216308593750e+01
1.538650894165039062e+01
1.428702545166015625e+01
1.276867771148681641e+01
1.149572944641113281e+01
9.894577026367187500e+00
8.610184669494628906e+00
8.334641456604003906e+00
7.832524776458740234e+00
7.681122779846191406e+00
7.288237571716308594e+00
6.365324974060058594e+00
5.855530738830566406e+00
5.719694614410400391e+00
5.609498023986816406e+00
5.409154891967773438e+00
5.131309509277343750e+00
4.727697372436523438e+00
4.297656536102294922e+00
3.847985267639160156e+00
3.610497951507568359e+00
3.461159944534301758e+00
3.298839330673217773e+00
3.066551208496093750e+00
2.725876331329345703e+00
2.575000524520874023e+00
2.405109405517578125e+00
2.306586980819702148e+00
2.269393205642700195e+00
2.238929271697998047e+00
2.138271808624267578e+00
1.949918031692504883e+00
1.868123888969421387e+00
1.822628259658813477e+00
1.716416954994201660e+00
1.504170536994934082e+00
1.350225806236267090e+00
1.244459509849548340e+00
1.207098364830017090e+00
1.188863992691040039e+00
1.172202706336975098e+00
1.145462989807128906e+00
1.093713760375976562e+00
1.027491092681884766e+00
9.587008953094482422e-01
8.785964250564575195e-01
7.893036603927612305e-01
7.306681275367736816e-01
6.752030849456787109e-01
6.097195148468017578e-01
5.870698690414428711e-01
5.800389647483825684e-01
5.601673126220703125e-01
5.444716811180114746e-01
5.219813585281372070e-01
4.973727166652679443e-01
4.747866690158843994e-01
4.521700143814086914e-01
4.346849024295806885e-01
4.172965288162231445e-01
4.006690979003906250e-01
3.849797248840332031e-01
3.740641176700592041e-01
3.585454821586608887e-01
3.390325605869293213e-01
3.281943500041961670e-01
3.190416097640991211e-01
3.125635981559753418e-01
3.085473179817199707e-01
3.058322966098785400e-01
3.011380732059478760e-01
2.905777692794799805e-01
2.765434086322784424e-01
2.603703439235687256e-01
2.480387389659881592e-01
2.443942129611968994e-01
2.434743642807006836e-01
2.428854554891586304e-01
2.411600202322006226e-01
2.382875084877014160e-01
2.326005697250366211e-01
2.230706512928009033e-01
2.108452618122100830e-01
2.035858631134033203e-01
1.989993155002593994e-01
1.977052390575408936e-01
1.973232179880142212e-01
1.964466571807861328e-01
1.934993714094161987e-01
1.885814964771270752e-01
1.799671053886413574e-01
1.727864742279052734e-01
1.667387336492538452e-01
1.638986021280288696e-01
1.625604629516601562e-01
1.613692641258239746e-01
1.582188308238983154e-01
1.533026546239852905e-01
1.465193927288055420e-01
1.405313313007354736e-01
1.368231922388076782e-01
1.354175508022308350e-01
1.346273869276046753e-01
1.333595216274261475e-01
1.308232992887496948e-01
1.279058009386062622e-01
1.252606958150863647e-01
1.224586591124534607e-01
1.213134378194808960e-01
1.193456500768661499e-01
1.190654635429382324e-01
1.187887638807296753e-01
1.181303635239601135e-01
1.170311719179153442e-01
1.157349348068237305e-01
1.140935346484184265e-01
1.129738986492156982e-01
1.125685274600982666e-01
1.119491755962371826e-01
1.110648661851882935e-01
1.103548482060432434e-01
1.095380112528800964e-01
1.084807962179183960e-01
1.069162040948867798e-01
1.038388460874557495e-01
1.023131310939788818e-01
1.018415987491607666e-01
1.014415323734283447e-01
1.012823432683944702e-01
1.007567569613456726e-01
1.003560945391654968e-01
1.000126749277114868e-01
9.980158507823944092e-02
9.960027039051055908e-02
9.926992654800415039e-02
9.873619675636291504e-02
9.845763444900512695e-02
9.786485135555267334e-02
9.758906066417694092e-02
9.713187813758850098e-02
9.646604955196380615e-02
9.560976922512054443e-02
9.474813938140869141e-02
9.346979856491088867e-02
9.159179031848907471e-02
8.890180289745330811e-02
1.254635453224182129e-01
8.825451135635375977e-02
8.683424443006515503e-02
8.632178604602813721e-02
8.596657216548919678e-02
8.576802909374237061e-02
8.554122596979141235e-02
8.528974652290344238e-02
8.511492609977722168e-02
8.477848768234252930e-02
8.433379232883453369e-02
8.390238136053085327e-02
8.341319859027862549e-02
8.303420990705490112e-02
8.238147199153900146e-02
8.128992468118667603e-02
8.039918541908264160e-02
7.955682277679443359e-02
7.853705435991287231e-02
7.771900296211242676e-02
7.702600955963134766e-02
7.651250064373016357e-02
7.616631686687469482e-02
7.576836645603179932e-02
7.602621614933013916e-02
7.553348690271377563e-02
7.516658306121826172e-02
7.481651753187179565e-02
7.436819374561309814e-02
7.389101386070251465e-02
7.346910238265991211e-02
7.303738594055175781e-02
7.278618216514587402e-02
7.240049540996551514e-02
7.217288017272949219e-02
7.170800864696502686e-02
7.127624750137329102e-02
7.033406198024749756e-02
7.011547684669494629e-02
6.949058175086975098e-02
6.933656334877014160e-02
6.898729503154754639e-02
6.828399002552032471e-02
6.748939305543899536e-02
6.652091443538665771e-02
6.587979197502136230e-02
6.549047678709030151e-02
6.537643820047378540e-02
6.527291983366012573e-02
6.514900177717208862e-02
6.497038900852203369e-02
6.468930095434188843e-02
6.414769589900970459e-02
6.359172612428665161e-02
6.388730555772781372e-02
6.330662965774536133e-02
6.278259307146072388e-02
6.188408657908439636e-02
6.099281460046768188e-02
6.039784848690032959e-02
5.992221087217330933e-02
5.964851751923561096e-02
5.953206866979598999e-02
5.944626778364181519e-02
5.934538692235946655e-02
5.922453105449676514e-02
5.907812342047691345e-02
5.892141908407211304e-02
5.876777321100234985e-02
5.856945365667343140e-02
5.832329392433166504e-02
5.793469026684761047e-02
5.740354955196380615e-02
5.675744265317916870e-02
5.582559853792190552e-02
5.511835217475891113e-02
5.462581664323806763e-02
5.428447574377059937e-02
5.393295735120773315e-02
5.364207178354263306e-02
5.323006212711334229e-02
5.293861031532287598e-02
5.268159136176109314e-02
5.245834589004516602e-02
5.221468955278396606e-02
5.200341716408729553e-02
5.185464024543762207e-02
5.166659504175186157e-02
5.143218114972114563e-02
5.123205110430717468e-02
5.064316838979721069e-02
5.009062588214874268e-02
4.969447478652000427e-02
4.955790191888809204e-02
4.936644434928894043e-02
4.943231120705604553e-02
4.932655394077301025e-02
4.929080605506896973e-02
4.919604957103729248e-02
4.901783913373947144e-02
4.885793104767799377e-02
4.855088889598846436e-02
4.828766733407974243e-02
4.803188517689704895e-02
4.776290804147720337e-02
4.756692796945571899e-02
4.746454954147338867e-02
4.729647189378738403e-02
4.705631732940673828e-02
4.673859477043151855e-02
4.610326886177062988e-02
4.544625431299209595e-02
4.485740885138511658e-02
4.449761286377906799e-02
4.414921998977661133e-02
4.396443068981170654e-02
4.381641000509262085e-02
4.372278228402137756e-02
4.361154884099960327e-02
4.349570348858833313e-02
4.340799152851104736e-02
4.331513494253158569e-02
4.312467575073242188e-02
4.290332645177841187e-02
4.260264709591865540e-02
4.217324405908584595e-02
4.185783118009567261e-02
4.190867394208908081e-02
4.156982898712158203e-02
4.133947193622589111e-02
4.124089330434799194e-02
4.105072468519210815e-02
4.109926521778106689e-02
4.087595641613006592e-02
4.075596481561660767e-02
4.061952233314514160e-02
4.047640785574913025e-02
4.017254710197448730e-02
3.986251354217529297e-02
3.957015275955200195e-02
3.932991623878479004e-02
3.914147615432739258e-02
3.896058350801467896e-02
3.882026672363281250e-02
3.872384876012802124e-02
3.860893845558166504e-02
3.840905427932739258e-02
3.814722225069999695e-02
3.849755227565765381e-02
3.800791874527931213e-02
3.766850009560585022e-02
3.734892606735229492e-02
3.722249716520309448e-02
3.711595386266708374e-02
3.698524087667465210e-02
3.684524446725845337e-02
3.670420870184898376e-02
3.657709807157516479e-02
3.644247353076934814e-02
3.629906103014945984e-02
3.625745326280593872e-02
3.603484854102134705e-02
3.586424887180328369e-02
3.559744730591773987e-02
3.534654527902603149e-02
3.511898964643478394e-02
3.487631678581237793e-02
3.461663424968719482e-02
3.432801365852355957e-02
3.422913700342178345e-02
3.405041992664337158e-02
3.395963087677955627e-02
3.385766223073005676e-02
3.374022617936134338e-02
3.361699730157852173e-02
3.347682952880859375e-02
3.336635977029800415e-02
3.330109268426895142e-02
3.322144225239753723e-02
3.309409320354461670e-02
3.295705467462539673e-02
3.282896056771278381e-02
3.276561200618743896e-02
3.271036595106124878e-02
3.262966871261596680e-02
3.256139531731605530e-02
3.241084888577461243e-02
3.232801333069801331e-02
3.212013095617294312e-02
3.197427093982696533e-02
3.181952238082885742e-02
3.165458142757415771e-02
3.143164515495300293e-02
3.121615573763847351e-02
3.100031986832618713e-02
3.075602091848850250e-02
3.057052567601203918e-02
3.037312626838684082e-02
3.017206117510795593e-02
3.009821474552154541e-02
2.998609840869903564e-02
2.994158305227756500e-02
2.992097288370132446e-02
2.990428358316421509e-02
2.988328598439693451e-02
2.985938265919685364e-02
2.981424704194068909e-02
2.976873144507408142e-02
2.964013442397117615e-02
2.944284863770008087e-02
2.933230996131896973e-02
2.905432134866714478e-02
2.894114702939987183e-02
2.886528149247169495e-02
2.880238741636276245e-02
2.870564535260200500e-02
2.856830880045890808e-02
2.842131815850734711e-02
2.821869775652885437e-02
2.805120497941970825e-02
2.793969959020614624e-02
2.783998847007751465e-02
2.772716060280799866e-02
2.758729644119739532e-02
2.742959000170230865e-02
2.730352245271205902e-02
2.724217996001243591e-02
2.719914913177490234e-02
2.712007984519004822e-02
2.709799632430076599e-02
2.692404761910438538e-02
2.683460526168346405e-02
2.671450003981590271e-02
2.660678327083587646e-02
2.645756304264068604e-02
2.628284692764282227e-02
2.611559815704822540e-02
2.599681913852691650e-02
2.591216191649436951e-02
2.583774924278259277e-02
2.573597058653831482e-02
2.562886662781238556e-02
2.555356547236442566e-02
2.554810792207717896e-02
2.544048428535461426e-02
2.531309612095355988e-02
2.524165436625480652e-02
2.512879669666290283e-02
2.499537914991378784e-02
2.485015988349914551e-02
2.462427318096160889e-02
2.447798848152160645e-02
2.433850243687629700e-02
2.421534433960914612e-02
2.401480451226234436e-02
2.387367561459541321e-02
2.374948188662528992e-02
2.362461388111114502e-02
2.355331741273403168e-02
2.349054813385009766e-02
2.341624535620212555e-02
2.335506863892078400e-02
2.329019084572792053e-02
2.324237301945686340e-02
2.313293516635894775e-02
2.298759669065475464e-02
2.281935699284076691e-02
2.263015136122703552e-02
2.248441800475120544e-02
2.239627018570899963e-02
2.231435850262641907e-02
2.223034389317035675e-02
2.212901040911674500e-02
2.205470390617847443e-02
2.199002541601657867e-02
2.191415615379810333e-02
2.181556448340415955e-02
2.173474431037902832e-02
2.164582908153533936e-02
2.158063836395740509e-02
2.150381356477737427e-02
2.144445106387138367e-02
2.138681709766387939e-02
2.132128551602363586e-02
2.121401205658912659e-02
2.118770033121109009e-02
2.110933326184749603e-02
2.106821164488792419e-02
2.101965434849262238e-02
2.094291150569915771e-02
2.086672559380531311e-02
2.067311853170394897e-02
2.056083083152770996e-02
2.040445804595947266e-02
2.048741281032562256e-02
2.031278237700462341e-02
2.016953378915786743e-02
2.009469084441661835e-02
2.006374485790729523e-02
2.000170387327671051e-02
1.993155665695667267e-02
1.982430927455425262e-02
1.969011686742305756e-02
1.956879906356334686e-02
1.947195641696453094e-02
1.935393363237380981e-02
1.920644566416740417e-02
1.902471482753753662e-02
1.885259151458740234e-02
1.875558309257030487e-02
1.868816092610359192e-02
1.865289732813835144e-02
1.861391961574554443e-02
1.854840666055679321e-02
1.842300221323966980e-02
1.831847801804542542e-02
1.815044321119785309e-02
1.807689480483531952e-02
1.800290867686271667e-02
1.792569831013679504e-02
1.782403700053691864e-02
1.769158057868480682e-02
1.770353689789772034e-02
1.763317361474037170e-02
1.756170019507408142e-02
1.751377433538436890e-02
1.747166365385055542e-02
1.740933582186698914e-02
1.735779270529747009e-02
1.730597019195556641e-02
1.726125925779342651e-02
1.721875742077827454e-02
1.715702377259731293e-02
1.706736907362937927e-02
1.699101924896240234e-02
1.692850328981876373e-02
1.688573509454727173e-02
1.684765890240669250e-02
1.678379811346530914e-02
1.672652736306190491e-02
1.665851660072803497e-02
1.660895533859729767e-02
1.653212681412696838e-02
1.646168157458305359e-02
1.639388315379619598e-02
1.630344241857528687e-02
1.626509428024291992e-02
1.618574932217597961e-02
1.614343188703060150e-02
1.609884947538375854e-02
1.605879329144954681e-02
1.599754951894283295e-02
1.594648510217666626e-02
1.590684242546558380e-02
1.585420966148376465e-02
1.580508053302764893e-02
1.574669964611530304e-02
1.564800180494785309e-02
1.556491106748580933e-02
1.546571310609579086e-02
1.537802815437316895e-02
1.530061475932598114e-02
1.525208540260791779e-02
1.519342977553606033e-02
1.512649282813072205e-02
1.505767181515693665e-02
1.501702144742012024e-02
1.498214155435562134e-02
1.494531240314245224e-02
1.489925198256969452e-02
1.485896017402410507e-02
1.481609605252742767e-02
1.475166622549295425e-02
1.470271311700344086e-02
1.465575210750102997e-02
1.457397080957889557e-02
1.448848005384206772e-02
1.439893618226051331e-02
1.427360158413648605e-02
1.449773553758859634e-02
1.419038977473974228e-02
1.411847677081823349e-02
1.404489390552043915e-02
1.403319183737039566e-02
1.399748958647251129e-02
1.396403089165687561e-02
1.392478216439485550e-02
1.385680772364139557e-02
1.381217874586582184e-02
1.376974955201148987e-02
1.372907310724258423e-02
1.379748713225126266e-02
1.371098123490810394e-02
1.367823779582977295e-02
1.364788040518760681e-02
1.361359842121601105e-02
1.356004551053047180e-02
1.351916790008544922e-02
1.347003225237131119e-02
1.343301311135292053e-02
1.339212153106927872e-02
1.335530355572700500e-02
1.331664435565471649e-02
1.327133085578680038e-02
1.324064750224351883e-02
1.315405685454607010e-02
1.308289542794227600e-02
1.301274821162223816e-02
1.296660304069519043e-02
1.291506178677082062e-02
1.284571923315525055e-02
1.276578009128570557e-02
1.267365273088216782e-02
1.260272413492202759e-02
1.256229728460311890e-02
1.254024729132652283e-02
1.252080686390399933e-02
1.249279174953699112e-02
1.246222481131553650e-02
1.242278236895799637e-02
1.238610595464706421e-02
1.233450602740049362e-02
1.232059858739376068e-02
1.225107721984386444e-02
1.222007162868976593e-02
1.218934915959835052e-02
1.215692050755023956e-02
1.209448091685771942e-02
1.201022416353225708e-02
1.204525586217641830e-02
1.196571812033653259e-02
1.188429910689592361e-02
1.183957420289516449e-02
1.180464588105678558e-02
1.177800167351961136e-02
1.173939555883407593e-02
1.169879548251628876e-02
1.164665538817644119e-02
1.157809700816869736e-02
1.149960607290267944e-02
1.139668375253677368e-02
1.139681227505207062e-02
1.132949069142341614e-02
1.132004056125879288e-02
1.125351525843143463e-02
1.121522299945354462e-02
1.118889637291431427e-02
1.116938889026641846e-02
1.114881224930286407e-02
1.112415827810764313e-02
1.110298186540603638e-02
1.108010113239288330e-02
1.105734147131443024e-02
1.102727837860584259e-02
1.098999287933111191e-02
1.095364429056644440e-02
1.091836951673030853e-02
1.088274829089641571e-02
1.084110792726278305e-02
1.079535298049449921e-02
1.072524301707744598e-02
1.069036498665809631e-02
1.064283307641744614e-02
1.062706951051950455e-02
1.060866005718708038e-02
1.057237759232521057e-02
1.053119823336601257e-02
1.054063439369201660e-02
1.050632167607545853e-02
1.046171411871910095e-02
1.041817385703325272e-02
1.036608871072530746e-02
1.031878311187028885e-02
1.026260945945978165e-02
1.023150328546762466e-02
1.020044367760419846e-02
1.017036475241184235e-02
1.014238968491554260e-02
1.011653710156679153e-02
1.010100170969963074e-02
1.008220948278903961e-02
1.005791313946247101e-02
1.002080738544464111e-02
9.978737682104110718e-03
9.939659386873245239e-03
9.904565289616584778e-03
9.890350513160228729e-03
9.878752753138542175e-03
9.845945984125137329e-03
9.814251214265823364e-03
9.781977161765098572e-03
9.740675799548625946e-03
9.721854701638221741e-03
9.700376540422439575e-03
9.687487035989761353e-03
9.669722989201545715e-03
9.649658575654029846e-03
9.616976603865623474e-03
9.588693268597126007e-03
9.562670253217220306e-03
9.541667997837066650e-03
9.513681754469871521e-03
9.486265480518341064e-03
9.463439695537090302e-03
9.439241141080856323e-03
9.421255439519882202e-03
9.404443204402923584e-03
9.377403184771537781e-03
9.359995834529399872e-03
9.305721148848533630e-03
9.249372407793998718e-03
9.177217260003089905e-03
9.097458794713020325e-03
9.055184200406074524e-03
8.993709459900856018e-03
8.961279876530170441e-03
8.930939249694347382e-03
8.913935162127017975e-03
8.888100273907184601e-03
8.856415748596191406e-03
8.830984123051166534e-03
8.804636076092720032e-03
8.784372359514236450e-03
8.772414177656173706e-03
8.759302087128162384e-03
8.733292110264301300e-03
8.694835938513278961e-03
8.649280294775962830e-03
8.644631132483482361e-03
8.610097691416740417e-03
8.555238135159015656e-03
8.516206406056880951e-03
8.464531973004341125e-03
8.430212736129760742e-03
8.399592712521553040e-03
8.360709063708782196e-03
8.307823911309242249e-03
8.280573412775993347e-03
8.253688924014568329e-03
8.218721486628055573e-03
8.181489072740077972e-03
8.154259063303470612e-03
8.134847506880760193e-03
8.121789433062076569e-03
8.113477379083633423e-03
8.102918043732643127e-03
8.093893527984619141e-03
8.082473650574684143e-03
8.057068102061748505e-03
8.028201758861541748e-03
7.992189377546310425e-03
7.941326126456260681e-03
7.854804396629333496e-03
7.756303995847702026e-03
7.692136801779270172e-03
7.664790842682123184e-03
7.648954167962074280e-03
7.637619040906429291e-03
7.615779526531696320e-03
7.618681527674198151e-03
7.602123077958822250e-03
7.576860487461090088e-03
7.562486454844474792e-03
7.549217902123928070e-03
7.538138888776302338e-03
7.523754611611366272e-03
7.505754008889198303e-03
7.477362640202045441e-03
7.440518587827682495e-03
7.401771377772092819e-03
7.359793409705162048e-03
7.303669117391109467e-03
7.245894987136125565e-03
7.204079069197177887e-03
7.288673892617225647e-03
7.181822322309017181e-03
7.135569117963314056e-03
7.088594604283571243e-03
7.056791335344314575e-03
7.030067499727010727e-03
7.006855681538581848e-03
6.974613759666681290e-03
6.950526498258113861e-03
6.937658414244651794e-03
6.926513276994228363e-03
6.916202604770660400e-03
6.900613661855459213e-03
6.884794216603040695e-03
6.868576165288686752e-03
6.855156272649765015e-03
6.846474483609199524e-03
6.836576387286186218e-03
6.824267096817493439e-03
6.808185949921607971e-03
6.792937405407428741e-03
6.780716590583324432e-03
6.784999743103981018e-03
6.771693937480449677e-03
6.752952001988887787e-03
6.720077712088823318e-03
6.713137961924076080e-03
6.681546568870544434e-03
6.675966549664735794e-03
6.665017455816268921e-03
6.656677462160587311e-03
6.641088053584098816e-03
6.618347950279712677e-03
6.600463297218084335e-03
6.578663364052772522e-03
6.562493741512298584e-03
6.551343016326427460e-03
6.540909875184297562e-03
6.524238269776105881e-03
6.507902406156063080e-03
6.484060082584619522e-03
6.462899036705493927e-03
6.444302853196859360e-03
6.424931809306144714e-03
6.405433639883995056e-03
6.386143155395984650e-03
6.367611698806285858e-03
6.344217807054519653e-03
6.309504620730876923e-03
6.284553557634353638e-03
6.276912055909633636e-03
6.226581521332263947e-03
6.212769076228141785e-03
6.196161732077598572e-03
6.182035431265830994e-03
6.225330755114555359e-03
6.174850743263959885e-03
6.162879988551139832e-03
6.155751645565032959e-03
6.151545792818069458e-03
6.148392800241708755e-03
6.138812750577926636e-03
6.126951891928911209e-03
6.395138334482908249e-03
6.123998202383518219e-03
6.111865397542715073e-03
6.093454081565141678e-03
6.074104458093643188e-03
6.055517122149467468e-03
6.027323193848133087e-03
6.036030594259500504e-03
6.014302838593721390e-03
5.981663241982460022e-03
5.959190428256988525e-03
5.943079479038715363e-03
5.929336883127689362e-03
5.901848897337913513e-03
5.877130664885044098e-03
5.865806713700294495e-03
5.855449941009283066e-03
5.842487327754497528e-03
5.832928232848644257e-03
5.821494385600090027e-03
5.820035934448242188e-03
5.806694272905588150e-03
5.801853723824024200e-03
5.791783332824707031e-03
5.777071230113506317e-03
5.749147385358810425e-03
5.979568697512149811e-03
5.738832056522369385e-03
5.717344582080841064e-03
5.704786628484725952e-03
5.691749043762683868e-03
5.682704038918018341e-03
5.671891849488019943e-03
5.659769754856824875e-03
5.649239290505647659e-03
5.640300922095775604e-03
5.630921106785535812e-03
5.616177804768085480e-03
5.635908804833889008e-03
5.606621503829956055e-03
5.587121006101369858e-03
5.553691647946834564e-03
5.511227063834667206e-03
5.472193006426095963e-03
5.448695272207260132e-03
5.424001254141330719e-03
5.409099161624908447e-03
5.393161438405513763e-03
5.370205733925104141e-03
5.346645601093769073e-03
5.332144908607006073e-03
5.324149504303932190e-03
5.315585061907768250e-03
5.305720493197441101e-03
5.279981531202793121e-03
5.342376418411731720e-03
5.269232206046581268e-03
5.244618281722068787e-03
5.230441689491271973e-03
5.217632278800010681e-03
5.205860361456871033e-03
5.187465343624353409e-03
5.169447511434555054e-03
5.158605519682168961e-03
5.149048753082752228e-03
5.141539499163627625e-03
5.135426297783851624e-03
5.125110037624835968e-03
5.116938613355159760e-03
5.108353681862354279e-03
5.165854003280401230e-03
5.106044001877307892e-03
5.096215754747390747e-03
5.085678771138191223e-03
5.073568783700466156e-03
5.058128386735916138e-03
5.038821138441562653e-03
5.027848761528730392e-03
5.009347107261419296e-03
4.989917390048503876e-03
4.970128647983074188e-03
4.954800009727478027e-03
4.947426728904247284e-03
4.938584286719560623e-03
4.927027504891157150e-03
4.907701164484024048e-03
4.906584508717060089e-03
4.896512255072593689e-03
4.880921915173530579e-03
4.869848489761352539e-03
4.860360641032457352e-03
4.843256436288356781e-03
4.828160628676414490e-03
4.815231077373027802e-03
4.804917145520448685e-03
4.793575033545494080e-03
4.776465706527233124e-03
4.760329611599445343e-03
4.750413820147514343e-03
4.751721397042274475e-03
4.746953956782817841e-03
4.739445634186267853e-03
4.729147069156169891e-03
4.716775380074977875e-03
4.712026566267013550e-03
4.694961011409759521e-03
4.685047082602977753e-03
4.675574600696563721e-03
4.661608487367630005e-03
4.651822149753570557e-03
4.635833203792572021e-03
4.620724357664585114e-03
4.610895179212093353e-03
4.600739106535911560e-03
4.590414464473724365e-03
4.583182279020547867e-03
4.577545449137687683e-03
4.570891149342060089e-03
4.564111120998859406e-03
4.554543644189834595e-03
4.548210650682449341e-03
4.544745199382305145e-03
4.534580744802951813e-03
4.525899887084960938e-03
4.511350765824317932e-03
4.499901086091995239e-03
4.500698298215866089e-03
4.493582062423229218e-03
4.486328922212123871e-03
4.479494877159595490e-03
4.468163475394248962e-03
4.458843730390071869e-03
4.450351931154727936e-03
4.441480152308940887e-03
4.426558502018451691e-03
4.412753507494926453e-03
4.402870312333106995e-03
4.399544559419155121e-03
4.396501928567886353e-03
4.393294919282197952e-03
4.386592656373977661e-03
4.384456202387809753e-03
4.369506612420082092e-03
4.359481856226921082e-03
4.339277744293212891e-03
4.317851737141609192e-03
4.295916296541690826e-03
4.282589070498943329e-03
4.263835959136486053e-03
4.247284494340419769e-03
4.228360019624233246e-03
4.204261116683483124e-03
4.189758561551570892e-03
4.183053039014339447e-03
4.177502356469631195e-03
4.170821513980627060e-03
4.158565774559974670e-03
4.153509624302387238e-03
4.146559163928031921e-03
4.142834804952144623e-03
4.137819167226552963e-03
4.125880077481269836e-03
4.115509334951639175e-03
4.104118328541517258e-03
4.093356430530548096e-03
4.088633693754673004e-03
4.085286520421504974e-03
4.078953526914119720e-03
4.072020296007394791e-03
4.063185304403305054e-03
4.045886453241109848e-03
4.034552723169326782e-03
4.034207202494144440e-03
4.024400841444730759e-03
4.009736701846122742e-03
3.999363631010055542e-03
3.985848277807235718e-03
3.971298225224018097e-03
3.957207780331373215e-03
3.950087819248437881e-03
3.943966701626777649e-03
3.937137778848409653e-03
3.926922567188739777e-03
4.011915065348148346e-03
3.923256881535053253e-03
3.913170658051967621e-03
3.905197605490684509e-03
3.896653186529874802e-03
3.888568142428994179e-03
3.881167620420455933e-03
3.873938694596290588e-03
3.864809405058622360e-03
3.875726368278264999e-03
3.854557173326611519e-03
3.834854811429977417e-03
3.820864716544747353e-03
3.811499336734414101e-03
3.805734217166900635e-03
3.798387944698333740e-03
3.791372524574398994e-03
3.786217421293258667e-03
3.782826010137796402e-03
3.778250887989997864e-03
3.773580770939588547e-03
3.770364914089441299e-03
3.765754401683807373e-03
3.763104323297739029e-03
3.757609054446220398e-03
3.764780005440115929e-03
3.756162710487842560e-03
3.753034863620996475e-03
3.749712835997343063e-03
3.745901864022016525e-03
3.741312772035598755e-03
3.738906700164079666e-03
3.731309901922941208e-03
3.724626731127500534e-03
3.719601081684231758e-03
3.713145852088928223e-03
3.705550683662295341e-03
3.700979053974151611e-03
3.698548302054405212e-03
3.696590429171919823e-03
3.694341517984867096e-03
3.690338693559169769e-03
3.683765185996890068e-03
3.675777465105056763e-03
3.666523844003677368e-03
3.655920736491680145e-03
3.646660130470991135e-03
3.638377878814935684e-03
3.629768965765833855e-03
3.623263910412788391e-03
3.616713918745517731e-03
3.605359699577093124e-03
3.596113529056310654e-03
3.588653169572353363e-03
3.581986296921968460e-03
3.573577851057052612e-03
3.566493047401309013e-03
3.557452233508229256e-03
3.549910616129636765e-03
3.545158542692661285e-03
3.542990889400243759e-03
3.539983415976166725e-03
3.535670926794409752e-03
3.531389869749546051e-03
3.529725596308708191e-03
3.526412183418869972e-03
3.524771425873041153e-03
3.522248938679695129e-03
3.518865210935473442e-03
3.513907082378864288e-03
3.508635330945253372e-03
3.502776846289634705e-03
3.496520686894655228e-03
3.491204697638750076e-03
3.482291474938392639e-03
3.472887212410569191e-03
3.468806389719247818e-03
3.466224065050482750e-03
3.463107626885175705e-03
3.458564868196845055e-03
3.454958554357290268e-03
3.449161536991596222e-03
3.446978982537984848e-03
3.444186411798000336e-03
3.441093489527702332e-03
3.436434082686901093e-03
3.433044534176588058e-03
3.429759992286562920e-03
3.426987444981932640e-03
3.422788809984922409e-03
3.416751045733690262e-03
3.411450888961553574e-03
3.403742797672748566e-03
3.397127613425254822e-03
3.393991850316524506e-03
3.390825819224119186e-03
3.387829754501581192e-03
3.382005728781223297e-03
3.376559820026159286e-03
3.373372834175825119e-03
3.371149301528930664e-03
3.367447061464190483e-03
3.362970659509301186e-03
3.356493543833494186e-03
3.349960315972566605e-03
3.344324650242924690e-03
3.337226808071136475e-03
3.333774162456393242e-03
3.328266786411404610e-03
3.330329665914177895e-03
3.325356636196374893e-03
3.319361247122287750e-03
3.313423832878470421e-03
3.306447062641382217e-03
3.299714764580130577e-03
3.291919827461242676e-03
3.283328842371702194e-03
3.275063354521989822e-03
3.270030720159411430e-03
3.264971077442169189e-03
3.260915633291006088e-03
3.258035518229007721e-03
3.254171926528215408e-03
3.252004273235797882e-03
3.247499465942382812e-03
3.243817714974284172e-03
3.237485187128186226e-03
3.233717754483222961e-03
3.230250906199216843e-03
3.226055530831217766e-03
3.223774256184697151e-03
3.216376993805170059e-03
3.212918993085622787e-03
3.204158041626214981e-03
3.200114239007234573e-03
3.192008938640356064e-03
3.182417713105678558e-03
3.174072597175836563e-03
3.168072551488876343e-03
3.163391258567571640e-03
3.159042913466691971e-03
3.156490856781601906e-03
3.148890100419521332e-03
3.146436065435409546e-03
3.143738489598035812e-03
3.140720538794994354e-03
3.137854859232902527e-03
3.135138191282749176e-03
3.131416626274585724e-03
3.127155825495719910e-03
3.120585810393095016e-03
3.114620223641395569e-03
3.108976408839225769e-03
3.135836217552423477e-03
3.105630399659276009e-03
3.101015929132699966e-03
3.092770930379629135e-03
3.090442623943090439e-03
3.087523393332958221e-03
3.081961302086710930e-03
3.078232519328594208e-03
3.075415268540382385e-03
3.072115592658519745e-03
3.071850165724754333e-03
3.068696707487106323e-03
3.066341858357191086e-03
3.063406096771359444e-03
3.060131333768367767e-03
3.054562490433454514e-03
3.048348240554332733e-03
3.041871357709169388e-03
3.036542329937219620e-03
3.040372161194682121e-03
3.034619614481925964e-03
3.032430540770292282e-03
3.030211199074983597e-03
3.028932027518749237e-03
3.024728968739509583e-03
3.020401112735271454e-03
3.015647176653146744e-03
3.010574728250503540e-03
3.005146514624357224e-03
3.002247307449579239e-03
2.995804417878389359e-03
2.992461435496807098e-03
2.989886794239282608e-03
2.987151499837636948e-03
2.980393823236227036e-03
2.974611241370439529e-03
2.969704102724790573e-03
2.967298496514558792e-03
2.965018153190612793e-03
2.962999977171421051e-03
2.957812044769525528e-03
2.955624833703041077e-03
2.953029703348875046e-03
2.951514907181262970e-03
2.949970774352550507e-03
2.949143759906291962e-03
2.946502529084682465e-03
2.944660838693380356e-03
2.942604245617985725e-03
2.940445672720670700e-03
2.937679877504706383e-03
2.935337834060192108e-03
2.932266797870397568e-03
2.930109854787588120e-03
2.927171066403388977e-03
2.924357540905475616e-03
2.920635975897312164e-03
2.919098827987909317e-03
2.915254328399896622e-03
2.912524621933698654e-03
2.910054987296462059e-03
2.906851237639784813e-03
2.904351800680160522e-03
2.902190666645765305e-03
2.899225335568189621e-03
2.897120080888271332e-03
2.893344499170780182e-03
2.895422279834747314e-03
2.891469746828079224e-03
2.889730501919984818e-03
2.888031303882598877e-03
2.886823844164609909e-03
2.884285058826208115e-03
2.905716421082615852e-03
2.883782610297203064e-03
2.881679683923721313e-03
2.878291066735982895e-03
2.874320838600397110e-03
2.869569463655352592e-03
2.862756140530109406e-03
2.854127436876296997e-03
2.861479297280311584e-03
2.849088050425052643e-03
2.842577407136559486e-03
2.839077729731798172e-03
2.837207168340682983e-03
2.832457423210144043e-03
2.855935832485556602e-03
2.831083256751298904e-03
2.826774958521127701e-03
2.823428949341177940e-03
2.819039393216371536e-03
2.815837040543556213e-03
2.812342951074242592e-03
2.808637684211134911e-03
2.800062764436006546e-03
2.793297637253999710e-03
2.795630134642124176e-03
2.790441503748297691e-03
2.785815158858895302e-03
2.783366013318300247e-03
2.779582515358924866e-03
2.774122636765241623e-03
2.772827167063951492e-03
2.761300653219223022e-03
2.757382113486528397e-03
2.751922700554132462e-03
2.747250022366642952e-03
2.740439027547836304e-03
2.732749097049236298e-03
2.725330181419849396e-03
2.719910349696874619e-03
2.714203670620918274e-03
2.707160077989101410e-03
2.706644590944051743e-03
2.702331636101007462e-03
2.695182338356971741e-03
2.693768125027418137e-03
2.691509900614619255e-03
2.690016757696866989e-03
2.688409760594367981e-03
2.686401596292853355e-03
2.686112187802791595e-03
2.684676088392734528e-03
2.682114019989967346e-03
2.679207595065236092e-03
2.677092794328927994e-03
2.676411299034953117e-03
2.672592177987098694e-03
2.671064343303442001e-03
2.669263165444135666e-03
2.666791435331106186e-03
2.662673592567443848e-03
2.657978795468807220e-03
2.652462339028716087e-03
2.644765423610806465e-03
2.642124891281127930e-03
2.638296224176883698e-03
2.634814707562327385e-03
2.632682677358388901e-03
2.628574613481760025e-03
2.625109627842903137e-03
2.622772706672549248e-03
2.620102837681770325e-03
2.625204622745513916e-03
2.618344733491539955e-03
2.614528406411409378e-03
2.611452247947454453e-03
2.607726026326417923e-03
2.604350447654724121e-03
2.599365543574094772e-03
2.594124525785446167e-03
2.583689289167523384e-03
2.576727420091629028e-03
2.576147671788930893e-03
2.571757882833480835e-03
2.564099617302417755e-03
2.558752894401550293e-03
2.549586584791541100e-03
2.541630063205957413e-03
2.534777857363224030e-03
2.529020886868238449e-03
2.525484189391136169e-03
2.522224327549338341e-03
2.513754647225141525e-03
2.510908525437116623e-03
2.506974851712584496e-03
2.503016032278537750e-03
2.499010646715760231e-03
2.496320754289627075e-03
2.493826672434806824e-03
2.490165643393993378e-03
2.487675053998827934e-03
2.484276890754699707e-03
2.482789335772395134e-03
2.481558360159397125e-03
2.479902934283018112e-03
2.476961351931095123e-03
2.473475877195596695e-03
2.470329403877258301e-03
2.468486083671450615e-03
2.466781064867973328e-03
2.464333549141883850e-03
2.462703036144375801e-03
2.461357973515987396e-03
2.460606396198272705e-03
2.459654118865728378e-03
2.458319533616304398e-03
2.456456189975142479e-03
2.454784233123064041e-03
2.452579326927661896e-03
2.449913648888468742e-03
2.448137383908033371e-03
2.445545978844165802e-03
2.443429548293352127e-03
2.441526623442769051e-03
2.438142662867903709e-03
2.433422254398465157e-03
2.423739992082118988e-03
2.422943012788891792e-03
2.419207245111465454e-03
2.417427487671375275e-03
2.409139182418584824e-03
2.406640909612178802e-03
2.401833422482013702e-03
2.398818731307983398e-03
2.392941154539585114e-03
2.390502486377954483e-03
2.388707362115383148e-03
2.386894077062606812e-03
2.383428392931818962e-03
2.380741294473409653e-03
2.379072597250342369e-03
2.377545926719903946e-03
2.379864454269409180e-03
2.376409014686942101e-03
2.374974079430103302e-03
2.372360788285732269e-03
2.370972186326980591e-03
2.369915833696722984e-03
2.369234804064035416e-03
2.368260640650987625e-03
2.366535365581512451e-03
2.374633215367794037e-03
2.365270629525184631e-03
2.361885271966457367e-03
2.357152290642261505e-03
2.353467745706439018e-03
2.355724573135375977e-03
2.351144794374704361e-03
2.348197624087333679e-03
2.345670945942401886e-03
2.342919353395700455e-03
2.339631784707307816e-03
2.340209204703569412e-03
2.336968434974551201e-03
2.333042211830615997e-03
2.330489922314882278e-03
2.328098285943269730e-03
2.325974404811859131e-03
2.323587425053119659e-03
2.321618609130382538e-03
2.317940816283226013e-03
2.315417397767305374e-03
2.313955221325159073e-03
2.311606891453266144e-03
2.311033662408590317e-03
2.310238312929868698e-03
2.309267409145832062e-03
2.307753078639507294e-03
2.306667855009436607e-03
2.305826637893915176e-03
2.304396359249949455e-03
2.303010784089565277e-03
2.300987485796213150e-03
2.298148814588785172e-03
2.293980214744806290e-03
2.288561081513762474e-03
2.284504473209381104e-03
2.282801317051053047e-03
2.279686275869607925e-03
2.277829218655824661e-03
2.275675302371382713e-03
2.274743746966123581e-03
2.272505313158035278e-03
2.269364660605788231e-03
2.266752999275922775e-03
2.263889648020267487e-03
2.263244707137346268e-03
2.261636313050985336e-03
2.260927576571702957e-03
2.259535249322652817e-03
2.257645362988114357e-03
2.254944993183016777e-03
2.253956161439418793e-03
2.251216676086187363e-03
2.249613404273986816e-03
2.246954245492815971e-03
2.245705341920256615e-03
2.243679482489824295e-03
2.245098352432250977e-03
2.242866437882184982e-03
2.241165377199649811e-03
2.246301621198654175e-03
2.240750938653945923e-03
2.239545574411749840e-03
2.238433808088302612e-03
2.237536944448947906e-03
2.235518302768468857e-03
2.234066836535930634e-03
2.232191618531942368e-03
2.230789046734571457e-03
2.229863777756690979e-03
2.228851430118083954e-03
2.227090066298842430e-03
2.226084005087614059e-03
2.224495634436607361e-03
2.223254181444644928e-03
2.220565918833017349e-03
2.218096517026424408e-03
2.214491833001375198e-03
2.212391700595617294e-03
2.210042439401149750e-03
2.208563499152660370e-03
2.206837758421897888e-03
2.206089673563838005e-03
2.208181656897068024e-03
2.205392811447381973e-03
2.204210031777620316e-03
2.202941104769706726e-03
2.201902214437723160e-03
2.200411166995763779e-03
2.198197878897190094e-03
2.195417881011962891e-03
2.191203879192471504e-03
2.184892073273658752e-03
2.181626157835125923e-03
2.175720874220132828e-03
2.171415137127041817e-03
2.166969701647758484e-03
2.163358964025974274e-03
2.161075593903660774e-03
2.159401308745145798e-03
2.157708397135138512e-03
2.155469963327050209e-03
2.152875065803527832e-03
2.153671346604824066e-03
2.151078311726450920e-03
2.148396102711558342e-03
2.143631689250469208e-03
2.141291275620460510e-03
2.137162955477833748e-03
2.150878310203552246e-03
2.135858405381441116e-03
2.133754082024097443e-03
2.130329608917236328e-03
2.127632498741149902e-03
2.124607097357511520e-03
2.122339326888322830e-03
2.120351186022162437e-03
2.124092075973749161e-03
2.118849894031882286e-03
2.116681542247533798e-03
2.110799308866262436e-03
2.108673099428415298e-03
2.105537801980972290e-03
2.103404141962528229e-03
2.100713551044464111e-03
2.096652751788496971e-03
2.093675779178738594e-03
2.087595174089074135e-03
2.159207593649625778e-03
2.085938118398189545e-03
2.083424478769302368e-03
2.082343213260173798e-03
2.081819809973239899e-03
2.080870326608419418e-03
2.080061472952365875e-03
2.078967634588479996e-03
2.077402779832482338e-03
2.075077965855598450e-03
2.073922660201787949e-03
2.070942195132374763e-03
2.069185487926006317e-03
2.066597808152437210e-03
2.063886728137731552e-03
2.061325125396251678e-03
2.062315121293067932e-03
2.060101367533206940e-03
2.058348618447780609e-03
2.056252211332321167e-03
2.054827753454446793e-03
2.052343217656016350e-03
2.050658222287893295e-03
2.049463102594017982e-03
2.048103837296366692e-03
2.044055378064513206e-03
2.040924038738012314e-03
2.038182225078344345e-03
2.033259719610214233e-03
2.030986826866865158e-03
2.027651760727167130e-03
2.025190973654389381e-03
2.023092936724424362e-03
2.021692693233489990e-03
2.020659390836954117e-03
2.019234932959079742e-03
2.025296445935964584e-03
2.018549246713519096e-03
2.016380429267883301e-03
2.015098696574568748e-03
2.013963647186756134e-03
2.012703334912657738e-03
2.009972464293241501e-03
2.006672322750091553e-03
2.002917230129241943e-03
2.004978246986865997e-03
2.001399174332618713e-03
1.998797990381717682e-03
1.996889477595686913e-03
1.995599362999200821e-03
1.994438469409942627e-03
1.992345787584781647e-03
1.990197692066431046e-03
1.987379044294357300e-03
1.982956659048795700e-03
2.021122956648468971e-03
1.981619279831647873e-03
1.977424602955579758e-03
1.973184989765286446e-03
1.970227342098951340e-03
1.967242918908596039e-03
1.972792204469442368e-03
1.965988893061876297e-03
1.964681781828403473e-03
1.963775837793946266e-03
1.962700160220265388e-03
1.960933906957507133e-03
1.958875451236963272e-03
1.959339249879121780e-03
1.957987202331423759e-03
1.956434221938252449e-03
1.954808598384261131e-03
1.953274011611938477e-03
1.951088430359959602e-03
1.950180972926318645e-03
1.945909345522522926e-03
1.944269519299268723e-03
1.942846458405256271e-03
1.941921655088663101e-03
1.940483460202813148e-03
1.939129550009965897e-03
1.937503227964043617e-03
1.936131971888244152e-03
1.932800281792879105e-03
1.931269303895533085e-03
1.927697565406560898e-03
1.926174503751099110e-03
1.924436306580901146e-03
1.923592644743621349e-03
1.921457354910671711e-03
1.919725444167852402e-03
1.917716232128441334e-03
1.915161730721592903e-03
1.913808402605354786e-03
1.910727238282561302e-03
1.908639678731560707e-03
1.906427205540239811e-03
1.904448377899825573e-03
1.901610987260937691e-03
1.897387788631021976e-03
1.908336300402879715e-03
1.896071131341159344e-03
1.893456093966960907e-03
1.891799271106719971e-03
1.890919171273708344e-03
1.890184707008302212e-03
1.889068400487303734e-03
1.887430902570486069e-03
1.885087578557431698e-03
1.882700598798692226e-03
1.886211335659027100e-03
1.880915835499763489e-03
1.877638744190335274e-03
1.874598208814859390e-03
1.871340558864176273e-03
1.867666840553283691e-03
1.863908139057457447e-03
1.859781332314014435e-03
1.855939859524369240e-03
1.852284651249647141e-03
1.848920830525457859e-03
1.844990765675902367e-03
1.840014359913766384e-03
1.837799791246652603e-03
1.833876478485763073e-03
1.831935485824942589e-03
1.828972715884447098e-03
1.826593885198235512e-03
1.824452891014516354e-03
1.822901656851172447e-03
1.821549143642187119e-03
1.823992468416690826e-03
1.821061829105019569e-03
1.820106524974107742e-03
1.818343065679073334e-03
1.816248288378119469e-03
1.813024282455444336e-03
1.811684574931859970e-03
1.811089226976037025e-03
1.810336951166391373e-03
1.809754408895969391e-03
1.808739732950925827e-03
1.807514345273375511e-03
1.805621199309825897e-03
1.803205464966595173e-03
1.800623955205082893e-03
1.797014381736516953e-03
1.793070929124951363e-03
1.789571368135511875e-03
1.788006862625479698e-03
1.785603817552328110e-03
1.784580294042825699e-03
1.783534535206854343e-03
1.781765837222337723e-03
1.780411694198846817e-03
1.779585727490484715e-03
1.778560341335833073e-03
1.776308519765734673e-03
1.774018630385398865e-03
1.770745962858200073e-03
1.767136855050921440e-03
1.763639273121953011e-03
1.759256701916456223e-03
1.756850397214293480e-03
1.751863863319158554e-03
1.752696000039577484e-03
1.750275725498795509e-03
1.747170928865671158e-03
1.743684639222919941e-03
1.740414649248123169e-03
1.736946753226220608e-03
1.733101438730955124e-03
1.728876959532499313e-03
1.725657260976731777e-03
1.722478074952960014e-03
1.719604479148983955e-03
1.716559985652565956e-03
1.717150676995515823e-03
1.714369980618357658e-03
1.711210235953330994e-03
1.708198920823633671e-03
1.705974340438842773e-03
1.705320086330175400e-03
1.702827634289860725e-03
1.701573841273784637e-03
1.699531450867652893e-03
1.697862520813941956e-03
1.695971470326185226e-03
1.694647362455725670e-03
1.693284837529063225e-03
1.692030346021056175e-03
1.689020544290542603e-03
1.691140001639723778e-03
1.686674542725086212e-03
1.682049827650189400e-03
1.678693108260631561e-03
1.676100189797580242e-03
1.674947561696171761e-03
1.673301681876182556e-03
1.671475125476717949e-03
1.670035533607006073e-03
1.668442972004413605e-03
1.665599294938147068e-03
1.663517323322594166e-03
1.659332308918237686e-03
1.678029890172183514e-03
1.658008317463099957e-03
1.655290368944406509e-03
1.651826663874089718e-03
1.648493343964219093e-03
1.644304022192955017e-03
1.640948816202580929e-03
1.639015274122357368e-03
1.637494890019297600e-03
1.635577995330095291e-03
1.630492974072694778e-03
1.626178389415144920e-03
1.620692666620016098e-03
1.616038847714662552e-03
1.612175954505801201e-03
1.608255319297313690e-03
1.604763325303792953e-03
1.621262636035680771e-03
1.603833865374326706e-03
1.602082280442118645e-03
1.600938849151134491e-03
1.599839422851800919e-03
1.598532544448971748e-03
1.597196562215685844e-03
1.595996087417006493e-03
1.594726229086518288e-03
1.593974535353481770e-03
1.592915970832109451e-03
1.591352745890617371e-03
1.587525010108947754e-03
1.585566555149853230e-03
1.583626493811607361e-03
1.579889794811606407e-03
1.576099311932921410e-03
1.576449838466942310e-03
1.575047150254249573e-03
1.573291840031743050e-03
1.572604058310389519e-03
1.571839675307273865e-03
1.570861320942640305e-03
1.568790874443948269e-03
1.566551392897963524e-03
1.564630074426531792e-03
1.562598394230008125e-03
1.559635857120156288e-03
1.556738978251814842e-03
1.554097980260848999e-03
1.550382003188133240e-03
1.545653562061488628e-03
1.541474717669188976e-03
1.538007985800504684e-03
1.543571474030613899e-03
1.537030329927802086e-03
1.534736948087811470e-03
1.533103873953223228e-03
1.531817717477679253e-03
1.530636567622423172e-03
1.528743072412908077e-03
1.525699044577777386e-03
1.523147802799940109e-03
1.520936377346515656e-03
1.519191544502973557e-03
1.517699565738439560e-03
1.514999661594629288e-03
1.515207462944090366e-03
1.513426774181425571e-03
1.511055044829845428e-03
1.509593334048986435e-03
1.507880864664912224e-03
1.505441847257316113e-03
1.502176746726036072e-03
1.497127930633723736e-03
1.497242832556366920e-03
1.494780764915049076e-03
1.490754541009664536e-03
1.488209702074527740e-03
1.485816901549696922e-03
1.483314670622348785e-03
1.481212209910154343e-03
1.480131875723600388e-03
1.479423139244318008e-03
1.478108228184282780e-03
1.476359553635120392e-03
1.474187010899186134e-03
1.471367664635181427e-03
1.469369046390056610e-03
1.467915019020438194e-03
1.466246088966727257e-03
1.465126173570752144e-03
1.464398344978690147e-03
1.463638036511838436e-03
1.463012536987662315e-03
1.462012878619134426e-03
1.460773870348930359e-03
1.459224266000092030e-03
1.456902129575610161e-03
1.454961020499467850e-03
1.453388249501585960e-03
1.451897667720913887e-03
1.450938638299703598e-03
1.450227573513984680e-03
1.449764939025044441e-03
1.448597060516476631e-03
1.447358168661594391e-03
1.445823349058628082e-03
1.444087829440832138e-03
1.442578388378024101e-03
1.441731932573020458e-03
1.440850552171468735e-03
1.440339488908648491e-03
1.439615385606884956e-03
1.438456820324063301e-03
1.437017694115638733e-03
1.436413964256644249e-03
1.435392303392291069e-03
1.434840727597475052e-03
1.433706376701593399e-03
1.431939657777547836e-03
1.429713796824216843e-03
1.427634386345744133e-03
1.456234022043645382e-03
1.427165698260068893e-03
1.425874303095042706e-03
1.424949034117162228e-03
1.423825044184923172e-03
1.422609901055693626e-03
1.421491149812936783e-03
1.420868327841162682e-03
1.419179141521453857e-03
1.418356318026781082e-03
1.417057355865836143e-03
1.415787497535347939e-03
1.414020778611302376e-03
1.412225887179374695e-03
1.410847529768943787e-03
1.410073367878794670e-03
1.409235992468893528e-03
1.408543437719345093e-03
1.407884992659091949e-03
1.406369963660836220e-03
1.405345741659402847e-03
1.402661204338073730e-03
1.400645822286605835e-03
1.404571812599897385e-03
1.399013213813304901e-03
1.397006912156939507e-03
1.392231206409633160e-03
1.390305696986615658e-03
1.386563293635845184e-03
1.384087139740586281e-03
1.381313195452094078e-03
1.379335299134254456e-03
1.377799082547426224e-03
1.377562177367508411e-03
1.375842490233480930e-03
1.374177867546677589e-03
1.371818827465176582e-03
1.369528123177587986e-03
1.367554883472621441e-03
1.366060343571007252e-03
1.364741008728742599e-03
1.363507006317377090e-03
1.363771734759211540e-03
1.362861134111881256e-03
1.361787319183349609e-03
1.359634567052125931e-03
1.358398469164967537e-03
1.357283908873796463e-03
1.357786823064088821e-03
1.356892287731170654e-03
1.356212073005735874e-03
1.355190528556704521e-03
1.353725092485547066e-03
1.351898419670760632e-03
1.350829843431711197e-03
1.348160672932863235e-03
1.346287317574024200e-03
1.344424788840115070e-03
1.342441421002149582e-03
1.340733142569661140e-03
1.339775975793600082e-03
1.338263857178390026e-03
1.337859081104397774e-03
1.336608780547976494e-03
1.336039160378277302e-03
1.335388747975230217e-03
1.334296655841171741e-03
1.332484418526291847e-03
1.333780586719512939e-03
1.331448787823319435e-03
1.329892780631780624e-03
1.328759244643151760e-03
1.327975303865969181e-03
1.326698111370205879e-03
1.324937911704182625e-03
1.323235803283751011e-03
1.321941264905035496e-03
1.321004121564328671e-03
1.319387578405439854e-03
1.323232776485383511e-03
1.319073140621185303e-03
1.318257069215178490e-03
1.317337504588067532e-03
1.316363108344376087e-03
1.314812805503606796e-03
1.312786829657852650e-03
1.309440121985971928e-03
1.306721009314060211e-03
1.303693745285272598e-03
1.300537493079900742e-03
1.295161433517932892e-03
1.289087580516934395e-03
1.282626995816826820e-03
1.277849194593727589e-03
1.272454159334301949e-03
1.267661340534687042e-03
1.264244783669710159e-03
1.258663949556648731e-03
1.255363924428820610e-03
1.253471476957201958e-03
1.252133632078766823e-03
1.250984845682978630e-03
1.249713357537984848e-03
1.247834181413054466e-03
1.245253137312829494e-03
1.242906437255442142e-03
1.241517835296690464e-03
1.240038080140948296e-03
1.238684286363422871e-03
1.236335374414920807e-03
1.234752126038074493e-03
1.232907176017761230e-03
1.231073169037699699e-03
1.230750931426882744e-03
1.228027045726776123e-03
1.226032036356627941e-03
1.224117120727896690e-03
1.222742255777120590e-03
1.220317557454109192e-03
1.218317192979156971e-03
1.216415315866470337e-03
1.212622737511992455e-03
1.209945883601903915e-03
1.206476939842104912e-03
1.201902283355593681e-03
1.197149278596043587e-03
1.195469638332724571e-03
1.193505944684147835e-03
1.191748073324561119e-03
1.189699396491050720e-03
1.187541871331632137e-03
1.185145927593111992e-03
1.183071522973477840e-03
1.180183375254273415e-03
1.178364269435405731e-03
1.176623394712805748e-03
1.176584162749350071e-03
1.175692072138190269e-03
1.174553995952010155e-03
1.172619173303246498e-03
1.171143725514411926e-03
1.170324394479393959e-03
1.169801573269069195e-03
1.168757444247603416e-03
1.168213901109993458e-03
1.167695736512541771e-03
1.166970236226916313e-03
1.165898749604821205e-03
1.164277200587093830e-03
1.162892556749284267e-03
1.161645399406552315e-03
1.160919549874961376e-03
1.160195912234485149e-03
1.158987986855208874e-03
1.158601837232708931e-03
1.157829770818352699e-03
1.158248865976929665e-03
1.157473074272274971e-03
1.156544778496026993e-03
1.155810197815299034e-03
1.155145699158310890e-03
1.155159086920320988e-03
1.154479687102138996e-03
1.153441146016120911e-03
1.151934964582324028e-03
1.151261967606842518e-03
1.150190131738781929e-03
1.148719107732176781e-03
1.147550530731678009e-03
1.146478811278939247e-03
1.145242829807102680e-03
1.157478196546435356e-03
1.144643872976303101e-03
1.143465284258127213e-03
1.140973530709743500e-03
1.138976542279124260e-03
1.136554870754480362e-03
1.134231686592102051e-03
1.132225734181702137e-03
1.130666816607117653e-03
1.129214535467326641e-03
1.126734656281769276e-03
1.124153379350900650e-03
1.122385379858314991e-03
1.121121458709239960e-03
1.119991997256875038e-03
1.118742628023028374e-03
1.115743769332766533e-03
1.114423619583249092e-03
1.112294965423643589e-03
1.110207056626677513e-03
1.108911354094743729e-03
1.110686454921960831e-03
1.107896561734378338e-03
1.105725415982306004e-03
1.104152761399745941e-03
1.102150650694966316e-03
1.099503482691943645e-03
1.099267625249922276e-03
1.096684951335191727e-03
1.096052583307027817e-03
1.095124986022710800e-03
1.094699604436755180e-03
1.094139646738767624e-03
1.094061182811856270e-03
1.093275612220168114e-03
1.092976657673716545e-03
1.092570950277149677e-03
1.092148711904883385e-03
1.096279826015233994e-03
1.092015067115426064e-03
1.091394457034766674e-03
1.090696430765092373e-03
1.089998288080096245e-03
1.089331228286027908e-03
1.088076271116733551e-03
1.086552627384662628e-03
1.084815012291073799e-03
1.083244802430272102e-03
1.081590307876467705e-03
1.080644316971302032e-03
1.079048379324376583e-03
1.079373992979526520e-03
1.078411703929305077e-03
1.077998895198106766e-03
1.076330081559717655e-03
1.075908774510025978e-03
1.075369887985289097e-03
1.074309227988123894e-03
1.073849387466907501e-03
1.073056831955909729e-03
1.072500133886933327e-03
1.072104554623365402e-03
1.071552280336618423e-03
1.070668920874595642e-03
1.069659600034356117e-03
1.068945974111557007e-03
1.068129204213619232e-03
1.067521981894969940e-03
1.067189732566475868e-03
1.066700322553515434e-03
1.065737218596041203e-03
1.064878888428211212e-03
1.064480049535632133e-03
1.063611009158194065e-03
1.062954193912446499e-03
1.062056282535195351e-03
1.061629969626665115e-03
1.061166869476437569e-03
1.060712151229381561e-03
1.060073263943195343e-03
1.058763824403285980e-03
1.057526562362909317e-03
1.056207809597253799e-03
1.054875319823622704e-03
1.055082073435187340e-03
1.054318621754646301e-03
1.053524436429142952e-03
1.052723615430295467e-03
1.051975646987557411e-03
1.050795312039554119e-03
1.059043454006314278e-03
1.050567720085382462e-03
1.049763988703489304e-03
1.049588434398174286e-03
1.048676902428269386e-03
1.048279809765517712e-03
1.047891564667224884e-03
1.046901335939764977e-03
1.045722048729658127e-03
1.044396078214049339e-03
1.042835414409637451e-03
1.039488473907113075e-03
1.037076115608215332e-03
1.036219531670212746e-03
1.034505432471632957e-03
1.034103101119399071e-03
1.033557462505996227e-03
1.032528234645724297e-03
1.031293300911784172e-03
1.030273968353867531e-03
1.029251143336296082e-03
1.027539139613509178e-03
1.026737038046121597e-03
1.024156343191862106e-03
1.022538519464433193e-03
1.021302072331309319e-03
1.020581461489200592e-03
1.020280062220990658e-03
1.019587158225476742e-03
1.019196584820747375e-03
1.018310198560357094e-03
1.016919966787099838e-03
1.015639863908290863e-03
1.014578854665160179e-03
1.012610038742423058e-03
1.009686617180705070e-03
1.012211665511131287e-03
1.008260995149612427e-03
1.006406964734196663e-03
1.004853635095059872e-03
1.003929995931684971e-03
1.002860721200704575e-03
1.002176664769649506e-03
1.001451862975955009e-03
9.999211179092526436e-04
9.977964218705892563e-04
9.958613663911819458e-04
9.939516894519329071e-04
9.929068619385361671e-04
9.918118594214320183e-04
9.905518963932991028e-04
9.890771470963954926e-04
9.878308046609163284e-04
9.868402266874909401e-04
9.869480272755026817e-04
9.860926074907183647e-04
9.843342704698443413e-04
9.823794243857264519e-04
9.811981581151485443e-04
9.798458777368068695e-04
9.777948725968599319e-04
9.756741346791386604e-04
9.722909890115261078e-04
9.805068839341402054e-04
9.716114145703613758e-04
9.699023794382810593e-04
9.679430513642728329e-04
9.661206277087330818e-04
9.627190884202718735e-04
9.619952761568129063e-04
9.593022987246513367e-04
9.581400081515312195e-04
9.564256179146468639e-04
9.550183312967419624e-04
9.541867766529321671e-04
9.534362470731139183e-04
9.530114475637674332e-04
9.524731431156396866e-04
9.518479928374290466e-04
9.514293633401393890e-04
9.509227238595485687e-04
9.507086360827088356e-04
9.501535678282380104e-04
9.492528624832630157e-04
9.477236308157444000e-04
9.452272206544876099e-04
9.438560227863490582e-04
9.427146869711577892e-04
9.419469279237091541e-04
9.408757323399186134e-04
9.400418493896722794e-04
9.389191400259733200e-04
9.383659344166517258e-04
9.375929948873817921e-04
9.368928149342536926e-04
9.363146964460611343e-04
9.357109665870666504e-04
9.351402404718101025e-04
9.346596780233085155e-04
9.339182870462536812e-04
9.332869667559862137e-04
9.322656551375985146e-04
9.319313103333115578e-04
9.313579066656529903e-04
9.310947498306632042e-04
9.307460277341306210e-04
9.310624445788562298e-04
9.305130806751549244e-04
9.300786769017577171e-04
9.292808827012777328e-04
9.284076513722538948e-04
9.273334871977567673e-04
9.260429069399833679e-04
9.256468620151281357e-04
9.250035509467124939e-04
9.240966755896806717e-04
9.229899151250720024e-04
9.201741777360439301e-04
9.182561188936233521e-04
9.171545971184968948e-04
9.161529596894979477e-04
9.146195952780544758e-04
9.132972918450832367e-04
9.118631132878363132e-04
9.108027443289756775e-04
9.101226460188627243e-04
9.090545354411005974e-04
9.082612814381718636e-04
9.081308380700647831e-04
9.072932880371809006e-04
9.068392100743949413e-04
9.062181343324482441e-04
9.056815179064869881e-04
9.051721426658332348e-04
9.046793566085398197e-04
9.042145684361457825e-04
9.030394721776247025e-04
9.021781152114272118e-04
9.017341071739792824e-04
9.008698398247361183e-04
9.006101754494011402e-04
9.001181460916996002e-04
8.997076074592769146e-04
8.993671508505940437e-04
8.989070774987339973e-04
8.983968291431665421e-04
8.977424586191773415e-04
8.970784838311374187e-04
8.957143872976303101e-04
8.949926123023033142e-04
8.945257868617773056e-04
8.939335239119827747e-04
8.937263046391308308e-04
8.933469071052968502e-04
8.930078474804759026e-04
8.926477748900651932e-04
8.921667467802762985e-04
8.917850209400057793e-04
8.913715137168765068e-04
8.907163282856345177e-04
8.906185394152998924e-04
8.897094521671533585e-04
8.891385514289140701e-04
8.886348223313689232e-04
8.880128152668476105e-04
8.876023348420858383e-04
8.871047175489366055e-04
8.866103016771376133e-04
8.859330555424094200e-04
8.849731530062854290e-04
8.841486996971070766e-04
8.834173204377293587e-04
8.829457219690084457e-04
8.825516561046242714e-04
8.820960647426545620e-04
8.810473373159766197e-04
8.796849288046360016e-04
8.784229867160320282e-04
8.778632618486881256e-04
8.773279841989278793e-04
8.768960833549499512e-04
8.762819925323128700e-04
8.767027175053954124e-04
8.758995682001113892e-04
8.750612614676356316e-04
8.743582875467836857e-04
8.735074079595506191e-04
8.726655505597591400e-04
8.720525074750185013e-04
8.713264251127839088e-04
8.705906802788376808e-04
8.699543541297316551e-04
8.697342127561569214e-04
8.691372349858283997e-04
8.688879897817969322e-04
8.685247739776968956e-04
8.680893224664032459e-04
8.675948483869433403e-04
8.687783847562968731e-04
8.674584678374230862e-04
8.671288378536701202e-04
8.666858775541186333e-04
8.656549034640192986e-04
8.646224741823971272e-04
8.632640237919986248e-04
8.617004496045410633e-04
8.602602174505591393e-04
8.578944834880530834e-04
8.564658928662538528e-04
8.554048836231231689e-04
8.535447996109724045e-04
8.528489852324128151e-04
8.514364017173647881e-04
8.499453542754054070e-04
8.476490620523691177e-04
8.474825881421566010e-04
8.459562668576836586e-04
8.454141789115965366e-04
8.444851846434175968e-04
8.447346626780927181e-04
8.439748780801892281e-04
8.433145703747868538e-04
8.424151455983519554e-04
8.417318458668887615e-04
8.406165870837867260e-04
8.395025506615638733e-04
8.381594088859856129e-04
8.370447903871536255e-04
8.361571235582232475e-04
8.352820295840501785e-04
8.342212531715631485e-04
8.336032042279839516e-04
8.328981930390000343e-04
8.322463836520910263e-04
8.316757157444953918e-04
8.310913108289241791e-04
8.303964277729392052e-04
8.305995143018662930e-04
8.299516048282384872e-04
8.291614940389990807e-04
8.287811651825904846e-04
8.286837837658822536e-04
8.278965251520276070e-04
8.276168955489993095e-04
8.269426180049777031e-04
8.264475618489086628e-04
8.250770624727010727e-04
8.239754242822527885e-04
8.225146448239684105e-04
8.211107342503964901e-04
8.193417452275753021e-04
8.164680912159383297e-04
8.123844163492321968e-04
8.099287515506148338e-04
8.081507985480129719e-04
8.067771559581160545e-04
8.056334918364882469e-04
8.036747458390891552e-04
8.030576282180845737e-04
8.021467365324497223e-04
8.092718780972063541e-04
8.015239145606756210e-04
8.001088281162083149e-04
7.989696459844708443e-04
7.982216775417327881e-04
7.975000189617276192e-04
7.963198586367070675e-04
7.949172286316752434e-04
7.938517956063151360e-04
7.932818261906504631e-04
7.926044054329395294e-04
7.916544564068317413e-04
7.913872832432389259e-04
7.902927463874220848e-04
7.899167248979210854e-04
7.895972812548279762e-04
7.893064175732433796e-04
7.889039698056876659e-04
7.884921506047248840e-04
7.879773038439452648e-04
7.874556467868387699e-04
7.868813117966055870e-04
7.863337523303925991e-04
7.854481227695941925e-04
7.847305969335138798e-04
7.834854768589138985e-04
7.828107918612658978e-04
7.821549661457538605e-04
7.814824348315596581e-04
7.809916278347373009e-04
7.794844568707048893e-04
7.779822335578501225e-04
7.765779737383127213e-04
7.752923411317169666e-04
7.740085129626095295e-04
7.805313798598945141e-04
7.735332474112510681e-04
7.729019853286445141e-04
7.717137923464179039e-04
7.708982448093593121e-04
7.682379218749701977e-04
7.664791774004697800e-04
7.650117040611803532e-04
7.630098843947052956e-04
7.614442147314548492e-04
7.601081160828471184e-04
7.589868037030100822e-04
7.581079844385385513e-04
7.572532631456851959e-04
7.564958650618791580e-04
7.560179801657795906e-04
7.553971372544765472e-04
7.548955036327242851e-04
7.544844411313533783e-04
7.540044607594609261e-04
7.533651078119874001e-04
7.528329733759164810e-04
7.522949017584323883e-04
7.517621270380914211e-04
7.515533361583948135e-04
7.512696902267634869e-04
7.551723392680287361e-04
7.510972209274768829e-04
7.509226561523973942e-04
7.505773101001977921e-04
7.502764929085969925e-04
7.495622849091887474e-04
7.489980198442935944e-04
7.485494134016335011e-04
7.477745530195534229e-04
7.471871795132756233e-04
7.461578934453427792e-04
7.451793644577264786e-04
7.444130023941397667e-04
7.437160238623619080e-04
7.433853461407124996e-04
7.425752701237797737e-04
7.411687402054667473e-04
7.399595342576503754e-04
7.388076046481728554e-04
7.379309972748160362e-04
7.375549757853150368e-04
7.366354693658649921e-04
7.355636334978044033e-04
7.348307408392429352e-04
7.337689166888594627e-04
7.328288629651069641e-04
7.318832213059067726e-04
7.310694782063364983e-04
7.306749466806650162e-04
7.297765114344656467e-04
7.293582893908023834e-04
7.288965862244367599e-04
7.282488513737916946e-04
7.267409237101674080e-04
7.258474361151456833e-04
7.239472470246255398e-04
7.230920018628239632e-04
7.222798885777592659e-04
7.216274389065802097e-04
7.208986207842826843e-04
7.206605514511466026e-04
7.201662519946694374e-04
7.199272513389587402e-04
7.198344101198017597e-04
7.194026838988065720e-04
7.191494805738329887e-04
7.186423172242939472e-04
7.180055836215615273e-04
7.173534249886870384e-04
7.178451633080840111e-04
7.169822929427027702e-04
7.166814175434410572e-04
7.162913680076599121e-04
7.159338565543293953e-04
7.153853075578808784e-04
7.151110330596566200e-04
7.146658608689904213e-04
7.144485134631395340e-04
7.142651593312621117e-04
7.139033405110239983e-04
7.153890910558402538e-04
7.137184729799628258e-04
7.132181199267506599e-04
7.125395350158214569e-04
7.120888913050293922e-04
7.115764310583472252e-04
7.112048915587365627e-04
7.107020355761051178e-04
7.103612297214567661e-04
7.099228678271174431e-04
7.089377031661570072e-04
7.079696515575051308e-04
7.073230226524174213e-04
7.071776781231164932e-04
7.067481055855751038e-04
7.061683572828769684e-04
7.084055105224251747e-04
7.056589820422232151e-04
7.049356936477124691e-04
7.038313779048621655e-04
7.033689180389046669e-04
7.027983665466308594e-04
7.028150721453130245e-04
7.024336373433470726e-04
7.019073818810284138e-04
7.015720475465059280e-04
7.010757690295577049e-04
7.004357757978141308e-04
6.996329175308346748e-04
6.989581743255257607e-04
6.986557273194193840e-04
6.984024075791239738e-04
6.981840124353766441e-04
6.979587487876415253e-04
6.975932046771049500e-04
6.971486145630478859e-04
6.967320223338901997e-04
6.964112981222569942e-04
6.960921455174684525e-04
6.956668221391737461e-04
6.951811374165117741e-04
6.945416098460555077e-04
6.939575541764497757e-04
6.949394010007381439e-04
6.936831050552427769e-04
6.933882832527160645e-04
6.929933442734181881e-04
6.925573106855154037e-04
6.921864696778357029e-04
6.917879218235611916e-04
6.913845427334308624e-04
6.907619535923004150e-04
6.901416927576065063e-04
6.895968108437955379e-04
6.886692717671394348e-04
6.879218854010105133e-04
6.874652463011443615e-04
6.868710042908787727e-04
6.865988252684473991e-04
6.862632581032812595e-04
6.856926484033465385e-04
6.850186036899685860e-04
6.846625474281609058e-04
6.842243019491434097e-04
6.839467096142470837e-04
6.835689418949186802e-04
6.832652725279331207e-04
6.828744080848991871e-04
6.824407610110938549e-04
6.818568799644708633e-04
6.814718362875282764e-04
6.811782368458807468e-04
6.806334713473916054e-04
6.798064569011330605e-04
6.790595361962914467e-04
6.788672762922942638e-04
6.785411387681961060e-04
6.783728022128343582e-04
6.782280979678034782e-04
6.779661052860319614e-04
6.776260561309754848e-04
6.772003252990543842e-04
6.764876889064908028e-04
6.759945536032319069e-04
6.751659675501286983e-04
6.755302892997860909e-04
6.746653816662728786e-04
6.739957607351243496e-04
6.735008209943771362e-04
6.730494787916541100e-04
6.728086154907941818e-04
6.726245046593248844e-04
6.723589613102376461e-04
6.721529061906039715e-04
6.719342782162129879e-04
6.718420190736651421e-04
6.717554060742259026e-04
6.718805525451898575e-04
6.716783391311764717e-04
6.715860799886286259e-04
6.714433548040688038e-04
6.713215843774378300e-04
6.711609312333166599e-04
6.709301960654556751e-04
6.706851418130099773e-04
6.704420084133744240e-04
6.701187230646610260e-04
6.697697099298238754e-04
6.692946190014481544e-04
6.691799499094486237e-04
6.687878631055355072e-04
6.686327978968620300e-04
6.684233667328953743e-04
6.678238278254866600e-04
6.673585739918053150e-04
6.672617746517062187e-04
6.666812114417552948e-04
6.664745160378515720e-04
6.658139172941446304e-04
6.649168208241462708e-04
6.639815401285886765e-04
6.631942815147340298e-04
6.622337969020009041e-04
6.615499733015894890e-04
6.607103277929127216e-04
6.599548505619168282e-04
6.593497237190604210e-04
6.583954673260450363e-04
6.569624529220163822e-04
6.683873943984508514e-04
6.566302618011832237e-04
6.554779829457402229e-04
6.548122619278728962e-04
6.544926436617970467e-04
6.540394388139247894e-04
6.534113781526684761e-04
6.545104552060365677e-04
6.531506078317761421e-04
6.526006036438047886e-04
6.522362818941473961e-04
6.518924492411315441e-04
6.514354608952999115e-04
6.507742800749838352e-04
6.537671433761715889e-04
6.504740449599921703e-04
6.497926660813391209e-04
6.492325337603688240e-04
6.489537190645933151e-04
6.485666381195187569e-04
6.482737371698021889e-04
6.478339200839400291e-04
6.474948022514581680e-04
6.465160986408591270e-04
6.489300285466015339e-04
6.463252939283847809e-04
6.458772113546729088e-04
6.453611422330141068e-04
6.450860528275370598e-04
6.452279631048440933e-04
6.448491476476192474e-04
6.445118924602866173e-04
6.448313361033797264e-04
6.443585734814405441e-04
6.440316792577505112e-04
6.438942509703338146e-04
6.435958785004913807e-04
6.431801011785864830e-04
6.427066400647163391e-04
6.431270739994943142e-04
6.424384191632270813e-04
6.421091966331005096e-04
6.419477285817265511e-04
6.418144912458956242e-04
6.416639662347733974e-04
6.414013914763927460e-04
6.411144859157502651e-04
6.408356130123138428e-04
6.406320026144385338e-04
6.403935840353369713e-04
6.402503931894898415e-04
6.400224519893527031e-04
6.397208780981600285e-04
6.394804222509264946e-04
6.392112700268626213e-04
6.389180198311805725e-04
6.388995680026710033e-04
6.387628382071852684e-04
6.384798325598239899e-04
6.384959560818970203e-04
6.383032887242734432e-04
6.379910628311336040e-04
6.378515972755849361e-04
6.375169614329934120e-04
6.375114899128675461e-04
6.373605574481189251e-04
6.371769122779369354e-04
6.370104965753853321e-04
6.367446039803326130e-04
6.393019575625658035e-04
6.366733578033745289e-04
6.363568827509880066e-04
6.359860417433083057e-04
6.356068188324570656e-04
6.352034397423267365e-04
6.349046598188579082e-04
6.344983121380209923e-04
6.341097177937626839e-04
6.336980732157826424e-04
6.333595374599099159e-04
6.335227517411112785e-04
6.331487675197422504e-04
6.326963775791227818e-04
6.324090063571929932e-04
6.319987005554139614e-04
6.317391525954008102e-04
6.315034115687012672e-04
6.313186604529619217e-04
6.311386823654174805e-04
6.309967138804495335e-04
6.310245371423661709e-04
6.308750016614794731e-04
6.306299474090337753e-04
6.303710397332906723e-04
6.299000233411788940e-04
6.291827885434031487e-04
6.290111923590302467e-04
6.279847584664821625e-04
6.276044296100735664e-04
6.271007005125284195e-04
6.263188552111387253e-04
6.258991779759526253e-04
6.249978323467075825e-04
6.245803087949752808e-04
6.243127863854169846e-04
6.237771012820303440e-04
6.234204047359526157e-04
6.228697602637112141e-04
6.223996169865131378e-04
6.225545657798647881e-04
6.221427465789020061e-04
6.216426845639944077e-04
6.212159059941768646e-04
6.203233497217297554e-04
6.189700216054916382e-04
6.188398110680282116e-04
6.182827637530863285e-04
6.173901492729783058e-04
6.169924163259565830e-04
6.167284445837140083e-04
6.165043450891971588e-04
6.158234318718314171e-04
6.153832073323428631e-04
6.143162609077990055e-04
6.128911627456545830e-04
6.117115262895822525e-04
6.117603625170886517e-04
6.112256087362766266e-04
6.106410291977226734e-04
6.097849691286683083e-04
6.091711111366748810e-04
6.086202920414507389e-04
6.080367602407932281e-04
6.075061392039060593e-04
6.069260416552424431e-04
6.063723703846335411e-04
6.061859894543886185e-04
6.061608437448740005e-04
6.060132873244583607e-04
6.056582788005471230e-04
6.053890683688223362e-04
6.043958710506558418e-04
6.035335827618837357e-04
6.028033676557242870e-04
6.015391554683446884e-04
6.009939825162291527e-04
6.003800081089138985e-04
6.000466528348624706e-04
5.993182421661913395e-04
5.982181755825877190e-04
5.968536715954542160e-04
5.957281100563704967e-04
5.951403873041272163e-04
5.947498721070587635e-04
5.943020805716514587e-04
5.938382819294929504e-04
5.933961365371942520e-04
5.929888575337827206e-04
5.926662706770002842e-04
5.924407159909605980e-04
5.921142874285578728e-04
5.918963579460978508e-04
5.917501403018832207e-04
5.914862849749624729e-04
5.913346540182828903e-04
5.912052583880722523e-04
5.909848259761929512e-04
5.906226579099893570e-04
5.921979900449514389e-04
5.904701538383960724e-04
5.900467513129115105e-04
5.896462826058268547e-04
5.890507018193602562e-04
5.886892322450876236e-04
5.881797987967729568e-04
5.877687362954020500e-04
5.872439360246062279e-04
5.866484716534614563e-04
5.878810770809650421e-04
5.863124388270080090e-04
5.857741343788802624e-04
5.850350717082619667e-04
5.847573047503829002e-04
5.844070110470056534e-04
5.855882773175835609e-04
5.843183607794344425e-04
5.841144011355936527e-04
5.839718505740165710e-04
5.838552024215459824e-04
5.837154458276927471e-04
5.837262142449617386e-04
5.836181808263063431e-04
5.833864561282098293e-04
5.832306924276053905e-04
5.829110159538686275e-04
5.826334236189723015e-04
5.847957800142467022e-04
5.824556574225425720e-04
5.821763188578188419e-04
5.820276564918458462e-04
5.819337675347924232e-04
5.817369674332439899e-04
5.814876640215516090e-04
5.817272467538714409e-04
5.813454044982790947e-04
5.810282891616225243e-04
5.808442947454750538e-04
5.807080306112766266e-04
5.805905675515532494e-04
5.803606472909450531e-04
5.798691418021917343e-04
5.795290926471352577e-04
5.792875308543443680e-04
5.789926508441567421e-04
5.787417758256196976e-04
5.785262910649180412e-04
5.782452062703669071e-04
5.777911283075809479e-04
5.773818120360374451e-04
5.769976414740085602e-04
5.766293033957481384e-04
5.762547953054308891e-04
5.759294726885855198e-04
5.752652068622410297e-04
5.745382513850927353e-04
5.734635051339864731e-04
5.751477438025176525e-04
5.729469703510403633e-04
5.718978354707360268e-04
5.711332778446376324e-04
5.705421790480613708e-04
5.701311165466904640e-04
5.696312291547656059e-04
5.696263397112488747e-04
5.694374558515846729e-04
5.691636470146477222e-04
5.689946701750159264e-04
5.686936783604323864e-04
5.683484487235546112e-04
5.675916327163577080e-04
5.685992073267698288e-04
5.672252154909074306e-04
5.667004734277725220e-04
5.665450589731335640e-04
5.661947652697563171e-04
5.660902825184166431e-04
5.658759619109332561e-04
5.656210123561322689e-04
5.655235727317631245e-04
5.651702522300183773e-04
5.649622762575745583e-04
5.646347999572753906e-04
5.643148324452340603e-04
5.633925902657210827e-04
5.629413644783198833e-04
5.618157447315752506e-04
5.613456596620380878e-04
5.610883818008005619e-04
5.608782521449029446e-04
5.603294703178107738e-04
5.598339485004544258e-04
5.601152079179883003e-04
5.596373230218887329e-04
5.595444235950708389e-04
5.592061788775026798e-04
5.590678192675113678e-04
5.587816704064607620e-04
5.607675411738455296e-04
5.585648468695580959e-04
5.582289304584264755e-04
5.578445852734148502e-04
5.574612878262996674e-04
5.571668152697384357e-04
5.567365442402660847e-04
5.564961466006934643e-04
5.562868318520486355e-04
5.560541758313775063e-04
5.558043485507369041e-04
5.553866503760218620e-04
5.550710484385490417e-04
5.548429908230900764e-04
5.548546323552727699e-04
5.547741311602294445e-04
5.546994507312774658e-04
5.545270978473126888e-04
5.544567829929292202e-04
5.543343140743672848e-04
5.541463615372776985e-04
5.539344856515526772e-04
5.536301177926361561e-04
5.534095689654350281e-04
5.532227223739027977e-04
5.530979251489043236e-04
5.529464688152074814e-04
5.528433830477297306e-04
5.527278408408164978e-04
5.527231260202825069e-04
5.525958840735256672e-04
5.524721927940845490e-04
5.524094449356198311e-04
5.523435538634657860e-04
5.522792926058173180e-04
5.521142156794667244e-04
5.519539117813110352e-04
5.517749232240021229e-04
5.515548400580883026e-04
5.512153147719800472e-04
5.508366157300770283e-04
5.502864369191229343e-04
5.498179816640913486e-04
5.494646611623466015e-04
5.491855554282665253e-04
5.490292096510529518e-04
5.487566813826560974e-04
5.485180299729108810e-04
5.481783300638198853e-04
5.478729726746678352e-04
5.475002108141779900e-04
5.468179588206112385e-04
5.462807603180408478e-04
5.459087551571428776e-04
5.458050873130559921e-04
5.455833161249756813e-04
5.454441416077315807e-04
5.452216719277203083e-04
5.449617165140807629e-04
5.447723669931292534e-04
5.444061825983226299e-04
5.441596731543540955e-04
5.437803920358419418e-04
5.432778270915150642e-04
5.463119596242904663e-04
5.430273595266044140e-04
5.425114650279283524e-04
5.425265990197658539e-04
5.423179827630519867e-04
5.421291571110486984e-04
5.419756635092198849e-04
5.417279899120330811e-04
5.414391052909195423e-04
5.411687307059764862e-04
5.412095924839377403e-04
5.410161102190613747e-04
5.408106371760368347e-04
5.406216951087117195e-04
5.405139527283608913e-04
5.402571405284106731e-04
5.400695372372865677e-04
5.405947449617087841e-04
5.399656365625560284e-04
5.397781496867537498e-04
5.394788458943367004e-04
5.392538732849061489e-04
5.387658020481467247e-04
5.383689422160387039e-04
5.380227812565863132e-04
5.378048517741262913e-04
5.376528715714812279e-04
5.374964675866067410e-04
5.372377927415072918e-04
5.376532208174467087e-04
5.371297011151909828e-04
5.369053105823695660e-04
5.367397097870707512e-04
5.366391851566731930e-04
5.365031538531184196e-04
5.363646196201443672e-04
5.362065276131033897e-04
5.359133938327431679e-04
5.354092572815716267e-04
5.364915123209357262e-04
5.352884763851761818e-04
5.349249113351106644e-04
5.346686812117695808e-04
5.344116361811757088e-04
5.341786891222000122e-04
5.338874179869890213e-04
5.332427681423723698e-04
5.328586557880043983e-04
5.324358353391289711e-04
5.322802462615072727e-04
5.320627824403345585e-04
5.316834431141614914e-04
5.314594600349664688e-04
5.311240092851221561e-04
5.309658590704202652e-04
5.308330291882157326e-04
5.307935643941164017e-04
5.305019440129399300e-04
5.304051446728408337e-04
5.302214412949979305e-04
5.300110206007957458e-04
5.297178868204355240e-04
5.294572329148650169e-04
5.291721899993717670e-04
5.290395347401499748e-04
5.288902902975678444e-04
5.286589148454368114e-04
5.281998892314732075e-04
5.278731114231050014e-04
5.270958063192665577e-04
5.266345106065273285e-04
5.261199548840522766e-04
5.260573234409093857e-04
5.254713469184935093e-04
5.249835667200386524e-04
5.244712810963392258e-04
5.241669714450836182e-04
5.238411249592900276e-04
5.235015996731817722e-04
5.233129486441612244e-04
5.230276146903634071e-04
5.227064830251038074e-04
5.222525796853005886e-04
5.228606169112026691e-04
5.220253369770944118e-04
5.217766156420111656e-04
5.214215489104390144e-04
5.211734678596258163e-04
5.207799840718507767e-04
5.202362081035971642e-04
5.223951302468776703e-04
5.199636798352003098e-04
5.192449898459017277e-04
5.183312459848821163e-04
5.174507386982440948e-04
5.183804896660149097e-04
5.171305965632200241e-04
5.165326874703168869e-04
5.160623695701360703e-04
5.153968813829123974e-04
5.146258044987916946e-04
5.138938431628048420e-04
5.148297641426324844e-04
5.137365660630166531e-04
5.133757367730140686e-04
5.131337093189358711e-04
5.127336480654776096e-04
5.124334129504859447e-04
5.122009897604584694e-04
5.120261921547353268e-04
5.118479020893573761e-04
5.116154206916689873e-04
5.112091894261538982e-04
5.108534242026507854e-04
5.103097646497189999e-04
5.098294932395219803e-04
5.092883948236703873e-04
5.089062033221125603e-04
5.087668541818857193e-04
5.086571327410638332e-04
5.085847806185483932e-04
5.082989810034632683e-04
5.079678958281874657e-04
5.075942026451230049e-04
5.072196945548057556e-04
5.068122991360723972e-04
5.065564182586967945e-04
5.063607823103666306e-04
5.061944248154759407e-04
5.060114199295639992e-04
5.057677626609802246e-04
5.055135698057711124e-04
5.051675252616405487e-04
5.060415132902562618e-04
5.050550098530948162e-04
5.048291059210896492e-04
5.046402802690863609e-04
5.045401630923151970e-04
5.041485419496893883e-04
5.053446511738002300e-04
5.040500545874238014e-04
5.038151866756379604e-04
5.036697839386761189e-04
5.035220528952777386e-04
5.033022025600075722e-04
5.030184984207153320e-04
5.035189678892493248e-04
5.029126186855137348e-04
5.027286242693662643e-04
5.025852005928754807e-04
5.023807752877473831e-04
5.019172094762325287e-04
5.014074267819523811e-04
5.009501473978161812e-04
5.005085840821266174e-04
5.002277321182191372e-04
4.999308730475604534e-04
4.994045011699199677e-04
4.994717892259359360e-04
4.992319736629724503e-04
4.990386078134179115e-04
4.989420995116233826e-04
4.988628788851201534e-04
4.986660787835717201e-04
4.983940161764621735e-04
4.981507663615047932e-04
4.979723598808050156e-04
4.977452917955815792e-04
4.974982002750039101e-04
4.972129827365279198e-04
4.967872519046068192e-04
4.965824191458523273e-04
4.964243853464722633e-04
4.962966195307672024e-04
4.962296807207167149e-04
4.960793885402381420e-04
4.959422512911260128e-04
4.957517958246171474e-04
4.954450996592640877e-04
4.991230671294033527e-04
4.952934104949235916e-04
4.949675640091300011e-04
4.947838606312870979e-04
4.944703541696071625e-04
4.942330415360629559e-04
4.938907804898917675e-04
4.938198253512382507e-04
4.935864708386361599e-04
4.935021279379725456e-04
4.934038151986896992e-04
4.933242453262209892e-04
4.932026495225727558e-04
4.930796567350625992e-04
4.929141723550856113e-04
4.926616675220429897e-04
4.939830396324396133e-04
4.925978137180209160e-04
4.923961823806166649e-04
4.921303479932248592e-04
4.916955949738621712e-04
4.912018193863332272e-04
4.916323814541101456e-04
4.909230046905577183e-04
4.905334208160638809e-04
4.902606015093624592e-04
4.901274223811924458e-04
4.899365594610571861e-04
4.897898179478943348e-04
4.895977326668798923e-04
4.893612349405884743e-04
4.891072167083621025e-04
4.888095427304506302e-04
4.884643130935728550e-04
4.883321234956383705e-04
4.879087209701538086e-04
4.877417522948235273e-04
4.873820580542087555e-04
4.871487035416066647e-04
4.869119147770106792e-04
4.866284434683620930e-04
4.863479989580810070e-04
4.864194197580218315e-04
4.861846100538969040e-04
4.859039909206330776e-04
4.855213919654488564e-04
4.851378034800291061e-04
4.847389936912804842e-04
4.842461203224956989e-04
4.833415732719004154e-04
4.826815857086330652e-04
4.823711351491510868e-04
4.837065353058278561e-04
4.822591727133840322e-04
4.821408365387469530e-04
4.817506996914744377e-04
4.814300918951630592e-04
4.811831167899072170e-04
