3.916639709472656250e+02
3.485825500488281250e+02
2.645637512207031250e+02
9.926842651367187500e+02
2.296441345214843750e+02
1.635817871093750000e+03
2.406842651367187500e+02
2.133286895751953125e+02
2.142970428466796875e+02
2.061823730468750000e+02
2.001669769287109375e+02
1.814410247802734375e+02
1.352078247070312500e+02
1.034623565673828125e+02
9.057143402099609375e+01
1.269599456787109375e+02
8.395917510986328125e+01
7.931174468994140625e+01
7.208744049072265625e+01
7.633676910400390625e+01
6.445716094970703125e+01
5.771759033203125000e+01
5.152083969116210938e+01
4.316559219360351562e+01
4.401399230957031250e+01
3.739349746704101562e+01
3.528820419311523438e+01
3.260298156738281250e+01
3.003811264038085938e+01
2.739083099365234375e+01
2.634188652038574219e+01
2.458893585205078125e+01
1.904500770568847656e+01
1.595980548858642578e+01
1.375916767120361328e+01
1.215008544921875000e+01
1.061726188659667969e+01
8.859887123107910156e+00
6.878356933593750000e+00
5.465775489807128906e+00
4.767017364501953125e+00
4.232011318206787109e+00
3.915845870971679688e+00
3.477766752243041992e+00
2.978048801422119141e+00
2.623778343200683594e+00
2.436791658401489258e+00
2.355149984359741211e+00
2.309163808822631836e+00
2.227446079254150391e+00
2.140344381332397461e+00
2.042412996292114258e+00
1.958918809890747070e+00
1.887647151947021484e+00
1.786378622055053711e+00
1.651340246200561523e+00
1.564336299896240234e+00
1.508488535881042480e+00
1.428363323211669922e+00
1.346843600273132324e+00
1.275672078132629395e+00
1.234510183334350586e+00
1.193673133850097656e+00
1.170347929000854492e+00
1.154694557189941406e+00
1.136506557464599609e+00
1.114035010337829590e+00
1.071236968040466309e+00
1.030221343040466309e+00
1.001806974411010742e+00
9.584574699401855469e-01
8.957749605178833008e-01
8.373866081237792969e-01
7.845865488052368164e-01
7.480669021606445312e-01
7.325058579444885254e-01
7.111932039260864258e-01
6.869196295738220215e-01
6.477679014205932617e-01
6.377715468406677246e-01
6.318414211273193359e-01
6.256983280181884766e-01
6.159012317657470703e-01
5.996619462966918945e-01
5.794205665588378906e-01
5.503916144371032715e-01
5.249937772750854492e-01
5.085877180099487305e-01
5.002838373184204102e-01
4.956907629966735840e-01
4.921452701091766357e-01
4.879940748214721680e-01
4.800418615341186523e-01
4.695194363594055176e-01
4.573671817779541016e-01
4.563268721103668213e-01
4.467256665229797363e-01
4.368664026260375977e-01
4.287051856517791748e-01
4.229820370674133301e-01
4.185569882392883301e-01
4.147876501083374023e-01
4.113366305828094482e-01
4.064196944236755371e-01
3.991391062736511230e-01
3.940804004669189453e-01
3.908214271068572998e-01
3.891243934631347656e-01
3.846631646156311035e-01
3.722464144229888916e-01
3.516362309455871582e-01
3.338591158390045166e-01
3.236824870109558105e-01
3.218315839767456055e-01
3.170871138572692871e-01
3.153058290481567383e-01
3.119134306907653809e-01
3.086404800415039062e-01
3.024917244911193848e-01
2.963733077049255371e-01
2.918542921543121338e-01
2.885822057723999023e-01
2.858920395374298096e-01
2.826783061027526855e-01
2.809811830520629883e-01
2.781232893466949463e-01
2.749640941619873047e-01
2.737745046615600586e-01
2.650938034057617188e-01
2.597317397594451904e-01
2.499957382678985596e-01
2.452358901500701904e-01
2.433962225914001465e-01
2.413900792598724365e-01
2.400908768177032471e-01
2.382125109434127808e-01
2.339624166488647461e-01
2.295416295528411865e-01
2.214376032352447510e-01
2.140633463859558105e-01
2.116842269897460938e-01
2.088305652141571045e-01
2.085616588592529297e-01
2.075712084770202637e-01
2.072446048259735107e-01
2.067790329456329346e-01
2.060283720493316650e-01
2.050985693931579590e-01
2.025900483131408691e-01
1.993969380855560303e-01
1.951346099376678467e-01
1.912137269973754883e-01
1.892484426498413086e-01
1.873738765716552734e-01
1.842535138130187988e-01
1.810043156147003174e-01
1.779212057590484619e-01
1.747711300849914551e-01
1.704791486263275146e-01
1.699797362089157104e-01
1.675209403038024902e-01
1.607962250709533691e-01
1.524647027254104614e-01
1.499044299125671387e-01
1.572949141263961792e-01
1.467595994472503662e-01
1.478818655014038086e-01
1.454463005065917969e-01
1.443242728710174561e-01
1.427546590566635132e-01
1.399619281291961670e-01
1.372861415147781372e-01
1.351279914379119873e-01
1.333254873752593994e-01
1.311407685279846191e-01
1.301308423280715942e-01
1.285390555858612061e-01
1.263322234153747559e-01
1.237742751836776733e-01
1.197301596403121948e-01
1.162993013858795166e-01
1.119335368275642395e-01
1.159112155437469482e-01
1.103059276938438416e-01
1.076768785715103149e-01
1.052084267139434814e-01
1.021257936954498291e-01
9.964560717344284058e-02
9.772950410842895508e-02
9.633307158946990967e-02
9.517740458250045776e-02
9.430302679538726807e-02
9.367890655994415283e-02
9.304675459861755371e-02
9.206763654947280884e-02
9.049181640148162842e-02
8.772768825292587280e-02
8.496989309787750244e-02
8.450685441493988037e-02
8.384854346513748169e-02
8.249973505735397339e-02
8.170387893915176392e-02
8.074803650379180908e-02
8.039703965187072754e-02
8.008308708667755127e-02
7.956676185131072998e-02
7.863353192806243896e-02
7.629612088203430176e-02
7.450628280639648438e-02
7.221944630146026611e-02
7.093603909015655518e-02
7.016908377408981323e-02
6.940732896327972412e-02
6.824369728565216064e-02
6.737918406724929810e-02
6.696818768978118896e-02
6.655111163854598999e-02
6.610936671495437622e-02
6.568999588489532471e-02
6.517146527767181396e-02
6.435425579547882080e-02
6.427303701639175415e-02
6.388904154300689697e-02
6.302925199270248413e-02
6.261678040027618408e-02
6.235429644584655762e-02
6.218627840280532837e-02
6.195726990699768066e-02
6.176184490323066711e-02
6.144637241959571838e-02
6.097812205553054810e-02
6.021878123283386230e-02
5.939479172229766846e-02
5.892278999090194702e-02
5.870355665683746338e-02
5.848331004381179810e-02
5.826485902070999146e-02
5.784908682107925415e-02
5.767315626144409180e-02
5.746649950742721558e-02
5.728867277503013611e-02
5.705032870173454285e-02
5.667016282677650452e-02
5.616251751780509949e-02
5.728321522474288940e-02
5.583491548895835876e-02
5.523398891091346741e-02
5.469072610139846802e-02
5.424366146326065063e-02
5.380905419588088989e-02
5.348644033074378967e-02
5.329699441790580750e-02
5.284962803125381470e-02
5.265868455171585083e-02
5.247863009572029114e-02
5.228349566459655762e-02
5.198829248547554016e-02
5.168023705482482910e-02
5.119705200195312500e-02
5.050265043973922729e-02
4.995278641581535339e-02
4.934601113200187683e-02
4.902269691228866577e-02
4.858440160751342773e-02
4.829309880733489990e-02
4.794720932841300964e-02
4.762059450149536133e-02
4.740003496408462524e-02
4.728944599628448486e-02
4.719912260770797729e-02
4.700767248868942261e-02
4.673965275287628174e-02
4.853155463933944702e-02
4.662888497114181519e-02
4.643518477678298950e-02
4.616295546293258667e-02
4.605070874094963074e-02
4.584338515996932983e-02
4.558657109737396240e-02
4.511562734842300415e-02
4.473150521516799927e-02
4.426383972167968750e-02
4.393585026264190674e-02
4.364683479070663452e-02
4.337944835424423218e-02
4.317580163478851318e-02
4.305282607674598694e-02
4.296094924211502075e-02
4.285225272178649902e-02
4.280661046504974365e-02
4.259430617094039917e-02
4.252349212765693665e-02
4.241135716438293457e-02
4.226662963628768921e-02
4.209282249212265015e-02
4.190066456794738770e-02
4.168501868844032288e-02
4.142117127776145935e-02
4.121182486414909363e-02
4.092592746019363403e-02
4.072476923465728760e-02
4.060729593038558960e-02
4.045804589986801147e-02
4.034381359815597534e-02
4.022782668471336365e-02
4.014202579855918884e-02
3.997614607214927673e-02
3.991290181875228882e-02
3.983685001730918884e-02
3.973244875669479370e-02
3.968262299895286560e-02
3.953820466995239258e-02
3.944686055183410645e-02
3.929746523499488831e-02
3.912313655018806458e-02
3.933681920170783997e-02
3.903086483478546143e-02
3.867492452263832092e-02
3.837092220783233643e-02
3.785311803221702576e-02
3.755019977688789368e-02
3.866841644048690796e-02
3.733431175351142883e-02
3.718425706028938293e-02
3.695767745375633240e-02
3.686311095952987671e-02
3.675308823585510254e-02
3.666979819536209106e-02
3.659557551145553589e-02
3.651169687509536743e-02
3.641459345817565918e-02
3.626503422856330872e-02
3.610339388251304626e-02
3.588020056486129761e-02
3.570774570107460022e-02
3.546050190925598145e-02
3.525384888052940369e-02
3.497963398694992065e-02
3.471589833498001099e-02
3.454878181219100952e-02
3.443200886249542236e-02
3.424975275993347168e-02
3.401513397693634033e-02
3.390579298138618469e-02
3.372862935066223145e-02
3.338410332798957825e-02
3.323369100689888000e-02
3.308731317520141602e-02
3.295353055000305176e-02
3.291431814432144165e-02
3.286008536815643311e-02
3.283006697893142700e-02
3.280352801084518433e-02
3.277526423335075378e-02
3.272323310375213623e-02
3.267464414238929749e-02
3.260874375700950623e-02
3.257222846150398254e-02
3.252615407109260559e-02
3.248634934425354004e-02
3.243261575698852539e-02
3.239893913269042969e-02
3.233508393168449402e-02
3.224672377109527588e-02
3.213710337877273560e-02
3.206482529640197754e-02
3.191643953323364258e-02
3.185121715068817139e-02
3.177876397967338562e-02
3.164242580533027649e-02
3.148666769266128540e-02
3.139403462409973145e-02
3.129782527685165405e-02
3.118810430169105530e-02
3.142583742737770081e-02
3.113228641450405121e-02
3.100007213652133942e-02
3.086700476706027985e-02
3.078503906726837158e-02
3.063331544399261475e-02
3.044976294040679932e-02
3.031157888472080231e-02
3.015462495386600494e-02
2.998565509915351868e-02
2.984472736716270447e-02
2.970319986343383789e-02
2.957209758460521698e-02
2.947409451007843018e-02
2.932450734078884125e-02
2.909094467759132385e-02
2.885400131344795227e-02
2.868362143635749817e-02
2.847578376531600952e-02
2.827891707420349121e-02
2.813402935862541199e-02
2.800105698406696320e-02
2.786750346422195435e-02
2.771174162626266479e-02
2.762733772397041321e-02
2.755027823150157928e-02
2.745975553989410400e-02
2.733838185667991638e-02
2.719628997147083282e-02
2.704488672316074371e-02
2.685496397316455841e-02
2.670507878065109253e-02
2.658145874738693237e-02
2.637594752013683319e-02
2.627967298030853271e-02
2.588372118771076202e-02
2.574798464775085449e-02
2.563958615064620972e-02
2.552416548132896423e-02
2.543376944959163666e-02
2.538087218999862671e-02
2.531757950782775879e-02
2.526101097464561462e-02
2.514734491705894470e-02
2.501878514885902405e-02
2.486198395490646362e-02
2.475104108452796936e-02
2.467938885092735291e-02
2.457942441105842590e-02
2.447453700006008148e-02
2.432955056428909302e-02
2.417548745870590210e-02
2.426504902541637421e-02
2.409092895686626434e-02
2.392438240349292755e-02
2.383207529783248901e-02
2.372936904430389404e-02
2.368245832622051239e-02
2.364852651953697205e-02
2.361527457833290100e-02
2.356868982315063477e-02
2.344403229653835297e-02
2.334272861480712891e-02
2.323174849152565002e-02
2.319454960525035858e-02
2.306633628904819489e-02
2.299498580396175385e-02
2.287226542830467224e-02
2.268039062619209290e-02
2.245766483247280121e-02
2.236107923090457916e-02
2.230166457593441010e-02
2.224747091531753540e-02
2.219951525330543518e-02
2.213197387754917145e-02
2.203117311000823975e-02
2.194626070559024811e-02
2.187026292085647583e-02
2.180685289204120636e-02
2.164913341403007507e-02
2.155650034546852112e-02
2.272085286676883698e-02
2.151646837592124939e-02
2.146463654935359955e-02
2.141401730477809906e-02
2.133612334728240967e-02
2.118749171495437622e-02
2.106386795639991760e-02
2.097413316369056702e-02
2.087865024805068970e-02
2.080449089407920837e-02
2.073306962847709656e-02
2.064312249422073364e-02
2.070043049752712250e-02
2.059192769229412079e-02
2.048590406775474548e-02
2.043008431792259216e-02
2.036423608660697937e-02
2.031178772449493408e-02
2.025652676820755005e-02
2.017553336918354034e-02
2.004251629114151001e-02
1.993535831570625305e-02
2.023146301507949829e-02
1.983920484781265259e-02
1.973097212612628937e-02
1.965483650565147400e-02
1.961115002632141113e-02
1.957463845610618591e-02
1.952901110053062439e-02
1.948050595819950104e-02
1.942088641226291656e-02
1.936010643839836121e-02
1.932156085968017578e-02
1.929562166333198547e-02
1.927372068166732788e-02
1.924820803105831146e-02
1.923011243343353271e-02
1.919638365507125854e-02
1.916246488690376282e-02
1.912549510598182678e-02
1.924809254705905914e-02
1.909958012402057648e-02
1.903317309916019440e-02
1.884490996599197388e-02
1.868654601275920868e-02
1.853038370609283447e-02
1.842939853668212891e-02
1.836635731160640717e-02
1.833614148199558258e-02
1.830585300922393799e-02
1.827423647046089172e-02
1.822926476597785950e-02
1.817509718239307404e-02
1.812681555747985840e-02
1.807819306850433350e-02
1.801221072673797607e-02
1.790638267993927002e-02
1.780199259519577026e-02
1.772072724997997284e-02
1.764347217977046967e-02
1.759482547640800476e-02
1.753117889165878296e-02
1.746423915028572083e-02
1.740187592804431915e-02
1.739256642758846283e-02
1.731393486261367798e-02
1.728057302534580231e-02
1.725548878312110901e-02
1.721695996820926666e-02
1.721021160483360291e-02
1.713801547884941101e-02
1.710049808025360107e-02
1.707750186324119568e-02
1.703580282628536224e-02
1.702263392508029938e-02
1.701076887547969818e-02
1.698601990938186646e-02
1.695615984499454498e-02
1.693129539489746094e-02
1.688885502517223358e-02
1.684469915926456451e-02
1.677893474698066711e-02
1.668309792876243591e-02
1.662622019648551941e-02
1.656247675418853760e-02
1.652202196419239044e-02
1.647639274597167969e-02
1.644066162407398224e-02
1.639363728463649750e-02
1.631049998104572296e-02
1.621662080287933350e-02
1.612664014101028442e-02
1.604683324694633484e-02
1.592349261045455933e-02
1.582450792193412781e-02
1.570947468280792236e-02
1.570823602378368378e-02
1.566118746995925903e-02
1.555463299155235291e-02
1.548494584858417511e-02
1.541307941079139709e-02
1.534172520041465759e-02
1.524604111909866333e-02
1.517301611602306366e-02
1.511636096984148026e-02
1.507407799363136292e-02
1.503168419003486633e-02
1.500238198786973953e-02
1.492802891880273819e-02
1.489134691655635834e-02
1.485101319849491119e-02
1.482325512915849686e-02
1.479229237884283066e-02
1.471305266022682190e-02
1.473397947847843170e-02
1.466683018952608109e-02
1.458969339728355408e-02
1.451185997575521469e-02
1.448854617774486542e-02
1.444752980023622513e-02
1.439100597053766251e-02
1.434757746756076813e-02
1.430730987340211868e-02
1.427065022289752960e-02
1.422346010804176331e-02
1.417052559554576874e-02
1.411149464547634125e-02
1.404701918363571167e-02
1.399976294487714767e-02
1.394448149949312210e-02
1.390844956040382385e-02
1.382794789969921112e-02
1.379245519638061523e-02
1.372265163809061050e-02
1.367785315960645676e-02
1.363644097000360489e-02
1.361813955008983612e-02
1.360527426004409790e-02
1.359025388956069946e-02
1.358466129750013351e-02
1.356319617480039597e-02
1.355253439396619797e-02
1.353493798524141312e-02
1.351393386721611023e-02
1.346869580447673798e-02
1.340341009199619293e-02
1.335258595645427704e-02
1.327455136924982071e-02
1.320440787822008133e-02
1.316485647112131119e-02
1.314230915158987045e-02
1.312068477272987366e-02
1.307230442762374878e-02
1.301133725792169571e-02
1.308641768991947174e-02
1.297913119196891785e-02
1.292591542005538940e-02
1.287963427603244781e-02
1.283681951463222504e-02
1.279552839696407318e-02
1.275650039315223694e-02
1.273328624665737152e-02
1.270734332501888275e-02
1.268476061522960663e-02
1.263303775340318680e-02
1.257576979696750641e-02
1.250418182462453842e-02
1.243471167981624603e-02
1.237499993294477463e-02
1.230943109840154648e-02
1.225143484771251678e-02
1.219985913485288620e-02
1.214294880628585815e-02
1.207435969263315201e-02
1.203748770058155060e-02
1.204454898834228516e-02
1.201718859374523163e-02
1.196630485355854034e-02
1.189412549138069153e-02
1.209674030542373657e-02
1.187437865883111954e-02
1.181608531624078751e-02
1.177832018584012985e-02
1.174206100404262543e-02
1.170893572270870209e-02
1.165920309722423553e-02
1.163386926054954529e-02
1.161413732916116714e-02
1.160282082855701447e-02
1.159509271383285522e-02
1.158561930060386658e-02
1.155812479555606842e-02
1.153563521802425385e-02
1.152037084102630615e-02
1.149405911564826965e-02
1.147437654435634613e-02
1.142879202961921692e-02
1.139807421714067459e-02
1.136447861790657043e-02
1.131718792021274567e-02
1.128441654145717621e-02
1.124078780412673950e-02
1.121414452791213989e-02
1.121351588517427444e-02
1.119303423911333084e-02
1.116461772471666336e-02
1.114568859338760376e-02
1.112155243754386902e-02
1.108972169458866119e-02
1.104575674980878830e-02
1.098477095365524292e-02
1.093385182321071625e-02
1.106172241270542145e-02
1.090942416340112686e-02
1.087785698473453522e-02
1.084630750119686127e-02
1.082845218479633331e-02
1.080191787332296371e-02
1.077498309314250946e-02
1.074957381933927536e-02
1.071954332292079926e-02
1.068543922156095505e-02
1.063753571361303329e-02
1.058329921215772629e-02
1.048298552632331848e-02
1.043120678514242172e-02
1.039249170571565628e-02
1.069045253098011017e-02
1.035345904529094696e-02
1.027444750070571899e-02
1.023030094802379608e-02
1.018670666962862015e-02
1.013016328215599060e-02
1.008222065865993500e-02
1.003264728933572769e-02
1.001899782568216324e-02
9.990202262997627258e-03
9.970235638320446014e-03
9.955639019608497620e-03
9.940151125192642212e-03
9.932069107890129089e-03
9.923789650201797485e-03
9.904719889163970947e-03
9.928992018103599548e-03
9.889752604067325592e-03
9.852472692728042603e-03
9.815835393965244293e-03
9.752231650054454803e-03
9.677298367023468018e-03
9.543726220726966858e-03
1.427594944834709167e-02
9.511476382613182068e-03
9.365644305944442749e-03
9.151396341621875763e-03
9.032039903104305267e-03
8.976304903626441956e-03
8.945289067924022675e-03
8.931990712881088257e-03
8.870907127857208252e-03
8.857316337525844574e-03
8.837040513753890991e-03
8.825135417282581329e-03
8.811884559690952301e-03
8.807657286524772644e-03
8.802441880106925964e-03
8.797946386039257050e-03
8.789322338998317719e-03
8.771142922341823578e-03
8.746018633246421814e-03
8.728593587875366211e-03
8.694946765899658203e-03
8.678114041686058044e-03
8.650950156152248383e-03
8.627633564174175262e-03
8.593200705945491791e-03
8.566272445023059845e-03
8.542190305888652802e-03
8.530686609447002411e-03
8.492428809404373169e-03
8.452116511762142181e-03
8.410129696130752563e-03
8.373869583010673523e-03
8.362730965018272400e-03
8.312280289828777313e-03
8.289581164717674255e-03
8.258072659373283386e-03
8.245665580034255981e-03
8.220739662647247314e-03
8.211267180740833282e-03
8.194800466299057007e-03
8.181369863450527191e-03
8.164663799107074738e-03
8.147628977894783020e-03
8.125647902488708496e-03
8.122092112898826599e-03
8.101527579128742218e-03
8.096050471067428589e-03
8.089167997241020203e-03
8.082626387476921082e-03
8.075335063040256500e-03
8.069657720625400543e-03
8.061925880610942841e-03
8.053527213633060455e-03
8.050654083490371704e-03
8.036845363676548004e-03
8.030148223042488098e-03
8.024257607758045197e-03
8.022224530577659607e-03
8.012498728930950165e-03
8.008765988051891327e-03
7.997038774192333221e-03
7.982828654348850250e-03
7.973548956215381622e-03
7.947672158479690552e-03
7.933828979730606079e-03
7.917687296867370605e-03
7.905949838459491730e-03
7.886519655585289001e-03
7.858939468860626221e-03
7.840796373784542084e-03
7.828299887478351593e-03
7.817914709448814392e-03
7.803647778928279877e-03
7.789642550051212311e-03
7.765785790979862213e-03
7.742614019662141800e-03
7.720932364463806152e-03
7.684617303311824799e-03
7.661612704396247864e-03
7.640593685209751129e-03
7.615264970809221268e-03
7.582194171845912933e-03
7.551272399723529816e-03
7.523308508098125458e-03
7.507258560508489609e-03
7.477470673620700836e-03
7.436381187289953232e-03
7.410699967294931412e-03
7.377884350717067719e-03
7.327249273657798767e-03
7.301848381757736206e-03
7.256781216710805893e-03
7.238272577524185181e-03
7.221842650324106216e-03
7.201811298727989197e-03
7.169327698647975922e-03
7.138413842767477036e-03
7.111331447958946228e-03
7.086490746587514877e-03
7.060978561639785767e-03
7.029089145362377167e-03
6.995616480708122253e-03
6.954717915505170822e-03
6.925011985003948212e-03
6.867436226457357407e-03
6.823648698627948761e-03
6.790696643292903900e-03
6.736762821674346924e-03
6.706812418997287750e-03
6.677783094346523285e-03
6.648064590990543365e-03
6.615641061216592789e-03
6.589510943740606308e-03
6.545293144881725311e-03
6.532926112413406372e-03
6.497883237898349762e-03
6.452993955463171005e-03
6.437086034566164017e-03
6.422152277082204819e-03
6.390498951077461243e-03
6.361542269587516785e-03
6.365575827658176422e-03
6.333069875836372375e-03
6.305921357125043869e-03
6.275422405451536179e-03
6.250282283872365952e-03
6.211462430655956268e-03
6.488308310508728027e-03
6.191990338265895844e-03
6.159279961138963699e-03
6.147489883005619049e-03
6.131497211754322052e-03
6.114874966442584991e-03
6.094797514379024506e-03
6.077896803617477417e-03
6.065268069505691528e-03
6.047773174941539764e-03
6.031974218785762787e-03
6.015099585056304932e-03
5.998837761580944061e-03
5.993140861392021179e-03
5.985740572214126587e-03
5.978208035230636597e-03
5.971692502498626709e-03
5.960336886346340179e-03
5.949625745415687561e-03
6.014657206833362579e-03
5.939320661127567291e-03
5.934443324804306030e-03
5.916955415159463882e-03
5.907224491238594055e-03
5.892260465770959854e-03
5.878526717424392700e-03
5.863243248313665390e-03
5.847534164786338806e-03
5.832890979945659637e-03
5.811463575810194016e-03
5.790575407445430756e-03
5.766151472926139832e-03
5.743705667555332184e-03
5.722245201468467712e-03
5.702118389308452606e-03
5.683738738298416138e-03
5.660489667207002640e-03
5.633413325995206833e-03
5.612354725599288940e-03
5.585932172834873199e-03
5.560059566050767899e-03
5.540836602449417114e-03
5.524094682186841965e-03
5.505858920514583588e-03
5.511529278010129929e-03
5.496299359947443008e-03
5.488893017172813416e-03
5.480112507939338684e-03
5.466759670525789261e-03
5.437062121927738190e-03
5.416869185864925385e-03
5.419525783509016037e-03
5.402676761150360107e-03
5.384827498346567154e-03
5.440677516162395477e-03
5.373361986130475998e-03
5.350382998585700989e-03
5.309119820594787598e-03
5.292753688991069794e-03
5.274145398288965225e-03
5.264779552817344666e-03
5.251159891486167908e-03
5.236824974417686462e-03
5.215012468397617340e-03
5.200410261750221252e-03
5.179144442081451416e-03
5.165412090718746185e-03
5.149152129888534546e-03
5.136500112712383270e-03
5.123084411025047302e-03
5.111474543809890747e-03
5.096486303955316544e-03
5.089920014142990112e-03
5.068770609796047211e-03
5.054608918726444244e-03
5.039826501160860062e-03
5.017071031033992767e-03
5.000324919819831848e-03
4.980958998203277588e-03
4.963705316185951233e-03
4.945767112076282501e-03
5.019715987145900726e-03
4.937544465065002441e-03
4.915454424917697906e-03
4.888091236352920532e-03
4.868500865995883942e-03
4.852693993598222733e-03
4.839468747377395630e-03
4.819473251700401306e-03
4.796021617949008942e-03
4.774344153702259064e-03
4.744256380945444107e-03
4.781761672347784042e-03
4.732637666165828705e-03
4.715787246823310852e-03
4.700559657067060471e-03
4.691225942224264145e-03
4.675554111599922180e-03
4.649144597351551056e-03
4.647513385862112045e-03
4.627350717782974243e-03
4.609952680766582489e-03
4.597751423716545105e-03
4.588866606354713440e-03
4.570814780890941620e-03
4.555206745862960815e-03
4.541584290564060211e-03
4.533881321549415588e-03
4.525982774794101715e-03
4.516367800533771515e-03
4.507766105234622955e-03
4.491131752729415894e-03
4.480225965380668640e-03
4.459879361093044281e-03
4.447753541171550751e-03
4.428351297974586487e-03
4.410797730088233948e-03
4.401164129376411438e-03
4.390421323478221893e-03
4.377854987978935242e-03
4.369542468339204788e-03
4.357195924967527390e-03
4.335380624979734421e-03
4.311122931540012360e-03
4.289275500923395157e-03
4.273572936654090881e-03
4.259597044438123703e-03
4.239948000758886337e-03
4.197976086288690567e-03
4.175617359578609467e-03
4.148141480982303619e-03
4.128595814108848572e-03
4.107042681425809860e-03
4.085201770067214966e-03
4.067047499120235443e-03
4.055771511048078537e-03
4.042725544422864914e-03
4.027698654681444168e-03
4.035211168229579926e-03
4.020663909614086151e-03
4.008224233984947205e-03
3.997236024588346481e-03
3.988509997725486755e-03
3.977729938924312592e-03
3.965607844293117523e-03
3.958791494369506836e-03
3.953510895371437073e-03
3.946541808545589447e-03
3.936889581382274628e-03
3.965790383517742157e-03
3.934214357286691666e-03
3.926003351807594299e-03
3.914228174835443497e-03
3.899446921423077583e-03
3.886385820806026459e-03
3.881277050822973251e-03
3.869666019454598427e-03
3.863421035930514336e-03
3.856536466628313065e-03
3.847691696137189865e-03
3.839022945612668991e-03
3.821234451606869698e-03
3.807247150689363480e-03
3.789293579757213593e-03
3.774814773350954056e-03
3.759453073143959045e-03
3.749733325093984604e-03
3.740458050742745399e-03
3.735156264156103134e-03
3.727378323674201965e-03
3.717617597430944443e-03
3.706826828420162201e-03
3.695719875395298004e-03
3.689982462674379349e-03
3.677261527627706528e-03
3.666696138679981232e-03
3.652827814221382141e-03
3.762829117476940155e-03
3.647973295301198959e-03
3.640221199020743370e-03
3.631497733294963837e-03
3.625907003879547119e-03
3.620364237576723099e-03
3.611339954659342766e-03
3.604818601161241531e-03
3.591232467442750931e-03
3.577244700863957405e-03
3.565077204257249832e-03
3.554249648004770279e-03
3.544254228472709656e-03
3.520117606967687607e-03
3.500283462926745415e-03
3.483166918158531189e-03
3.467725589871406555e-03
3.458883613348007202e-03
3.447624621912837029e-03
3.436009399592876434e-03
3.422943875193595886e-03
3.414878621697425842e-03
3.405279014259576797e-03
3.392993239685893059e-03
3.381758462637662888e-03
3.367339260876178741e-03
3.354426706209778786e-03
3.342194017022848129e-03
3.329443279653787613e-03
3.310397733002901077e-03
3.299936186522245407e-03
3.288558684289455414e-03
3.274552524089813232e-03
3.261907957494258881e-03
3.250662703067064285e-03
3.236285410821437836e-03
3.226964501664042473e-03
3.215637058019638062e-03
3.501904429867863655e-03
3.212685231119394302e-03
3.204829990863800049e-03
3.197745420038700104e-03
3.187949303537607193e-03
3.174846060574054718e-03
3.162899985909461975e-03
3.152566030621528625e-03
3.143036738038063049e-03
3.130480647087097168e-03
3.114825580269098282e-03
3.098323941230773926e-03
3.084842115640640259e-03
3.073131898418068886e-03
3.058870323002338409e-03
3.045623656362295151e-03
3.019701223820447922e-03
3.007744438946247101e-03
2.989797852933406830e-03
2.989447675645351410e-03
2.982789883390069008e-03
2.972947899252176285e-03
2.962309867143630981e-03
2.956264186650514603e-03
2.947588451206684113e-03
2.937889425083994865e-03
2.922407584264874458e-03
2.906541572883725166e-03
2.894732635468244553e-03
2.883404726162552834e-03
2.873648889362812042e-03
2.859991975128650665e-03
2.847781637683510780e-03
2.842382527887821198e-03
2.835425082594156265e-03
2.827890915796160698e-03
2.821386791765689850e-03
2.814805135130882263e-03
2.807377837598323822e-03
2.795945154502987862e-03
2.786109689623117447e-03
2.780814422294497490e-03
2.772985026240348816e-03
2.768048783764243126e-03
2.761709969490766525e-03
2.757241250947117805e-03
2.753071952611207962e-03
2.749765757471323013e-03
2.746701007708907127e-03
2.740075811743736267e-03
2.918232930824160576e-03
2.736714668571949005e-03
2.726692706346511841e-03
2.713012043386697769e-03
2.705215476453304291e-03
2.697007963433861732e-03
2.788897836580872536e-03
2.687615808099508286e-03
2.670993562787771225e-03
2.657594624906778336e-03
2.649970818310976028e-03
2.643846441060304642e-03
2.638393081724643707e-03
2.632053568959236145e-03
2.624497283250093460e-03
2.616292331367731094e-03
2.610828727483749390e-03
2.608023583889007568e-03
2.602475229650735855e-03
2.593053737655282021e-03
2.575529506430029869e-03
2.579852472990751266e-03
2.565197879448533058e-03
2.553512109443545341e-03
2.542424714192748070e-03
2.536727581173181534e-03
2.530599478632211685e-03
2.526051364839076996e-03
2.522743307054042816e-03
2.518716035410761833e-03
2.513415180146694183e-03
2.503703115507960320e-03
2.492380561307072639e-03
2.481496427208185196e-03
2.471162471920251846e-03
2.460560761392116547e-03
2.453651046380400658e-03
2.449222840368747711e-03
2.444055862724781036e-03
2.439523581415414810e-03
2.435456495732069016e-03
2.430165419355034828e-03
2.424277830868959427e-03
2.419137395918369293e-03
2.414350630715489388e-03
2.408876549452543259e-03
2.401518635451793671e-03
2.394468057900667191e-03
2.385626314207911491e-03
2.378151053562760353e-03
2.371394075453281403e-03
2.372421324253082275e-03
2.367900684475898743e-03
2.362932777032256126e-03
2.358329016715288162e-03
2.351446077227592468e-03
2.343748230487108231e-03
2.337425248697400093e-03
2.378851408138871193e-03
2.336162142455577850e-03
2.333888551220297813e-03
2.331819850951433182e-03
2.328322269022464752e-03
2.321018837392330170e-03
2.313683507964015007e-03
2.313215751200914383e-03
2.309378935024142265e-03
2.302567474544048309e-03
2.299783751368522644e-03
2.295966725796461105e-03
2.293936675414443016e-03
2.290770411491394043e-03
2.287619281560182571e-03
2.284843474626541138e-03
2.279565203934907913e-03
2.271996345371007919e-03
2.262597437947988510e-03
2.255448838695883751e-03
2.251702826470136642e-03
2.249161014333367348e-03
2.246670424938201904e-03
2.244088333100080490e-03
2.249487442895770073e-03
2.241849200800061226e-03
2.238113898783922195e-03
2.235993742942810059e-03
2.233058912679553032e-03
2.237910404801368713e-03
2.230733400210738182e-03
2.227392978966236115e-03
2.220472320914268494e-03
2.213531173765659332e-03
2.204551361501216888e-03
2.197512425482273102e-03
2.189090475440025330e-03
2.183238510042428970e-03
2.181631512939929962e-03
2.172649605199694633e-03
2.166769932955503464e-03
2.157643903046846390e-03
2.151166554540395737e-03
2.145116217434406281e-03
2.144022146239876747e-03
2.137376926839351654e-03
2.135131973773241043e-03
2.131978049874305725e-03
2.128662075847387314e-03
2.125900471583008766e-03
2.121609169989824295e-03
2.116657327860593796e-03
2.110715489834547043e-03
2.104384126141667366e-03
2.098048338666558266e-03
2.092593582347035408e-03
2.101752907037734985e-03
2.090164460241794586e-03
2.087145578116178513e-03
2.083124127238988876e-03
2.079278696328401566e-03
2.071394585072994232e-03
2.064408734440803528e-03
2.060671569779515266e-03
2.058074111118912697e-03
2.055661287158727646e-03
2.053544856607913971e-03
2.051224000751972198e-03
2.048939466476440430e-03
2.049828879535198212e-03
2.047448884695768356e-03
2.044097520411014557e-03
2.042286563664674759e-03
2.040615538135170937e-03
2.038307487964630127e-03
2.033058088272809982e-03
2.030350267887115479e-03
2.025733236223459244e-03
2.023526933044195175e-03
2.020817250013351440e-03
2.018979517742991447e-03
2.016316168010234833e-03
2.014189958572387695e-03
2.011695876717567444e-03
2.017097780480980873e-03
2.010438125580549240e-03
2.007990609854459763e-03
2.005964983254671097e-03
2.004604786634445190e-03
2.003589179366827011e-03
2.002867404371500015e-03
2.002178225666284561e-03
2.001187298446893692e-03
1.999601721763610840e-03
1.997087150812149048e-03
2.002911176532506943e-03
1.995956990867853165e-03
1.993034500628709793e-03
1.991397235542535782e-03
1.989947631955146790e-03
1.988169271498918533e-03
1.983499154448509216e-03
1.982839312404394150e-03
1.979242544621229172e-03
1.978119369596242905e-03
1.976445084437727928e-03
1.977632287889719009e-03
1.975059509277343750e-03
1.973093021661043167e-03
1.970706507563591003e-03
1.968257129192352295e-03
1.963583054021000862e-03
1.959185581654310226e-03
1.954862382262945175e-03
1.949860132299363613e-03
1.947852317243814468e-03
1.945635769516229630e-03
1.945808064192533493e-03
1.943714683875441551e-03
1.940719084814190865e-03
1.938102301210165024e-03
1.935736043378710747e-03
1.932580024003982544e-03
1.943306997418403625e-03
1.931056380271911621e-03
1.926460769027471542e-03
1.921112532727420330e-03
1.944943331182003021e-03
1.920195762068033218e-03
1.917328685522079468e-03
1.916986424475908279e-03
1.913380576297640800e-03
1.911247381940484047e-03
1.907796366140246391e-03
1.904454547911882401e-03
1.901989337056875229e-03
1.897934707812964916e-03
1.894723856821656227e-03
1.893186941742897034e-03
1.890481682494282722e-03
1.898771384730935097e-03
1.888350583612918854e-03
1.884643221274018288e-03
1.881874050013720989e-03
1.879275194369256496e-03
1.877071103081107140e-03
1.874834415502846241e-03
1.871079206466674805e-03
1.867180457338690758e-03
1.863761106505990028e-03
1.860282965935766697e-03
1.855498645454645157e-03
1.848621875979006290e-03
1.844227779656648636e-03
1.849879976361989975e-03
1.842450932599604130e-03
1.840003766119480133e-03
1.838014111854135990e-03
1.835495932027697563e-03
1.833238871768116951e-03
1.831647241488099098e-03
1.830260036513209343e-03
1.829484594054520130e-03
1.828458392992615700e-03
1.827151863835752010e-03
1.824589213356375694e-03
1.822752412408590317e-03
1.820474746637046337e-03
1.818404532968997955e-03
1.816140022128820419e-03
1.813406590372323990e-03
1.813170500099658966e-03
1.809759647585451603e-03
1.805987907573580742e-03
1.798684359528124332e-03
1.794784911908209324e-03
1.791982678696513176e-03
1.788014778867363930e-03
1.786660170182585716e-03
1.785138389095664024e-03
1.783304614946246147e-03
1.782400067895650864e-03
1.780745340511202812e-03
1.779433339834213257e-03
1.778152654878795147e-03
1.777136116288602352e-03
1.776093384250998497e-03
1.774452044628560543e-03
1.772170886397361755e-03
1.770498347468674183e-03
1.773717114701867104e-03
1.769709750078618526e-03
1.768783200532197952e-03
1.767532317899167538e-03
1.766056288033723831e-03
1.763885724358260632e-03
1.761158462613821030e-03
1.758369151502847672e-03
1.753286458551883698e-03
1.749026589095592499e-03
1.743160770274698734e-03
1.735789119265973568e-03
1.737237442284822464e-03
1.732636243104934692e-03
1.728158444166183472e-03
1.726470887660980225e-03
1.725387177430093288e-03
1.723395893350243568e-03
1.721763750538229942e-03
1.719936961308121681e-03
1.718863379210233688e-03
1.717874780297279358e-03
1.716727390885353088e-03
1.715612132102251053e-03
1.714014215394854546e-03
1.712633995339274406e-03
1.710992306470870972e-03
1.709026517346501350e-03
1.707169343717396259e-03
1.704638823866844177e-03
1.700998051092028618e-03
1.697757281363010406e-03
1.694211037829518318e-03
1.689892029389739037e-03
1.685520750470459461e-03
1.681868219748139381e-03
1.682533649727702141e-03
1.680119545198976994e-03
1.676210202276706696e-03
1.673136372119188309e-03
1.670053927227854729e-03
1.668363926000893116e-03
1.666116761043667793e-03
1.664254814386367798e-03
1.662106486037373543e-03
1.660185167565941811e-03
1.658215187489986420e-03
1.656636362895369530e-03
1.653842977248132229e-03
1.651179743930697441e-03
1.648327801376581192e-03
1.646168762817978859e-03
1.643507042899727821e-03
1.642197370529174805e-03
1.641335897147655487e-03
1.644936739467084408e-03
1.640926348045468330e-03
1.640021102502942085e-03
1.638849847950041294e-03
1.636971253901720047e-03
1.634869840927422047e-03
1.632584724575281143e-03
1.629697624593973160e-03
1.627291785553097725e-03
1.624607481062412262e-03
1.622646581381559372e-03
1.621486269868910313e-03
1.619459595531225204e-03
1.618986716493964195e-03
1.616815221495926380e-03
1.615782501175999641e-03
1.614276901818811893e-03
1.612830441445112228e-03
1.610478851944208145e-03
1.614181557670235634e-03
1.608987571671605110e-03
1.607165206223726273e-03
1.603577635250985622e-03
1.604791963472962379e-03
1.602421281859278679e-03
1.601393101736903191e-03
1.600667601451277733e-03
1.599732786417007446e-03
1.598893664777278900e-03
1.597407273948192596e-03
1.596529502421617508e-03
1.595429610460996628e-03
1.593539956957101822e-03
1.592081505805253983e-03
1.589644001796841621e-03
1.587890088558197021e-03
1.586490543559193611e-03
1.585145248100161552e-03
1.582405297085642815e-03
1.586294849403202534e-03
1.581837655976414680e-03
1.580841373652219772e-03
1.579409814439713955e-03
1.578480005264282227e-03
1.577358227223157883e-03
1.576248789206147194e-03
1.576222828589379787e-03
1.575491391122341156e-03
1.574103254824876785e-03
1.572704641148447990e-03
1.570791355334222317e-03
1.568902283906936646e-03
1.567112980410456657e-03
1.565778045915067196e-03
1.563794910907745361e-03
1.561302458867430687e-03
1.559946686029434204e-03
1.558011164888739586e-03
1.556112430989742279e-03
1.554829301312565804e-03
1.552608096972107887e-03
1.550864311866462231e-03
1.549785723909735680e-03
1.547991181723773479e-03
1.544980332255363464e-03
1.540361437946557999e-03
1.535262912511825562e-03
1.526584615930914879e-03
1.521559897810220718e-03
1.517924480140209198e-03
1.511042704805731773e-03
1.570709282532334328e-03
1.510428264737129211e-03
1.508422195911407471e-03
1.505178399384021759e-03
1.503959298133850098e-03
1.501648337580263615e-03
1.498650177381932735e-03
1.495643751695752144e-03
1.494764117524027824e-03
1.491835457272827625e-03
1.490900525823235512e-03
1.490035676397383213e-03
1.487546134740114212e-03
1.486119930632412434e-03
1.483276253566145897e-03
1.480169710703194141e-03
1.479098806157708168e-03
1.477750949561595917e-03
1.475766533985733986e-03
1.473568845540285110e-03
1.477830344811081886e-03
1.473006792366504669e-03
1.471609924919903278e-03
1.470840652473270893e-03
1.470212475396692753e-03
1.469444017857313156e-03
1.467841444537043571e-03
1.506923115812242031e-03
1.467641326598823071e-03
1.466295681893825531e-03
1.464896136894822121e-03
1.463897991925477982e-03
1.463246997445821762e-03
1.462279353290796280e-03
1.461378531530499458e-03
1.459752209484577179e-03
1.468904316425323486e-03
1.459609484300017357e-03
1.459155697375535965e-03
1.458459650166332722e-03
1.460217637941241264e-03
1.458039274439215660e-03
1.457050326280295849e-03
1.455672550946474075e-03
1.452645286917686462e-03
1.469731330871582031e-03
1.451588235795497894e-03
1.448941533453762531e-03
1.446595764718949795e-03
1.444943947717547417e-03
1.443162094801664352e-03
1.439455081708729267e-03
1.437079976312816143e-03
1.435185549780726433e-03
1.433629309758543968e-03
1.432703109458088875e-03
1.431416487321257591e-03
1.430455246008932590e-03
1.430359086953103542e-03
1.429742434993386269e-03
1.429232303053140640e-03
1.428075367584824562e-03
1.427369657903909683e-03
1.424822956323623657e-03
1.426611561328172684e-03
1.423331443220376968e-03
1.420628279447555542e-03
1.418779836967587471e-03
1.431011594831943512e-03
1.418223371729254723e-03
1.417033607140183449e-03
1.416123472154140472e-03
1.415147911757230759e-03
1.414558966644108295e-03
1.413701567798852921e-03
1.412092940881848335e-03
1.415674341842532158e-03
1.411192119121551514e-03
1.410222845152020454e-03
1.409439020790159702e-03
1.408613519743084908e-03
1.407638890668749809e-03
1.406293595209717751e-03
1.404746668413281441e-03
1.403348520398139954e-03
1.401985879056155682e-03
1.401280751451849937e-03
1.400560606271028519e-03
1.400227425619959831e-03
1.399744418449699879e-03
1.398259773850440979e-03
1.397020067088305950e-03
1.394591992720961571e-03
1.393241342157125473e-03
1.389950048178434372e-03
1.388657838106155396e-03
1.388017204590141773e-03
1.387278549373149872e-03
1.386785181239247322e-03
1.385994371958076954e-03
1.385407289490103722e-03
1.383870025165379047e-03
1.381827518343925476e-03
1.379973953589797020e-03
1.378542045131325722e-03
1.377500360831618309e-03
1.376093132421374321e-03
1.374853658489882946e-03
1.373097533360123634e-03
1.371812075376510620e-03
1.370280515402555466e-03
1.369303907267749310e-03
1.368124270811676979e-03
1.367215299978852272e-03
1.366547541692852974e-03
1.366149866953492165e-03
1.364585245028138161e-03
1.363122835755348206e-03
1.360705355182290077e-03
1.358267851173877716e-03
1.355270505882799625e-03
1.351438928395509720e-03
1.365314703434705734e-03
1.350132632069289684e-03
1.354773645289242268e-03
1.346932840533554554e-03
1.343414769507944584e-03
1.341381459496915340e-03
1.340078189969062805e-03
1.338545465841889381e-03
1.337367226369678974e-03
1.335872453637421131e-03
1.334124011918902397e-03
1.332011888734996319e-03
1.330459024757146835e-03
1.328171347267925739e-03
1.324873184785246849e-03
1.322128577157855034e-03
1.321265241131186485e-03
1.318888040259480476e-03
1.317374873906373978e-03
1.314359484240412712e-03
1.311310566961765289e-03
1.309437211602926254e-03
1.307892613112926483e-03
1.306525431573390961e-03
1.305016805417835712e-03
1.309232320636510849e-03
1.303977333009243011e-03
1.302298041991889477e-03
1.299779396504163742e-03
1.298446208238601685e-03
1.297245151363313198e-03
1.296383445151150227e-03
1.294918591156601906e-03
1.294210436753928661e-03
1.291907159611582756e-03
1.290324376896023750e-03
1.287314691580832005e-03
1.284938422031700611e-03
1.283080200664699078e-03
1.281358767300844193e-03
1.279871212318539619e-03
1.278814859688282013e-03
1.281470991671085358e-03
1.277991803362965584e-03
1.276578055694699287e-03
1.274955458939075470e-03
1.273971050977706909e-03
1.273026573471724987e-03
1.272656372748315334e-03
1.272170804440975189e-03
1.271785702556371689e-03
1.270654727704823017e-03
1.269614556804299355e-03
1.268427353352308273e-03
1.268089981749653816e-03
1.267332118004560471e-03
1.266494626179337502e-03
1.265041995793581009e-03
1.263076905161142349e-03
1.260294113308191299e-03
1.257576979696750641e-03
1.254918286576867104e-03
1.253633527085185051e-03
1.252704299986362457e-03
1.251819659955799580e-03
1.251008594408631325e-03
1.249488908797502518e-03
1.248954562470316887e-03
1.247429521754384041e-03
1.246494939550757408e-03
1.245186431333422661e-03
1.244709594175219536e-03
1.243673264980316162e-03
1.242639147676527500e-03
1.240931916981935501e-03
1.238983822986483574e-03
1.236375304870307446e-03
1.232437789440155029e-03
1.227892702445387840e-03
1.223803730681538582e-03
1.223667990416288376e-03
1.221538987010717392e-03
1.218531280755996704e-03
1.214858377352356911e-03
1.213597133755683899e-03
1.212460920214653015e-03
1.211055088788270950e-03
1.209553331136703491e-03
1.208326080814003944e-03
1.207072054967284203e-03
1.206345623359084129e-03
1.205542590469121933e-03
1.205007778480648994e-03
1.203699037432670593e-03
1.202145125716924667e-03
1.200433121994137764e-03
1.198403304442763329e-03
1.196746714413166046e-03
1.194869400933384895e-03
1.193164032883942127e-03
1.189853763207793236e-03
1.190504990518093109e-03
1.188413705676794052e-03
1.185956178233027458e-03
1.184680731967091560e-03
1.183225773274898529e-03
1.182031584903597832e-03
1.180462772026658058e-03
1.178637729026377201e-03
1.177945057861506939e-03
1.177295809611678123e-03
1.176649471744894981e-03
1.175802666693925858e-03
1.175765879452228546e-03
1.175109879113733768e-03
1.174266682937741280e-03
1.173647819086909294e-03
1.172808464616537094e-03
1.171844545751810074e-03
1.170757808722555637e-03
1.169141614809632301e-03
1.166983507573604584e-03
1.164422370493412018e-03
1.161022577434778214e-03
1.157801831141114235e-03
1.155827194452285767e-03
1.154427067376673222e-03
1.151620293967425823e-03
1.149274059571325779e-03
1.147444359958171844e-03
1.146177644841372967e-03
1.145201968029141426e-03
1.144459703937172890e-03
1.143308123573660851e-03
1.142281806096434593e-03
1.142021734267473221e-03
1.141010900028049946e-03
1.140513690188527107e-03
1.139882486313581467e-03
1.139263273216784000e-03
1.139567233622074127e-03
1.138770021498203278e-03
1.137954415753483772e-03
1.137060346081852913e-03
1.136342645622789860e-03
1.135630067437887192e-03
1.134465681388974190e-03
1.133552636019885540e-03
1.132693025283515453e-03
1.132128760218620300e-03
1.131583936512470245e-03
1.131163211539387703e-03
1.130654709413647652e-03
1.129842828959226608e-03
1.129143871366977692e-03
1.128287753090262413e-03
1.127862837165594101e-03
1.127505442127585411e-03
1.127336290664970875e-03
1.127002295106649399e-03
1.126726623624563217e-03
1.126426970586180687e-03
1.126171089708805084e-03
1.125975279137492180e-03
1.125602750107645988e-03
1.125307986512780190e-03
1.124728005379438400e-03
1.135266618803143501e-03
1.124612521380186081e-03
1.124050468206405640e-03
1.122999936342239380e-03
1.122626825235784054e-03
1.121337059885263443e-03
1.120997942052781582e-03
1.120561966672539711e-03
1.120039843954145908e-03
1.119289780035614967e-03
1.118479995056986809e-03
1.117327949032187462e-03
1.116370782256126404e-03
1.115328166633844376e-03
1.114697777666151524e-03
1.113558886572718620e-03
1.172286691144108772e-03
1.113468082621693611e-03
1.112770289182662964e-03
1.112048048526048660e-03
1.111769815906882286e-03
1.111397519707679749e-03
1.111124991439282894e-03
1.110766199417412281e-03
1.110244193114340305e-03
1.110093668103218079e-03
1.108912052586674690e-03
1.108254888094961643e-03
1.107137068174779415e-03
1.106599811464548111e-03
1.105940900743007660e-03
1.105236122384667397e-03
1.103231683373451233e-03
1.101615838706493378e-03
1.099204877391457558e-03
1.097800675779581070e-03
1.095499377697706223e-03
1.098446547985076904e-03
1.094526844099164009e-03
1.093359198421239853e-03
1.090828329324722290e-03
1.088003162294626236e-03
1.084850635379552841e-03
1.081621041521430016e-03
1.079259323887526989e-03
1.077485037967562675e-03
1.075571402907371521e-03
1.073460793122649193e-03
1.070074620656669140e-03
1.076096319593489170e-03
1.068806275725364685e-03
1.066102646291255951e-03
1.063219271600246429e-03
1.060348469763994217e-03
1.057255081832408905e-03
1.054613385349512100e-03
1.052750973030924797e-03
1.050965860486030579e-03
1.049744430929422379e-03
1.046609133481979370e-03
1.042881747707724571e-03
1.041339943185448647e-03
1.039682189002633095e-03
1.039075665175914764e-03
1.038207556121051311e-03
1.035773660987615585e-03
1.037811860442161560e-03
1.034818822517991066e-03
1.031875261105597019e-03
1.028442988172173500e-03
1.025247853249311447e-03
1.022249925881624222e-03
1.022098702378571033e-03
1.020692987367510796e-03
1.018904149532318115e-03
1.016160240396857262e-03
1.014865934848785400e-03
1.012825756333768368e-03
1.010503619909286499e-03
1.008951338008046150e-03
1.007550978101789951e-03
1.007576473057270050e-03
1.006914069876074791e-03
1.004842226393520832e-03
1.003954326733946800e-03
1.003375276923179626e-03
1.002800650894641876e-03
1.001589931547641754e-03
1.000262564048171043e-03
1.021234085783362389e-03
9.998127352446317673e-04
9.988469537347555161e-04
9.981984039768576622e-04
9.978278540074825287e-04
9.975351858884096146e-04
9.969989769160747528e-04
9.964373894035816193e-04
9.954599663615226746e-04
9.953113039955496788e-04
9.943924378603696823e-04
9.931898675858974457e-04
9.926696075126528740e-04
9.920615702867507935e-04
9.914764668792486191e-04
9.908077772706747055e-04
9.904255857691168785e-04
9.905771585181355476e-04
9.900778532028198242e-04
9.890925139188766479e-04
9.881700389087200165e-04
9.899534052237868309e-04
9.873204398900270462e-04
9.857586119323968887e-04
9.850892238318920135e-04
9.846952743828296661e-04
9.843534789979457855e-04
9.840227430686354637e-04
9.835703531280159950e-04
9.830945637077093124e-04
9.828535839915275574e-04
9.827772155404090881e-04
9.823300642892718315e-04
9.820673149079084396e-04
9.818153921514749527e-04
9.815813973546028137e-04
9.812221396714448929e-04
9.822818683460354805e-04
9.810322662815451622e-04
9.805693989619612694e-04
9.799483232200145721e-04
9.792188648134469986e-04
9.786523878574371338e-04
9.781506378203630447e-04
9.774453938007354736e-04
9.770416654646396637e-04
9.767070878297090530e-04
9.764619171619415283e-04
9.762002155184745789e-04
9.757460211403667927e-04
9.749874006956815720e-04
9.744705166667699814e-04
9.739228407852351665e-04
9.729376761242747307e-04
9.720873786136507988e-04
9.711707243695855141e-04
9.702447568997740746e-04
9.693872998468577862e-04
9.680354269221425056e-04
9.669376304373145103e-04
9.649625280871987343e-04
9.623547084629535675e-04
9.618081385269761086e-04
9.612117428332567215e-04
9.601616766303777695e-04
9.591061389073729515e-04
9.577191667631268501e-04
9.570503607392311096e-04
9.560906328260898590e-04
9.555403375998139381e-04
9.549906244501471519e-04
9.543283376842737198e-04
9.536021389067173004e-04
9.527030633762478828e-04
9.516111458651721478e-04
9.506585192866623402e-04
9.502063039690256119e-04
9.524804190732538700e-04
9.497472201474010944e-04
9.488728828728199005e-04
9.478281717747449875e-04
9.466042974963784218e-04
9.456351399421691895e-04
9.445921168662607670e-04
9.436560794711112976e-04
9.424649178981781006e-04
9.412140934728085995e-04
9.752709884196519852e-04
9.409165941178798676e-04
9.398279362358152866e-04
9.387667523697018623e-04
9.379604598507285118e-04
9.366112062707543373e-04
9.376651141792535782e-04
9.360183030366897583e-04
9.349915198981761932e-04
9.340486722066998482e-04
9.334522765129804611e-04
9.329259628430008888e-04
9.328599553555250168e-04
9.321551769971847534e-04
9.318788070231676102e-04
9.314906201325356960e-04
9.310066234320402145e-04
9.305551648139953613e-04
9.299755329266190529e-04
9.290675516240298748e-04
9.280195226892828941e-04
9.271244052797555923e-04
9.262185776606202126e-04
9.249849827028810978e-04
9.241226362064480782e-04
9.228690760210156441e-04
9.217552142217755318e-04
9.201666107401251793e-04
9.185605449602007866e-04
9.160692570731043816e-04
9.119090391322970390e-04
9.097158908843994141e-04
9.086636127904057503e-04
9.082411415874958038e-04
9.078201837837696075e-04
9.074480039998888969e-04
9.069764055311679840e-04
9.064550977200269699e-04
9.061919990926980972e-04
9.056931594386696815e-04
9.054860565811395645e-04
9.052796522155404091e-04
9.050837252289056778e-04
9.049318032339215279e-04
9.047224302776157856e-04
9.045564802363514900e-04
9.043988538905978203e-04
9.042723104357719421e-04
9.038865100592374802e-04
9.034653194248676300e-04
9.025398758240044117e-04
9.023871389217674732e-04
9.012373629957437515e-04
9.005330502986907959e-04
8.997264085337519646e-04
8.984852465800940990e-04
8.960632258094847202e-04
8.934446377679705620e-04
8.912817575037479401e-04
8.898435626178979874e-04
8.888003649190068245e-04
8.880243403837084770e-04
8.868976728990674019e-04
8.865237468853592873e-04
8.857321226969361305e-04
8.853499311953783035e-04
8.850010344758629799e-04
8.847704157233238220e-04
8.844768162816762924e-04
8.840105729177594185e-04
8.835786138661205769e-04
8.832053281366825104e-04
8.829181315377354622e-04
8.846974233165383339e-04
8.828000864014029503e-04
8.823279058560729027e-04
8.820919319987297058e-04
8.816894842311739922e-04
8.812612504698336124e-04
8.804975659586489201e-04
8.791511645540595055e-04
8.780370117165148258e-04
8.789124549366533756e-04
8.773378212936222553e-04
8.766157552599906921e-04
8.759771008044481277e-04
8.751180721446871758e-04
8.736277814023196697e-04
8.727983804419636726e-04
8.731286507099866867e-04
8.722739294171333313e-04
8.712093695066869259e-04
8.699520258232951164e-04
8.691727416589856148e-04
8.708930690772831440e-04
8.688503876328468323e-04
8.681075414642691612e-04
8.673162665218114853e-04
8.665714995004236698e-04
8.655381388962268829e-04
8.641600143164396286e-04
8.625395130366086960e-04
8.798392955213785172e-04
8.621506276540458202e-04
8.605677867308259010e-04
8.592040976509451866e-04
8.578150300309062004e-04
8.561798604205250740e-04
8.546489989385008812e-04
8.544572046957910061e-04
8.534038206562399864e-04
8.531153434887528419e-04
8.525882731191813946e-04
8.521177805960178375e-04
8.516217349097132683e-04
8.545555174350738525e-04
8.510340121574699879e-04
8.504384313710033894e-04
8.500550175085663795e-04
8.492583874613046646e-04
8.489082101732492447e-04
8.480667602270841599e-04
8.470156462863087654e-04
8.464438142254948616e-04
8.456046925857663155e-04
8.453041082248091698e-04
8.450394379906356335e-04
8.446049178019165993e-04
8.440185338258743286e-04
8.434082847088575363e-04
8.438000804744660854e-04
8.430236484855413437e-04
8.427097927778959274e-04
8.423384861089289188e-04
8.420271333307027817e-04
8.413717150688171387e-04
8.406761335209012032e-04
8.400542428717017174e-04
8.395988261327147484e-04
8.392473100684583187e-04
8.390875300392508507e-04
8.389124996028840542e-04
8.387131383642554283e-04
8.385457331314682961e-04
8.382776286453008652e-04
8.377711637876927853e-04
8.370958967134356499e-04
8.366963593289256096e-04
8.358144550584256649e-04
8.351540891453623772e-04
8.345583919435739517e-04
8.338882471434772015e-04
8.333207806572318077e-04
8.325313683599233627e-04
8.319856715388596058e-04
8.315011509694159031e-04
8.309200638905167580e-04
8.296764572151005268e-04
8.287356467917561531e-04
8.269139798358082771e-04
8.259067544713616371e-04
8.246400975622236729e-04
8.238226873800158501e-04
8.229053346440196037e-04
8.224376360885798931e-04
8.217457216233015060e-04
8.204787736758589745e-04
8.193011162802577019e-04
8.174083777703344822e-04
8.170188521035015583e-04
8.159280987456440926e-04
8.153560920618474483e-04
8.149208733811974525e-04
8.144124876707792282e-04
8.140968857333064079e-04
8.137034019455313683e-04
8.133027004078030586e-04
8.129411144182085991e-04
8.124568266794085503e-04
8.119161939248442650e-04
8.116211392916738987e-04
8.112223586067557335e-04
8.108860347419977188e-04
8.105503511615097523e-04
8.101522689685225487e-04
8.096782257780432701e-04
8.092531934380531311e-04
8.089391631074249744e-04
8.085534209385514259e-04
8.083315333351492882e-04
8.080066763795912266e-04
8.077158126980066299e-04
8.083238499239087105e-04
8.076195372268557549e-04
8.073104545474052429e-04
8.070160401985049248e-04
8.067801827564835548e-04
8.065016008913516998e-04
8.060056716203689575e-04
8.054241770878434181e-04
8.097726386040449142e-04
8.050902397371828556e-04
8.046936709433794022e-04
8.041425608098506927e-04
8.037628140300512314e-04
8.030307944864034653e-04
8.035762584768235683e-04
8.028568699955940247e-04
8.026250288821756840e-04
8.023682748898863792e-04
8.020194945856928825e-04
8.015420753508806229e-04
8.009814191609621048e-04
8.002984104678034782e-04
7.994747138582170010e-04
7.988545112311840057e-04
7.981191156432032585e-04
7.977021159604191780e-04
7.972144521772861481e-04
7.969241705723106861e-04
7.964017568156123161e-04
7.958893547765910625e-04
7.952408632263541222e-04
7.948209531605243683e-04
7.944129174575209618e-04
7.940168143250048161e-04
7.937117479741573334e-04
7.936850888654589653e-04
7.933890447020530701e-04
7.927441038191318512e-04
7.921330397948622704e-04
7.915442110970616341e-04
7.908471161499619484e-04
7.898195181041955948e-04
7.900472846813499928e-04
7.893453584983944893e-04
7.885865634307265282e-04
7.878245087340474129e-04
7.873512804508209229e-04
7.865733932703733444e-04
7.856799638830125332e-04
7.851146510802209377e-04
7.844236097298562527e-04
7.837601006031036377e-04
7.828631205484271049e-04
7.823235937394201756e-04
7.819886086508631706e-04
7.815466960892081261e-04
7.811195682734251022e-04
7.809766102582216263e-04
7.801463361829519272e-04
7.797818398103117943e-04
7.794186240062117577e-04
7.792280521243810654e-04
7.784276967868208885e-04
7.779410807415843010e-04
7.774140103720128536e-04
7.767310598865151405e-04
7.762219756841659546e-04
7.752185920253396034e-04
7.745662005618214607e-04
7.737020496279001236e-04
7.737573469057679176e-04
7.731084479019045830e-04
7.725359173491597176e-04
7.717348635196685791e-04
7.709712954238057137e-04
7.702569710090756416e-04
7.696063257753849030e-04
7.692031795158982277e-04
7.680557318963110447e-04
7.666990277357399464e-04
7.718477863818407059e-04
7.663362193852663040e-04
7.648743921890854836e-04
7.632403867319226265e-04
7.620142423547804356e-04
7.610865868628025055e-04
7.602507248520851135e-04
7.589135784655809402e-04
7.583227124996483326e-04
7.565141422674059868e-04
7.551964372396469116e-04
7.535740733146667480e-04
7.557418430224061012e-04
7.525707478635013103e-04
7.510072318837046623e-04
7.487602415494620800e-04
7.477990584447979927e-04
7.465844391845166683e-04
7.455416489392518997e-04
7.439218461513519287e-04
7.428620592691004276e-04
7.420291076414287090e-04
7.407923112623393536e-04
7.401040056720376015e-04
7.388130761682987213e-04
7.381399627774953842e-04
7.373726111836731434e-04
7.359661976806819439e-04
7.350170053541660309e-04
7.337144343182444572e-04
7.315711118280887604e-04
7.303596939891576767e-04
7.269710768014192581e-04
7.250254275277256966e-04
7.232606876641511917e-04
7.217781385406851768e-04
7.208177121356129646e-04
7.197520462796092033e-04
7.191953482106328011e-04
7.185636786743998528e-04
7.178095402196049690e-04
7.173131452873349190e-04
7.166065624915063381e-04
7.156376959756016731e-04
7.141021778807044029e-04
7.131575257517397404e-04
7.122905808500945568e-04
7.110038422979414463e-04
7.104582036845386028e-04
7.104162359610199928e-04
7.101946976035833359e-04
7.100400980561971664e-04
7.096849731169641018e-04
7.091028965078294277e-04
7.086599944159388542e-04
7.079211063683032990e-04
7.074607419781386852e-04
7.072108564898371696e-04
7.069311104714870453e-04
7.063988596200942993e-04
7.060870411805808544e-04
7.056702743284404278e-04
7.053210283629596233e-04
7.050184067338705063e-04
7.046838290989398956e-04
7.044129888527095318e-04
7.042076904326677322e-04
7.039483170956373215e-04
7.036748575046658516e-04
7.034417358227074146e-04
7.031387649476528168e-04
7.027225801721215248e-04
7.041004719212651253e-04
7.024252554401755333e-04
7.019513286650180817e-04
7.014771108515560627e-04
7.010710542090237141e-04
7.003538776189088821e-04
6.995701696723699570e-04
6.987702799960970879e-04
6.979529280215501785e-04
6.971408147364854813e-04
6.963930791243910789e-04
6.957716541364789009e-04
6.954474956728518009e-04
6.948751397430896759e-04
6.946353241801261902e-04
6.943290354683995247e-04
6.942120962776243687e-04
6.940554594621062279e-04
6.938562728464603424e-04
6.937477737665176392e-04
6.938426522538065910e-04
6.935480050742626190e-04
6.932356627658009529e-04
6.928890943527221680e-04
6.925960769876837730e-04
6.923261098563671112e-04
6.929514347575604916e-04
6.922007887624204159e-04
6.918963044881820679e-04
6.915102712810039520e-04
6.910880329087376595e-04
6.906918715685606003e-04
6.901308661326766014e-04
6.890908116474747658e-04
7.050641579553484917e-04
6.886601331643760204e-04
6.877168198116123676e-04
6.870045326650142670e-04
6.867627380415797234e-04
6.863391026854515076e-04
6.858999258838593960e-04
6.851221551187336445e-04
6.843740120530128479e-04
6.837611435912549496e-04
6.828530458733439445e-04
6.815929664298892021e-04
6.809339392930269241e-04
6.803133874200284481e-04
6.797962705604732037e-04
6.792421918362379074e-04
6.781908450648188591e-04
6.771440966986119747e-04
6.764812278561294079e-04
6.760238320566713810e-04
6.755243521183729172e-04
6.748739397153258324e-04
6.739302189089357853e-04
6.728896405547857285e-04
6.723212427459657192e-04
6.714713526889681816e-04
6.708807777613401413e-04
6.704301922582089901e-04
6.697042263112962246e-04
6.687585264444351196e-04
6.677805795334279537e-04
6.668618880212306976e-04
6.659388891421258450e-04
6.651001749560236931e-04
6.645714165642857552e-04
6.640065694227814674e-04
6.635792087763547897e-04
6.632969016209244728e-04
6.630588904954493046e-04
6.625337991863489151e-04
6.621861830353736877e-04
6.618131883442401886e-04
6.615359452553093433e-04
6.611883291043341160e-04
6.608067778870463371e-04
6.606674287468194962e-04
6.603041547350585461e-04
6.598178297281265259e-04
6.605524104088544846e-04
6.594635779038071632e-04
6.589125841856002808e-04
6.584131624549627304e-04
6.578549509868025780e-04
6.572777638211846352e-04
6.566252559423446655e-04
6.561871850863099098e-04
6.556470179930329323e-04
6.553120911121368408e-04
6.543091149069368839e-04
6.533525302074849606e-04
6.530487444251775742e-04
6.518238224089145660e-04
6.511915125884115696e-04
6.505915662273764610e-04
6.498731672763824463e-04
6.492915563285350800e-04
6.487022619694471359e-04
6.480217562057077885e-04
6.468113861046731472e-04
6.498033180832862854e-04
6.461985176429152489e-04
6.455000257119536400e-04
6.447661435231566429e-04
6.439178250730037689e-04
6.432647351175546646e-04
6.422264268621802330e-04
6.413007504306733608e-04
6.402519647963345051e-04
6.403535371646285057e-04
6.399636040441691875e-04
6.395929376594722271e-04
6.393978255800902843e-04
6.390368216671049595e-04
6.388442125171422958e-04
6.381090497598052025e-04
6.374284857884049416e-04
6.359717808663845062e-04
6.401690188795328140e-04
6.351002957671880722e-04
6.334199570119380951e-04
6.433659000322222710e-04
6.326044094748795033e-04
6.310379831120371819e-04
6.304242997430264950e-04
6.295001367107033730e-04
6.290314486250281334e-04
6.284452974796295166e-04
6.278651999309659004e-04
6.281185196712613106e-04
6.275877822190523148e-04
6.269322475418448448e-04
6.260120426304638386e-04
6.257110508158802986e-04
6.252609891816973686e-04
6.248800200410187244e-04
6.245132535696029663e-04
6.238213973119854927e-04
6.229982827790081501e-04
6.214410532265901566e-04
6.199582130648195744e-04
6.189559353515505791e-04
6.178489420562982559e-04
6.171688437461853027e-04
6.161385099403560162e-04
6.151920533739030361e-04
6.140145706012845039e-04
6.127061787992715836e-04
6.113454001024365425e-04
6.120126345194876194e-04
6.101257749833166599e-04
6.091402610763907433e-04
6.085034692659974098e-04
6.078713340684771538e-04
6.057550199329853058e-04
6.037112325429916382e-04
6.025868933647871017e-04
6.018927670083940029e-04
6.015059771016240120e-04
6.010994547978043556e-04
6.006007897667586803e-04
5.999860586598515511e-04
6.035048281773924828e-04
5.997021798975765705e-04
5.990861682221293449e-04
5.983463488519191742e-04
5.974411033093929291e-04
5.963260191492736340e-04
5.950251361355185509e-04
5.934494547545909882e-04
5.935289082117378712e-04
5.930695333518087864e-04
5.926752928644418716e-04
5.920939147472381592e-04
5.917296512052416801e-04
5.914431530982255936e-04
5.911990301683545113e-04
5.908622406423091888e-04
5.904647987335920334e-04
5.898948293179273605e-04
5.901972763240337372e-04
5.895890062674880028e-04
5.891191540285944939e-04
5.886880680918693542e-04
5.882716504856944084e-04
5.875952192582190037e-04
5.867521394975483418e-04
5.906565347686409950e-04
5.862925900146365166e-04
5.863661644980311394e-04
5.856562056578695774e-04
5.844785482622683048e-04
5.837146309204399586e-04
5.830254522152245045e-04
5.828391877003014088e-04
5.826479755342006683e-04
5.824503023177385330e-04
5.821872036904096603e-04
5.818019271828234196e-04
5.814782925881445408e-04
5.811104783788323402e-04
5.806585540995001793e-04
5.800011567771434784e-04
5.793498712591826916e-04
5.789293791167438030e-04
5.785272223874926567e-04
5.781453801319003105e-04
5.775344907306134701e-04
5.766598042100667953e-04
5.755021120421588421e-04
5.743798683397471905e-04
5.736774764955043793e-04
5.735089071094989777e-04
5.730439443141222000e-04
5.747502436861395836e-04
5.728576215915381908e-04
5.725451628677546978e-04
5.717749008908867836e-04
5.711491685360670090e-04
5.706737865693867207e-04
5.699789035134017467e-04
5.690113175660371780e-04
5.680571775883436203e-04
5.672219558618962765e-04
5.665632779709994793e-04
5.659479065798223019e-04
5.655444110743701458e-04
5.647585494443774223e-04
5.652006948366761208e-04
5.642705946229398251e-04
5.633702967315912247e-04
5.622591706924140453e-04
5.614990950562059879e-04
5.602921592071652412e-04
5.590086802840232849e-04
5.569536588154733181e-04
5.605918122455477715e-04
5.558789125643670559e-04
5.551250069402158260e-04
5.533888470381498337e-04
5.528068868443369865e-04
5.515916272997856140e-04
5.504803266376256943e-04
5.493832286447286606e-04
5.491547053679823875e-04
5.477623781189322472e-04
5.472149932757019997e-04
5.469353054650127888e-04
5.464805290102958679e-04
5.461083492264151573e-04
5.457100924104452133e-04
5.452582845464348793e-04
5.453061312437057495e-04
5.448450101539492607e-04
5.439146189019083977e-04
5.429507000371813774e-04
5.421424284577369690e-04
5.414525512605905533e-04
5.407014396041631699e-04
5.397836794145405293e-04
5.390536389313638210e-04
5.377380875870585442e-04
5.368063575588166714e-04
5.356472684070467949e-04
5.338909104466438293e-04
5.326609825715422630e-04
5.319796036928892136e-04
5.314582376740872860e-04
5.309511325322091579e-04
5.304046208038926125e-04
5.300283082760870457e-04
5.294835427775979042e-04
5.284625804051756859e-04
5.278371972963213921e-04
5.268158856779336929e-04
5.259183817543089390e-04
5.254655843600630760e-04
5.247221561148762703e-04
5.239936290308833122e-04
5.227533401921391487e-04
5.210521048866212368e-04
5.209273658692836761e-04
5.201888270676136017e-04
5.190210067667067051e-04
5.182044696994125843e-04
5.175399128347635269e-04
5.170269869267940521e-04
5.170502699911594391e-04
5.168060306459665298e-04
5.165415350347757339e-04
5.162624875083565712e-04
5.159872816875576973e-04
5.156488041393458843e-04
5.153521778993308544e-04
5.175095284357666969e-04
5.152071826159954071e-04
5.149890203028917313e-04
5.148839554749429226e-04
5.148118361830711365e-04
5.145730683580040932e-04
5.141651490703225136e-04
5.138665437698364258e-04
5.136291147209703922e-04
5.133746308274567127e-04
5.131982034072279930e-04
5.172665696591138840e-04
5.131363868713378906e-04
5.127423210069537163e-04
5.124818417243659496e-04
5.121662979945540428e-04
5.119070992805063725e-04
5.114481318742036819e-04
5.127144977450370789e-04
5.112590733915567398e-04
5.107452161610126495e-04
5.103531875647604465e-04
5.100748967379331589e-04
5.097704706713557243e-04
5.123724695295095444e-04
5.096824024803936481e-04
5.093978252261877060e-04
5.091597558930516243e-04
5.089889164082705975e-04
5.088537000119686127e-04
5.086294841021299362e-04
5.082886200398206711e-04
5.078024696558713913e-04
5.070994957350194454e-04
5.065282457508146763e-04
5.060877883806824684e-04
5.056459340266883373e-04
5.050925537943840027e-04
5.041472613811492920e-04
5.035686772316694260e-04
5.032154149375855923e-04
5.030165775679051876e-04
5.027452716603875160e-04
5.021913675591349602e-04
5.019181407988071442e-04
5.016241921111941338e-04
5.014646449126303196e-04
5.011777975596487522e-04
5.008754087612032890e-04
5.004780832678079605e-04
5.000511882826685905e-04
4.996518255211412907e-04
4.993613110855221748e-04
4.992588073946535587e-04
4.989531589671969414e-04
4.987900611013174057e-04
4.984280094504356384e-04
4.980356898158788681e-04
4.975253250449895859e-04
4.974211915396153927e-04
4.976787022314965725e-04
4.970231093466281891e-04
4.965735715813934803e-04
4.966994747519493103e-04
4.964352119714021683e-04
4.961248487234115601e-04
4.957165801897644997e-04
4.953385796397924423e-04
4.949276335537433624e-04
4.954220494255423546e-04
4.946389235556125641e-04
4.940266371704638004e-04
4.920705105178058147e-04
4.916747566312551498e-04
4.914083401672542095e-04
4.910872085019946098e-04
4.908628761768341064e-04
4.905373789370059967e-04
4.902023356407880783e-04
4.897890612483024597e-04
4.892529104836285114e-04
4.890268901363015175e-04
4.886022652499377728e-04
4.885064554400742054e-04
4.884066293016076088e-04
4.882423672825098038e-04
4.879092739429324865e-04
4.875883460044860840e-04
4.872707650065422058e-04
4.865466034971177578e-04
4.861586785409599543e-04
4.859632172156125307e-04
4.856242740061134100e-04
4.854904254898428917e-04
4.850656841881573200e-04
4.849794786423444748e-04
4.845708608627319336e-04
4.843071801587939262e-04
4.840747569687664509e-04
4.838588065467774868e-04
4.836300504393875599e-04
4.833583370782434940e-04
4.831522819586098194e-04
4.829372628591954708e-04
4.828569944947957993e-04
4.825348441954702139e-04
4.823512281291186810e-04
4.821742768399417400e-04
4.906531539745628834e-04
4.821462207473814487e-04
4.820400499738752842e-04
4.818713059648871422e-04
4.816898435819894075e-04
4.813786654267460108e-04
4.811193211935460567e-04
4.809189122170209885e-04
4.806484794244170189e-04
4.803637275472283363e-04
4.802067414857447147e-04
4.799269954673945904e-04
4.795159911736845970e-04
4.791726823896169662e-04
4.791222163476049900e-04
4.789181402884423733e-04
4.788297810591757298e-04
4.786070785485208035e-04
4.782849864568561316e-04
4.777753201778978109e-04
4.788836813531816006e-04
4.775487468577921391e-04
4.772061365656554699e-04
4.769316292367875576e-04
4.768333164975047112e-04
4.766339261550456285e-04
4.763808974530547857e-04
4.774473200086504221e-04
4.762446915265172720e-04
4.760373849421739578e-04
4.758067079819738865e-04
4.755517002195119858e-04
4.752099630422890186e-04
4.746820486616343260e-04
4.787469515576958656e-04
4.744788457173854113e-04
4.739323630928993225e-04
4.735441179946064949e-04
4.733155365101993084e-04
4.730676300823688507e-04
4.728027270175516605e-04
4.724139580503106117e-04
4.720414872281253338e-04
4.716713447123765945e-04
4.715244576800614595e-04
4.711959627456963062e-04
4.704761086031794548e-04
4.700160352513194084e-04
4.693336086347699165e-04
4.688541521318256855e-04
4.684447776526212692e-04
4.680538841057568789e-04
4.675157251767814159e-04
4.677589749917387962e-04
4.673981457017362118e-04
4.670910420827567577e-04
4.663757863454520702e-04
5.285959341563284397e-04
4.661998245865106583e-04
4.656341043300926685e-04
4.649222246371209621e-04
4.643783904612064362e-04
4.635406658053398132e-04
4.628229944501072168e-04
4.654901567846536636e-04
4.623930726666003466e-04
4.617274389602243900e-04
4.612370976246893406e-04
4.608088638633489609e-04
4.600547836162149906e-04
4.593420017044991255e-04
4.584298585541546345e-04
4.577663203235715628e-04
4.573234764393419027e-04
4.570660239551216364e-04
4.568344447761774063e-04
4.565533599816262722e-04
4.560194793157279491e-04
4.555011983029544353e-04
4.550205776467919350e-04
4.546195268630981445e-04
4.541959788184612989e-04
4.541351227089762688e-04
4.538260400295257568e-04
4.534783656708896160e-04
4.530739388428628445e-04
4.528384888544678688e-04
4.523532406892627478e-04
4.519767826423048973e-04
4.513512831181287766e-04
4.507601552177220583e-04
4.492324660532176495e-04
4.551515448838472366e-04
4.490109276957809925e-04
4.481532669160515070e-04
4.467607941478490829e-04
4.461075877770781517e-04
4.456408205442130566e-04
4.449871485121548176e-04
4.442523350007832050e-04
4.437453171703964472e-04
4.432475543580949306e-04
4.428191459737718105e-04
4.420244949869811535e-04
4.410662222653627396e-04
4.402458143886178732e-04
4.393934505060315132e-04
4.390624235384166241e-04
4.385506617836654186e-04
4.384163476061075926e-04
4.381620674394071102e-04
4.377471923362463713e-04
4.373216943349689245e-04
4.368070513010025024e-04
4.364642954897135496e-04
4.361063474789261818e-04
4.358523001428693533e-04
4.353575641289353371e-04
4.348908551037311554e-04
4.344620974734425545e-04
4.340604937169700861e-04
4.340670129749923944e-04
4.337616264820098877e-04
4.333262913860380650e-04
4.328774521127343178e-04
4.321711894590407610e-04
4.314141988288611174e-04
4.305660550016909838e-04
4.300588043406605721e-04
4.297093255445361137e-04
4.294936079531908035e-04
4.291762015782296658e-04
4.287088813725858927e-04
4.283656890038400888e-04
4.280234279576689005e-04
4.277864354662597179e-04
4.273788363207131624e-04
4.270517383702099323e-04
4.266914038453251123e-04
4.262050497345626354e-04
4.257353721186518669e-04
4.253359511494636536e-04
4.249557678122073412e-04
4.248001787345856428e-04
4.244256415404379368e-04
4.242716240696609020e-04
4.240697599016129971e-04
4.239501140546053648e-04
4.237277316860854626e-04
4.233591025695204735e-04
4.229266778565943241e-04
4.224715230520814657e-04
4.219979455228894949e-04
4.217095265630632639e-04
4.215541412122547626e-04
4.212468338664621115e-04
4.210527113173156977e-04
4.206805897410959005e-04
4.201843985356390476e-04
4.195043584331870079e-04
4.264275194145739079e-04
4.193754866719245911e-04
4.187627346254885197e-04
4.183188430033624172e-04
4.178073431830853224e-04
4.171780892647802830e-04
4.347525828052312136e-04
4.170753236394375563e-04
4.165446443948894739e-04
4.160953685641288757e-04
4.158728406764566898e-04
4.155387869104743004e-04
4.150864260736852884e-04
4.144836275372654200e-04
4.136214265599846840e-04
4.129793087486177683e-04
4.126130661461502314e-04
4.121382953599095345e-04
4.117651260457932949e-04
4.114662879146635532e-04
4.115500487387180328e-04
4.113745526410639286e-04
4.112207680009305477e-04
4.110999288968741894e-04
4.108545836061239243e-04
4.106519045308232307e-04
4.119023797102272511e-04
4.105853149667382240e-04
4.103790270164608955e-04
4.102976818103343248e-04
4.102102247998118401e-04
4.101333906874060631e-04
4.098867648281157017e-04
4.094564355909824371e-04
4.096116754226386547e-04
4.091745940968394279e-04
4.085508408024907112e-04
4.079520003870129585e-04
4.075028700754046440e-04
4.071274888701736927e-04
4.064041422680020332e-04
4.057840560562908649e-04
4.053197044413536787e-04
4.048918490298092365e-04
4.046589310746639967e-04
4.042668733745813370e-04
4.039954219479113817e-04
4.032977740280330181e-04
4.029312112834304571e-04
4.026617971248924732e-04
4.024547233711928129e-04
4.028654657304286957e-04
4.021736967843025923e-04
4.017281171400099993e-04
4.013633588328957558e-04
4.006719100289046764e-04
4.001638153567910194e-04
3.991502453573048115e-04
4.188906168565154076e-04
3.989766119047999382e-04
3.983873757533729076e-04
3.973613493144512177e-04
3.964464995078742504e-04
3.977304149884730577e-04
3.962747578043490648e-04
3.958732704631984234e-04
3.955728316213935614e-04
3.953974228352308273e-04
3.952012339141219854e-04
3.949761157855391502e-04
3.947414807043969631e-04
3.944442432839423418e-04
3.941410686820745468e-04
3.938794834539294243e-04
3.952263214159756899e-04
3.937504952773451805e-04
3.934696724172681570e-04
3.932966501452028751e-04
3.927443176507949829e-04
3.923990589100867510e-04
3.921255702152848244e-04
3.917702124454081059e-04
3.913591499440371990e-04
3.908262006007134914e-04
3.902864409610629082e-04
3.896479902323335409e-04
3.891116357408463955e-04
3.886396298184990883e-04
3.878370625898241997e-04
3.885881160385906696e-04
3.875706461258232594e-04
3.874103131238371134e-04
3.867774794343858957e-04
3.866459592245519161e-04
3.864982863888144493e-04
3.862342273350805044e-04
3.858779091387987137e-04
3.855229297187179327e-04
3.851613437291234732e-04
3.849853528663516045e-04
3.851683286484330893e-04
3.846667241305112839e-04
3.844621824100613594e-04
3.840598510578274727e-04
3.837504482362419367e-04
3.831529465969651937e-04
3.833142691291868687e-04
3.828413900919258595e-04
3.822834114544093609e-04
3.817779070232063532e-04
3.815753443632274866e-04
3.813458315562456846e-04
3.808739711530506611e-04
3.804385196417570114e-04
3.800687554758042097e-04
3.799471887759864330e-04
3.796805394813418388e-04
3.794911899603903294e-04
3.792634815908968449e-04
3.789776237681508064e-04
3.790103946812450886e-04
3.787966852542012930e-04
3.784860600717365742e-04
3.782775602303445339e-04
3.780687984544783831e-04
3.779359103646129370e-04
3.778228419832885265e-04
3.774970828089863062e-04
3.772171330638229847e-04
3.768847382161766291e-04
3.765245201066136360e-04
3.762824635487049818e-04
3.761366824619472027e-04
3.758223028853535652e-04
3.754731733351945877e-04
3.752424963749945164e-04
3.750296018552035093e-04
3.748098388314247131e-04
3.743645502254366875e-04
3.738640225492417812e-04
3.732939949259161949e-04
3.726960567291826010e-04
3.723401750903576612e-04
3.718529478646814823e-04
3.716815845109522343e-04
3.712580655701458454e-04
3.716808278113603592e-04
3.710456658154726028e-04
3.706457791849970818e-04
3.701872192323207855e-04
3.699428343679755926e-04
3.694708575494587421e-04
3.690929152071475983e-04
3.686126437969505787e-04
3.680340596474707127e-04
3.673774190247058868e-04
3.758918319363147020e-04
3.671951999422162771e-04
3.666453994810581207e-04
3.662718809209764004e-04
3.659086651168763638e-04
3.654274623841047287e-04
3.649948339443653822e-04
3.645974793471395969e-04
3.642681404016911983e-04
3.638862399384379387e-04
3.635752946138381958e-04
3.633361775428056717e-04
3.644409007392823696e-04
3.628731356002390385e-04
3.624864039011299610e-04
3.619930357672274113e-04
3.617297625169157982e-04
3.615116293076425791e-04
3.613385779317468405e-04
3.610062121879309416e-04
3.608716651797294617e-04
3.603451186791062355e-04
3.601897042244672775e-04
3.598178154788911343e-04
3.593053552322089672e-04
3.586009261198341846e-04
3.576103481464087963e-04
3.568143001757562160e-04
3.562518395483493805e-04
3.558552707545459270e-04
3.553208662196993828e-04
3.548332897480577230e-04
3.542956837918609381e-04
3.538077580742537975e-04
3.532452683430165052e-04
3.524131607264280319e-04
3.513127740006893873e-04
3.513822448439896107e-04
3.510383830871433020e-04
3.507246728986501694e-04
3.504466149024665356e-04
3.501363389659672976e-04
3.494875563774257898e-04
3.493970434647053480e-04
3.487322246655821800e-04
3.483571927063167095e-04
3.478714788798242807e-04
3.474898985587060452e-04
3.472011303529143333e-04
3.468257200438529253e-04
3.464754845481365919e-04
3.462355234660208225e-04
3.457671555224806070e-04
3.452289092820137739e-04
3.504555788822472095e-04
3.450864460319280624e-04
3.447885974310338497e-04
3.445122856646776199e-04
3.444239264354109764e-04
3.442220622673630714e-04
3.439927531871944666e-04
3.436364931985735893e-04
3.435138496570289135e-04
3.427671035751700401e-04
3.423427115194499493e-04
3.418003325350582600e-04
3.413387457840144634e-04
3.406300966162234545e-04
3.400255227461457253e-04
3.391660866327583790e-04
3.387464676052331924e-04
3.382241993676871061e-04
3.375980595592409372e-04
3.373108338564634323e-04
3.371083003003150225e-04
3.365955781191587448e-04
3.361988929100334644e-04
3.355183289386332035e-04
3.349719336256384850e-04
3.342967247590422630e-04
3.341170377098023891e-04
3.334858629386872053e-04
3.333035565447062254e-04
3.330299514345824718e-04
3.328250604681670666e-04
3.323976416140794754e-04
3.320793330203741789e-04
3.315929207019507885e-04
3.313407360110431910e-04
3.308228915557265282e-04
3.304821148049086332e-04
3.302511177025735378e-04
3.299753298051655293e-04
3.297310322523117065e-04
3.295259666629135609e-04
3.293173795100301504e-04
3.290859167464077473e-04
3.288843727204948664e-04
3.287150175310671329e-04
3.284704871475696564e-04
3.283004916738718748e-04
3.281079116277396679e-04
3.278664662502706051e-04
3.274583141319453716e-04
3.268199507147073746e-04
3.262402315158396959e-04
3.269307781010866165e-04
3.259522491134703159e-04
3.253000904805958271e-04
3.247805288992822170e-04
3.244672843720763922e-04
3.243156825192272663e-04
3.241891972720623016e-04
3.241036320105195045e-04
3.239778452552855015e-04
3.238831122871488333e-04
3.238026401959359646e-04
3.236753982491791248e-04
3.234718460589647293e-04
3.673735191114246845e-04
3.234214673284441233e-04
3.232278395444154739e-04
3.230693109799176455e-04
3.229831927455961704e-04
3.228901769034564495e-04
3.230670990888029337e-04
3.228280402254313231e-04
3.227267297916114330e-04
3.226077533327043056e-04
3.224857500754296780e-04
3.223658713977783918e-04
3.222502127755433321e-04
3.221250954084098339e-04
3.220751823391765356e-04
3.219690115656703711e-04
3.218172932974994183e-04
3.222597297281026840e-04
3.217562916688621044e-04
3.216620534658432007e-04
3.215944161638617516e-04
3.215135657228529453e-04
3.213297459296882153e-04
3.211113507859408855e-04
3.209679853171110153e-04
3.208831185474991798e-04
3.208051493857055902e-04
3.207267145626246929e-04
3.205675748176872730e-04
3.202683874405920506e-04
3.199078782927244902e-04
3.197166952304542065e-04
3.194658202119171619e-04
3.193120937794446945e-04
3.189987619407474995e-04
3.186792018823325634e-04
3.182952059432864189e-04
3.179381019435822964e-04
3.175589954480528831e-04
3.172226715832948685e-04
3.170090494677424431e-04
3.165949601680040359e-04
3.174441808369010687e-04
3.164487134199589491e-04
3.161458007525652647e-04
3.156542952638119459e-04
3.150434349663555622e-04
3.144654911011457443e-04
3.139917389489710331e-04
3.135156002826988697e-04
3.133291320409625769e-04
3.128061362076550722e-04
3.124901559203863144e-04
3.121628833469003439e-04
3.118542372249066830e-04
3.125734510831534863e-04
3.117464657407253981e-04
3.114105784334242344e-04
3.107995435129851103e-04
3.102424379903823137e-04
3.096141736023128033e-04
3.097068984061479568e-04
3.092243277933448553e-04
3.091066610068082809e-04
3.085312782786786556e-04
3.082875045947730541e-04
3.081148315686732531e-04
3.079889283981174231e-04
3.078420995734632015e-04
3.076068824157118797e-04
