3.819319458007812500e+02
3.186620483398437500e+02
2.981483764648437500e+02
2.506686248779296875e+02
2.236307678222656250e+02
2.033642578125000000e+02
1.373732177734375000e+03
1.797025146484375000e+02
1.844740600585937500e+02
1.655455017089843750e+02
1.595206604003906250e+02
1.460458526611328125e+02
1.237200622558593750e+02
1.048125915527343750e+02
8.801348114013671875e+01
7.574671173095703125e+01
7.708353424072265625e+01
7.333974456787109375e+01
7.193251037597656250e+01
6.689360046386718750e+01
5.926364135742187500e+01
5.262337875366210938e+01
4.366207122802734375e+01
4.290344619750976562e+01
3.599015808105468750e+01
5.176144027709960938e+01
3.095405769348144531e+01
3.034969139099121094e+01
2.842845153808593750e+01
2.519007492065429688e+01
2.346608734130859375e+01
2.219458580017089844e+01
1.813068199157714844e+01
1.666216850280761719e+01
1.547371292114257812e+01
1.483417701721191406e+01
1.319036483764648438e+01
1.199599838256835938e+01
1.110994148254394531e+01
1.005620193481445312e+01
9.356862068176269531e+00
8.807563781738281250e+00
7.889477252960205078e+00
6.337316989898681641e+00
5.159840583801269531e+00
4.682267189025878906e+00
4.315678596496582031e+00
4.061337471008300781e+00
3.851797819137573242e+00
3.610184192657470703e+00
3.351523160934448242e+00
3.233422756195068359e+00
2.966801643371582031e+00
2.690402984619140625e+00
2.459252834320068359e+00
2.330295085906982422e+00
2.229680061340332031e+00
2.047229051589965820e+00
1.835123658180236816e+00
1.670318603515625000e+00
1.580621600151062012e+00
1.492413997650146484e+00
1.425652146339416504e+00
1.302694082260131836e+00
1.144716024398803711e+00
1.060155153274536133e+00
1.016921401023864746e+00
9.866358041763305664e-01
9.789289236068725586e-01
9.740591049194335938e-01
9.583956003189086914e-01
9.433698058128356934e-01
9.163393974304199219e-01
8.910182118415832520e-01
8.708635568618774414e-01
8.505705595016479492e-01
8.320212364196777344e-01
8.121268749237060547e-01
7.794811725616455078e-01
7.499251961708068848e-01
7.232083082199096680e-01
6.973930001258850098e-01
6.850807666778564453e-01
6.740769743919372559e-01
6.583821177482604980e-01
6.432921886444091797e-01
6.235596537590026855e-01
6.022889018058776855e-01
5.865353345870971680e-01
5.717192888259887695e-01
5.573769211769104004e-01
5.363482236862182617e-01
5.099096298217773438e-01
4.861804246902465820e-01
4.583393037319183350e-01
4.522053599357604980e-01
4.418272078037261963e-01
4.390502274036407471e-01
4.370018541812896729e-01
4.348580539226531982e-01
4.299478232860565186e-01
4.208773076534271240e-01
4.083163738250732422e-01
3.895633220672607422e-01
3.843852877616882324e-01
3.655475378036499023e-01
3.548506498336791992e-01
3.496197760105133057e-01
3.460407853126525879e-01
3.413730263710021973e-01
3.163861632347106934e-01
2.893411815166473389e-01
2.742955684661865234e-01
2.673645019531250000e-01
2.531717121601104736e-01
2.486216425895690918e-01
2.449974864721298218e-01
2.407515645027160645e-01
2.340820729732513428e-01
2.221438884735107422e-01
2.238307297229766846e-01
2.153284847736358643e-01
2.044906616210937500e-01
1.951628923416137695e-01
1.919081807136535645e-01
1.902404129505157471e-01
1.893028467893600464e-01
1.879220604896545410e-01
1.867939531803131104e-01
1.845728009939193726e-01
1.822303235530853271e-01
1.775092929601669312e-01
1.760997474193572998e-01
1.753672212362289429e-01
1.745294481515884399e-01
1.705656945705413818e-01
1.676022708415985107e-01
1.619701832532882690e-01
1.542242020368576050e-01
1.464106887578964233e-01
1.412561684846878052e-01
1.394058316946029663e-01
1.378547251224517822e-01
1.364691406488418579e-01
1.353764981031417847e-01
1.364592015743255615e-01
1.347866952419281006e-01
1.337762773036956787e-01
1.317181140184402466e-01
1.293133050203323364e-01
1.253564059734344482e-01
1.203694939613342285e-01
1.164079681038856506e-01
1.142095923423767090e-01
1.131166666746139526e-01
1.124373450875282288e-01
1.117129474878311157e-01
1.109408140182495117e-01
1.095506772398948669e-01
1.082133203744888306e-01
1.065827310085296631e-01
1.045094355940818787e-01
1.022670045495033264e-01
9.880572557449340820e-02
9.650166332721710205e-02
9.452036023139953613e-02
9.303988516330718994e-02
9.215459227561950684e-02
9.166529774665832520e-02
9.132622182369232178e-02
9.116545319557189941e-02
9.109446406364440918e-02
9.092500060796737671e-02
9.059529006481170654e-02
9.031969308853149414e-02
8.975516259670257568e-02
8.915875107049942017e-02
8.861003816127777100e-02
8.896192908287048340e-02
8.815581351518630981e-02
8.747175335884094238e-02
8.640335500240325928e-02
8.561339974403381348e-02
8.511903882026672363e-02
8.484578132629394531e-02
8.453436195850372314e-02
8.401104807853698730e-02
8.310520648956298828e-02
8.132460713386535645e-02
7.960166782140731812e-02
7.810057699680328369e-02
7.712215185165405273e-02
7.642735540866851807e-02
7.608087360858917236e-02
7.575604319572448730e-02
7.551051676273345947e-02
7.523030042648315430e-02
7.442657649517059326e-02
7.302480936050415039e-02
7.358055561780929565e-02
7.223837822675704956e-02
7.122891396284103394e-02
7.039617747068405151e-02
7.009452581405639648e-02
6.977398693561553955e-02
6.953427195549011230e-02
6.939466297626495361e-02
6.929050385951995850e-02
6.920579075813293457e-02
6.911745667457580566e-02
6.900888681411743164e-02
6.884347647428512573e-02
6.856512278318405151e-02
6.816537678241729736e-02
6.764885783195495605e-02
6.733688712120056152e-02
6.661830842494964600e-02
6.636601686477661133e-02
6.617070734500885010e-02
6.601497530937194824e-02
6.573700904846191406e-02
6.552386283874511719e-02
6.535109877586364746e-02
6.520934402942657471e-02
6.492210179567337036e-02
6.445232033729553223e-02
6.387536227703094482e-02
6.265128403902053833e-02
6.156248599290847778e-02
6.052015721797943115e-02
6.002906709909439087e-02
5.949807167053222656e-02
5.926096439361572266e-02
5.899173393845558167e-02
5.870898067951202393e-02
5.828782171010971069e-02
5.793088302016258240e-02
5.763296037912368774e-02
5.747576057910919189e-02
5.720288306474685669e-02
5.686997249722480774e-02
5.656406283378601074e-02
5.625716596841812134e-02
5.595560371875762939e-02
5.541705340147018433e-02
5.481626838445663452e-02
5.418711900711059570e-02
5.389474704861640930e-02
5.371346324682235718e-02
5.353715270757675171e-02
5.338785797357559204e-02
5.327122658491134644e-02
5.319564044475555420e-02
5.318000912666320801e-02
5.307492241263389587e-02
5.301671102643013000e-02
5.288384109735488892e-02
5.271146818995475769e-02
5.247429758310317993e-02
5.227379500865936279e-02
5.215751752257347107e-02
5.198089033365249634e-02
5.185344070196151733e-02
5.154232308268547058e-02
5.124431103467941284e-02
5.082599446177482605e-02
5.037526041269302368e-02
5.002464726567268372e-02
4.955649003386497498e-02
4.933370649814605713e-02
4.919710382819175720e-02
4.906786233186721802e-02
4.899405688047409058e-02
4.890539124608039856e-02
4.877966642379760742e-02
4.864867031574249268e-02
4.853789508342742920e-02
4.843549802899360657e-02
4.836758971214294434e-02
4.832570627331733704e-02
4.825291782617568970e-02
4.814602807164192200e-02
4.885447025299072266e-02
4.809414595365524292e-02
4.794360697269439697e-02
4.765201732516288757e-02
4.739426076412200928e-02
4.700794816017150879e-02
4.735499620437622070e-02
4.686166346073150635e-02
4.666542261838912964e-02
4.650709033012390137e-02
4.641143977642059326e-02
4.637687653303146362e-02
4.623071849346160889e-02
4.614769667387008667e-02
4.605488479137420654e-02
4.593173414468765259e-02
4.605443030595779419e-02
4.584800824522972107e-02
4.568509012460708618e-02
4.551701992750167847e-02
4.539082944393157959e-02
4.531589895486831665e-02
4.523144662380218506e-02
4.511991143226623535e-02
4.492099955677986145e-02
4.486834257841110229e-02
4.469605907797813416e-02
4.463025182485580444e-02
4.456768929958343506e-02
4.449810087680816650e-02
4.441998898983001709e-02
4.435650631785392761e-02
4.423801600933074951e-02
4.403346776962280273e-02
4.370947182178497314e-02
4.352975636720657349e-02
4.334181174635887146e-02
4.319957643747329712e-02
4.311557114124298096e-02
4.296716302633285522e-02
4.284580796957015991e-02
4.264308512210845947e-02
4.235380142927169800e-02
4.241505637764930725e-02
4.217297956347465515e-02
4.186732321977615356e-02
4.156839847564697266e-02
4.131939262151718140e-02
4.113908857107162476e-02
4.101613909006118774e-02
4.086804389953613281e-02
4.079452902078628540e-02
4.071181267499923706e-02
4.059764370322227478e-02
4.055399447679519653e-02
4.044100642204284668e-02
4.052234441041946411e-02
4.036528989672660828e-02
4.025993868708610535e-02
4.006463661789894104e-02
3.988297656178474426e-02
3.961666673421859741e-02
3.930790349841117859e-02
3.898858278989791870e-02
3.884467482566833496e-02
3.875953704118728638e-02
3.869705647230148315e-02
3.864919021725654602e-02
3.858283162117004395e-02
3.855298459529876709e-02
3.840796649456024170e-02
3.834084421396255493e-02
3.823851048946380615e-02
3.803890943527221680e-02
3.782746940851211548e-02
3.765025734901428223e-02
3.753894194960594177e-02
3.746264427900314331e-02
3.741716593503952026e-02
3.731810301542282104e-02
3.706476837396621704e-02
3.694879263639450073e-02
3.677441924810409546e-02
3.644199669361114502e-02
3.619939833879470825e-02
3.609915822744369507e-02
3.585091605782508850e-02
3.558791428804397583e-02
3.522313386201858521e-02
3.490522876381874084e-02
3.462684527039527893e-02
3.446282446384429932e-02
3.433191776275634766e-02
3.427654877305030823e-02
3.419818729162216187e-02
3.410958498716354370e-02
3.397277742624282837e-02
3.386626765131950378e-02
3.377457335591316223e-02
3.370044007897377014e-02
3.357909247279167175e-02
3.344759345054626465e-02
3.324868530035018921e-02
3.386422991752624512e-02
3.318645432591438293e-02
3.304805606603622437e-02
3.292327374219894409e-02
3.277035802602767944e-02
3.259838744997978210e-02
3.242646157741546631e-02
3.221939504146575928e-02
3.212062269449234009e-02
3.201399743556976318e-02
3.190181776881217957e-02
3.181074187159538269e-02
3.163270279765129089e-02
3.152873367071151733e-02
3.138218075037002563e-02
3.122633509337902069e-02
3.623712062835693359e-02
3.116144612431526184e-02
3.107286430895328522e-02
3.098055161535739899e-02
3.090327978134155273e-02
3.082164563238620758e-02
3.074672073125839233e-02
3.062436729669570923e-02
3.055690415203571320e-02
3.047985397279262543e-02
3.035620227456092834e-02
3.031997010111808777e-02
3.013291209936141968e-02
3.007980063557624817e-02
3.001206554472446442e-02
2.998012304306030273e-02
2.990650944411754608e-02
2.986843325197696686e-02
2.982529252767562866e-02
2.979370206594467163e-02
2.974462695419788361e-02
2.968833595514297485e-02
2.960043773055076599e-02
2.949199825525283813e-02
2.936525829136371613e-02
2.927888929843902588e-02
2.921093627810478210e-02
2.914357930421829224e-02
2.905606850981712341e-02
2.891770750284194946e-02
2.882805839180946350e-02
2.876695990562438965e-02
2.868082188069820404e-02
2.854536287486553192e-02
2.839206345379352570e-02
2.828637696802616119e-02
2.836612239480018616e-02
2.818409912288188934e-02
2.808630093932151794e-02
2.790749259293079376e-02
2.769557759165763855e-02
2.742259949445724487e-02
2.729895524680614471e-02
2.721797674894332886e-02
2.714412286877632141e-02
2.698600664734840393e-02
2.680133655667304993e-02
2.660816721618175507e-02
2.649722993373870850e-02
2.638494223356246948e-02
2.631579153239727020e-02
2.621065825223922729e-02
2.617274038493633270e-02
2.605840191245079041e-02
2.597284317016601562e-02
2.588966488838195801e-02
2.584343403577804565e-02
2.580954134464263916e-02
2.576415613293647766e-02
2.568498812615871429e-02
2.597920596599578857e-02
2.565018087625503540e-02
2.558617666363716125e-02
2.552725002169609070e-02
2.547997608780860901e-02
2.541909925639629364e-02
2.538706548511981964e-02
2.524183690547943115e-02
2.515272982418537140e-02
2.502989768981933594e-02
2.494804561138153076e-02
2.480421215295791626e-02
2.481297776103019714e-02
2.468388713896274567e-02
2.452039904892444611e-02
2.433206140995025635e-02
2.420904859900474548e-02
2.406406216323375702e-02
2.391150221228599548e-02
2.375913597643375397e-02
2.367039769887924194e-02
2.358556538820266724e-02
2.349896170198917389e-02
2.344396524131298065e-02
2.339676022529602051e-02
2.333819121122360229e-02
2.327740937471389771e-02
2.317537739872932434e-02
2.309643477201461792e-02
2.295065298676490784e-02
2.290368825197219849e-02
2.286402322351932526e-02
2.277488261461257935e-02
2.271454781293869019e-02
2.262065559625625610e-02
2.259480766952037811e-02
2.256100624799728394e-02
2.250775508582592010e-02
2.244566008448600769e-02
2.236302942037582397e-02
2.229096367955207825e-02
2.224876917898654938e-02
2.220460772514343262e-02
2.215923741459846497e-02
2.246701158583164215e-02
2.209049835801124573e-02
2.197113633155822754e-02
2.186130359768867493e-02
2.175540849566459656e-02
2.211192436516284943e-02
2.169264480471611023e-02
2.155765518546104431e-02
2.151298895478248596e-02
2.144818380475044250e-02
2.137955650687217712e-02
2.131035923957824707e-02
2.128150314092636108e-02
2.124034427106380463e-02
2.119247242808341980e-02
2.113090083003044128e-02
2.104447036981582642e-02
2.094339951872825623e-02
2.086369134485721588e-02
2.079364284873008728e-02
2.074600756168365479e-02
2.067829295992851257e-02
2.059412747621536255e-02
2.053722925484180450e-02
2.046676911413669586e-02
2.040823549032211304e-02
2.032912708818912506e-02
2.026854082942008972e-02
2.021386846899986267e-02
2.013802155852317810e-02
2.017806097865104675e-02
2.009732648730278015e-02
2.002615854144096375e-02
1.994203403592109680e-02
1.986459828913211823e-02
1.981971599161624908e-02
1.976012997329235077e-02
1.969461515545845032e-02
1.960148289799690247e-02
1.970561034977436066e-02
1.956073939800262451e-02
1.947863772511482239e-02
1.942826062440872192e-02
1.939153671264648438e-02
1.935091800987720490e-02
1.930867508053779602e-02
1.926270499825477600e-02
1.922689750790596008e-02
1.917857304215431213e-02
1.909515261650085449e-02
1.902806013822555542e-02
1.894022151827812195e-02
1.881731301546096802e-02
1.869249157607555389e-02
1.862698234617710114e-02
1.855408772826194763e-02
1.845501922070980072e-02
1.833382248878479004e-02
1.823990233242511749e-02
1.815934106707572937e-02
1.810719445347785950e-02
1.805273815989494324e-02
1.794442906975746155e-02
1.781186275184154510e-02
1.765688508749008179e-02
1.752535998821258545e-02
1.740051619708538055e-02
1.732266880571842194e-02
1.721952110528945923e-02
1.716569066047668457e-02
1.712194830179214478e-02
1.703838631510734558e-02
1.709371991455554962e-02
1.700984872877597809e-02
1.695229299366474152e-02
1.690977439284324646e-02
1.687588170170783997e-02
1.683660596609115601e-02
1.678859628736972809e-02
1.673264987766742706e-02
1.666367240250110626e-02
1.660919189453125000e-02
1.657377555966377258e-02
1.655297912657260895e-02
1.653288677334785461e-02
1.650252565741539001e-02
1.648873463273048401e-02
1.639043167233467102e-02
1.632553152740001678e-02
1.624910533428192139e-02
1.620854251086711884e-02
1.618499308824539185e-02
1.615844480693340302e-02
1.612438820302486420e-02
1.608471944928169250e-02
1.603954471647739410e-02
1.600764505565166473e-02
1.594496890902519226e-02
1.589251309633255005e-02
1.584721729159355164e-02
1.584773510694503784e-02
1.582224667072296143e-02
1.577347703278064728e-02
1.570679806172847748e-02
1.566893421113491058e-02
1.561762392520904541e-02
1.555908843874931335e-02
1.550494506955146790e-02
1.547539606690406799e-02
1.545021217316389084e-02
1.540109515190124512e-02
1.531227398663759232e-02
1.528026536107063293e-02
1.515895035117864609e-02
1.509105041623115540e-02
1.500096730887889862e-02
1.489213481545448303e-02
1.480015646666288376e-02
1.472097728401422501e-02
1.469115726649761200e-02
1.465479098260402679e-02
1.462017931044101715e-02
1.458532921969890594e-02
1.456150878220796585e-02
1.454107835888862610e-02
1.451463066041469574e-02
1.447779871523380280e-02
1.454805675894021988e-02
1.445715315639972687e-02
1.441346667706966400e-02
1.437723822891712189e-02
1.437611971050500870e-02
1.434156671166419983e-02
1.429918780922889709e-02
1.423495449125766754e-02
1.417630910873413086e-02
1.413127034902572632e-02
1.412569731473922729e-02
1.410375349223613739e-02
1.407223381102085114e-02
1.403767988085746765e-02
1.400696579366922379e-02
1.397568732500076294e-02
1.390232052654027939e-02
1.384881418198347092e-02
1.379811018705368042e-02
1.373661309480667114e-02
1.365555450320243835e-02
1.359722018241882324e-02
1.349040865898132324e-02
1.343079097568988800e-02
1.339191105216741562e-02
1.334705203771591187e-02
1.332389283925294876e-02
1.330269686877727509e-02
1.327364798635244370e-02
1.322224363684654236e-02
1.316103711724281311e-02
1.309073343873023987e-02
1.303938776254653931e-02
1.298030279576778412e-02
1.293427124619483948e-02
1.288886833935976028e-02
1.286934316158294678e-02
1.284763030707836151e-02
1.281123422086238861e-02
1.276070065796375275e-02
1.273838337510824203e-02
1.268781907856464386e-02
1.266663614660501480e-02
1.264805626124143600e-02
1.263134181499481201e-02
1.261229254305362701e-02
1.260176673531532288e-02
1.259496435523033142e-02
1.258894987404346466e-02
1.257622614502906799e-02
1.255525462329387665e-02
1.253821700811386108e-02
1.251005195081233978e-02
1.247682515531778336e-02
1.244856230914592743e-02
1.240408793091773987e-02
1.237146742641925812e-02
1.233707740902900696e-02
1.230882667005062103e-02
1.226950157433748245e-02
1.224957592785358429e-02
1.223092060536146164e-02
1.220907084643840790e-02
1.217992790043354034e-02
1.213930826634168625e-02
1.206651702523231506e-02
1.202120631933212280e-02
1.199515257030725479e-02
1.197405438870191574e-02
1.195554807782173157e-02
1.193974725902080536e-02
1.192076504230499268e-02
1.189409010112285614e-02
1.185989566147327423e-02
1.182635966688394547e-02
1.180513948202133179e-02
1.179742999374866486e-02
1.178926602005958557e-02
1.177489385008811951e-02
1.176029816269874573e-02
1.173536386340856552e-02
1.171762496232986450e-02
1.170257292687892914e-02
1.167280506342649460e-02
1.170601695775985718e-02
1.165678538382053375e-02
1.161720044910907745e-02
1.158441230654716492e-02
1.157396752387285233e-02
1.156047731637954712e-02
1.155297085642814636e-02
1.153843943029642105e-02
1.151338685303926468e-02
1.148177776485681534e-02
1.153283193707466125e-02
1.146682165563106537e-02
1.144359260797500610e-02
1.138330064713954926e-02
1.135249622166156769e-02
1.132585294544696808e-02
1.130751706659793854e-02
1.129368972033262253e-02
1.127154752612113953e-02
1.124042458832263947e-02
1.120724715292453766e-02
1.117083616554737091e-02
1.114659756422042847e-02
1.112978998571634293e-02
1.111017167568206787e-02
1.108505949378013611e-02
1.106820069253444672e-02
1.104357838630676270e-02
1.103027071803808212e-02
1.100256666541099548e-02
1.098345220088958740e-02
1.096802204847335815e-02
1.095065008848905563e-02
1.093511562794446945e-02
1.092045195400714874e-02
1.092058233916759491e-02
1.091450266540050507e-02
1.090685091912746429e-02
1.089395396411418915e-02
1.087530702352523804e-02
1.085167005658149719e-02
1.088073942810297012e-02
1.084321551024913788e-02
1.082333084195852280e-02
1.080887671560049057e-02
1.079825777560472488e-02
1.078356616199016571e-02
1.075504161417484283e-02
1.078043133020401001e-02
1.074201799929141998e-02
1.071474514901638031e-02
1.069781463593244553e-02
1.068943087011575699e-02
1.068351976573467255e-02
1.067319326102733612e-02
1.064222864806652069e-02
1.060798484832048416e-02
1.059259474277496338e-02
1.056788675487041473e-02
1.055925525724887848e-02
1.054663211107254028e-02
1.053267344832420349e-02
1.050969306379556656e-02
1.048360578715801239e-02
1.068962924182415009e-02
1.047674193978309631e-02
1.046242564916610718e-02
1.045407447963953018e-02
1.043980382382869720e-02
1.041806302964687347e-02
1.044557057321071625e-02
1.040894910693168640e-02
1.038633473217487335e-02
1.036178320646286011e-02
1.034363918006420135e-02
1.032589934766292572e-02
1.030531246215105057e-02
1.028922479599714279e-02
1.027630828320980072e-02
1.026688329875469208e-02
1.025203056633472443e-02
1.023763325065374374e-02
1.022472418844699860e-02
1.020992267876863480e-02
1.018838211894035339e-02
1.015063934028148651e-02
1.014900207519531250e-02
1.012877561151981354e-02
1.009159628301858902e-02
1.006387267261743546e-02
1.004520617425441742e-02
1.002182997763156891e-02
9.991440922021865845e-03
9.969277307391166687e-03
9.960988536477088928e-03
9.935623034834861755e-03
9.924412705004215240e-03
9.906612336635589600e-03
9.889068081974983215e-03
9.865361265838146210e-03
9.842772036790847778e-03
9.799525141716003418e-03
9.772578254342079163e-03
9.744845330715179443e-03
9.721595793962478638e-03
9.766913950443267822e-03
9.708245284855365753e-03
9.670022875070571899e-03
9.624408558011054993e-03
9.543739259243011475e-03
9.452586993575096130e-03
9.537896141409873962e-03
9.405973367393016815e-03
9.335140697658061981e-03
9.275743737816810608e-03
9.233183227479457855e-03
9.191628545522689819e-03
9.169064462184906006e-03
9.157331660389900208e-03
9.145892225205898285e-03
9.137649089097976685e-03
9.137958288192749023e-03
9.131734259426593781e-03
9.119315072894096375e-03
9.102096781134605408e-03
9.072566404938697815e-03
9.040622040629386902e-03
9.010789915919303894e-03
8.996877819299697876e-03
8.986726403236389160e-03
8.971383795142173767e-03
8.955162018537521362e-03
8.915778249502182007e-03
8.899833075702190399e-03
8.875366300344467163e-03
8.880952373147010803e-03
8.853128179907798767e-03
8.828794583678245544e-03
8.815545588731765747e-03
8.797159418463706970e-03
8.773696608841419220e-03
8.751856163144111633e-03
8.735982701182365417e-03
8.727812208235263824e-03
8.719097822904586792e-03
8.707428351044654846e-03
8.699979633092880249e-03
8.689736947417259216e-03
8.675627410411834717e-03
8.661959320306777954e-03
8.627445437014102936e-03
8.620014414191246033e-03
8.604967966675758362e-03
8.588491007685661316e-03
8.574929088354110718e-03
8.554894477128982544e-03
8.533805608749389648e-03
8.510977029800415039e-03
8.488813415169715881e-03
8.504628203809261322e-03
8.477579802274703979e-03
8.458559401333332062e-03
8.443038910627365112e-03
8.423792198300361633e-03
8.405195549130439758e-03
8.385493420064449310e-03
8.358816616237163544e-03
8.343882858753204346e-03
8.328797295689582825e-03
8.304868824779987335e-03
8.278927765786647797e-03
8.263904601335525513e-03
8.250588551163673401e-03
8.235530927777290344e-03
8.244653232395648956e-03
8.226256817579269409e-03
8.212381042540073395e-03
8.193875662982463837e-03
8.163969032466411591e-03
8.125606924295425415e-03
8.103398606181144714e-03
8.083824068307876587e-03
8.060932159423828125e-03
8.047405630350112915e-03
8.033756166696548462e-03
8.020456880331039429e-03
8.007968775928020477e-03
7.996538653969764709e-03
7.986897602677345276e-03
7.976977154612541199e-03
7.959910668432712555e-03
7.940039969980716705e-03
7.916428148746490479e-03
7.895940914750099182e-03
7.875637151300907135e-03
7.836511358618736267e-03
7.805843837559223175e-03
7.762195076793432236e-03
7.751594763249158859e-03
7.712687365710735321e-03
7.701073773205280304e-03
7.685792166739702225e-03
7.665853481739759445e-03
7.639747112989425659e-03
7.618044037371873856e-03
7.598118390887975693e-03
7.575243245810270309e-03
7.554313167929649353e-03
7.535548880696296692e-03
7.517176680266857147e-03
7.493023294955492020e-03
7.481439039111137390e-03
7.461880333721637726e-03
7.448110263794660568e-03
7.433657068759202957e-03
7.421703077852725983e-03
7.409379351884126663e-03
7.396047003567218781e-03
7.378319278359413147e-03
7.356190588325262070e-03
7.338368799537420273e-03
7.319526746869087219e-03
7.299578748643398285e-03
7.297903299331665039e-03
7.288105785846710205e-03
7.275652140378952026e-03
7.265778724104166031e-03
7.256364915519952774e-03
7.241582497954368591e-03
7.306697778403759003e-03
7.228434085845947266e-03
7.213753182440996170e-03
7.197522558271884918e-03
7.185144349932670593e-03
7.155627477914094925e-03
7.130798418074846268e-03
7.112706545740365982e-03
7.097388152033090591e-03
7.086191792041063309e-03
7.074017077684402466e-03
7.055878639221191406e-03
7.035071030259132385e-03
7.018944714218378067e-03
7.008683867752552032e-03
6.991058588027954102e-03
6.981160491704940796e-03
6.971614435315132141e-03
6.965707987546920776e-03
6.949548609554767609e-03
6.935288198292255402e-03
6.919511128216981888e-03
6.908136419951915741e-03
6.900841370224952698e-03
6.891033612191677094e-03
6.969834677875041962e-03
6.888279691338539124e-03
6.880288477987051010e-03
6.873120088130235672e-03
6.869870703667402267e-03
6.867282092571258545e-03
6.864123046398162842e-03
6.858456414192914963e-03
6.849650293588638306e-03
6.835440173745155334e-03
6.820882670581340790e-03
6.805102340877056122e-03
6.791107356548309326e-03
6.773868575692176819e-03
6.757780909538269043e-03
6.746141240000724792e-03
6.736441515386104584e-03
6.724602542817592621e-03
6.714012473821640015e-03
6.703599821776151657e-03
6.691407412290573120e-03
6.684948690235614777e-03
6.675707641988992691e-03
6.668450776487588882e-03
6.656445562839508057e-03
6.644884590059518814e-03
6.640991196036338806e-03
6.627381779253482819e-03
6.621339824050664902e-03
6.613768637180328369e-03
6.606297567486763000e-03
6.591568235307931900e-03
6.588221993297338486e-03
6.574506405740976334e-03
6.567300297319889069e-03
6.566030438989400864e-03
6.561136804521083832e-03
6.551115773618221283e-03
6.545222364366054535e-03
6.536754313856363297e-03
6.528702564537525177e-03
6.517722737044095993e-03
6.509269587695598602e-03
6.498337257653474808e-03
6.491721142083406448e-03
6.484590936452150345e-03
6.478223484009504318e-03
6.472387351095676422e-03
6.463474594056606293e-03
6.456840783357620239e-03
6.451228633522987366e-03
6.445210427045822144e-03
6.438063457608222961e-03
6.432161666452884674e-03
6.430033128708600998e-03
6.426017731428146362e-03
6.429273635149002075e-03
6.422621197998523712e-03
6.412014830857515335e-03
6.399840582162141800e-03
6.389274261891841888e-03
6.371242925524711609e-03
6.362586282193660736e-03
6.344615481793880463e-03
6.327547598630189896e-03
6.367577239871025085e-03
6.319180130958557129e-03
6.307207047939300537e-03
6.298660766333341599e-03
6.294082850217819214e-03
6.291044875979423523e-03
6.287402473390102386e-03
6.284638307988643646e-03
6.279242224991321564e-03
6.271084304898977280e-03
6.268241442739963531e-03
6.253331899642944336e-03
6.246048025786876678e-03
6.235768087208271027e-03
6.247476208955049515e-03
6.230833008885383606e-03
6.215745583176612854e-03
6.208824925124645233e-03
6.202392280101776123e-03
6.200016941875219345e-03
6.196675822138786316e-03
6.195015273988246918e-03
6.181281059980392456e-03
6.173174828290939331e-03
6.162728648632764816e-03
6.169732194393873215e-03
6.160115823149681091e-03
6.154565606266260147e-03
6.150912493467330933e-03
6.142500787973403931e-03
6.136659998446702957e-03
6.126070860773324966e-03
6.123927421867847443e-03
6.115448661148548126e-03
6.112293340265750885e-03
6.104864180088043213e-03
6.095063406974077225e-03
6.087849847972393036e-03
6.077124271541833878e-03
6.065405905246734619e-03
6.048079114407300949e-03
6.024660542607307434e-03
5.997559055685997009e-03
5.976038519293069839e-03
5.967260338366031647e-03
5.957054439932107925e-03
5.949016660451889038e-03
5.931773222982883453e-03
5.914784967899322510e-03
5.898640491068363190e-03
5.902914330363273621e-03
5.885599181056022644e-03
5.866953171789646149e-03
5.862278863787651062e-03
5.858397576957941055e-03
5.851996131241321564e-03
5.842313170433044434e-03
5.831218324601650238e-03
5.821600090712308884e-03
5.810984876006841660e-03
5.802353378385305405e-03
5.794590339064598083e-03
5.786538124084472656e-03
5.776869133114814758e-03
5.768856033682823181e-03
5.764248780906200409e-03
5.760314408689737320e-03
5.756562575697898865e-03
5.753075703978538513e-03
5.749000236392021179e-03
5.744256544858217239e-03
5.740362219512462616e-03
5.737262777984142303e-03
5.733978468924760818e-03
5.729178898036479950e-03
5.722306668758392334e-03
5.715702660381793976e-03
5.698774941265583038e-03
5.682813934981822968e-03
5.689003504812717438e-03
5.674208514392375946e-03
5.662439856678247452e-03
5.654841195791959763e-03
5.649443715810775757e-03
5.644768942147493362e-03
5.639191716909408569e-03
5.628256127238273621e-03
5.613729357719421387e-03
5.602178163826465607e-03
5.589918233454227448e-03
5.574799608439207077e-03
5.561743862926959991e-03
5.543494597077369690e-03
5.524652078747749329e-03
5.506999790668487549e-03
5.493332631886005402e-03
5.475522484630346298e-03
5.458928644657135010e-03
5.446336697787046432e-03
5.437500774860382080e-03
5.432856269180774689e-03
5.429552868008613586e-03
5.426574498414993286e-03
5.422750953584909439e-03
5.416211672127246857e-03
5.411797668784856796e-03
5.408230237662792206e-03
5.404496565461158752e-03
5.399501416832208633e-03
5.391066428273916245e-03
5.381810478866100311e-03
5.373667459934949875e-03
5.366513039916753769e-03
5.356535315513610840e-03
5.348425358533859253e-03
5.346145480871200562e-03
5.332325585186481476e-03
5.325375124812126160e-03
5.311586894094944000e-03
5.302870646119117737e-03
5.294623319059610367e-03
5.284467712044715881e-03
5.277009680867195129e-03
5.274081137031316757e-03
5.269190762192010880e-03
5.265527404844760895e-03
5.261040758341550827e-03
5.279025994241237640e-03
5.257466807961463928e-03
5.253868177533149719e-03
5.249411333352327347e-03
5.247007124125957489e-03
5.242818966507911682e-03
5.238957703113555908e-03
5.233995616436004639e-03
5.230255424976348877e-03
5.225567147135734558e-03
5.222538486123085022e-03
5.217998754233121872e-03
5.214482545852661133e-03
5.209214054048061371e-03
5.204607732594013214e-03
5.197155289351940155e-03
5.192364566028118134e-03
5.187194794416427612e-03
5.182360298931598663e-03
5.177906714379787445e-03
5.174882709980010986e-03
5.172192119061946869e-03
5.169929936528205872e-03
5.167334806174039841e-03
5.164611153304576874e-03
5.162141285836696625e-03
5.159793421626091003e-03
5.156868137419223785e-03
5.154574289917945862e-03
5.150019656866788864e-03
5.179469007998704910e-03
5.148268304765224457e-03
5.144410300999879837e-03
5.140599794685840607e-03
5.137788131833076477e-03
5.132514052093029022e-03
5.119701847434043884e-03
5.099866539239883423e-03
5.082661285996437073e-03
5.072273779660463333e-03
5.063086748123168945e-03
5.060621537268161774e-03
5.055263638496398926e-03
5.049122497439384460e-03
5.041215568780899048e-03
5.049355328083038330e-03
5.038353614509105682e-03
5.033128429204225540e-03
5.028015933930873871e-03
5.025067366659641266e-03
5.022436846047639847e-03
5.019600503146648407e-03
5.016370676457881927e-03
5.012335255742073059e-03
5.007933825254440308e-03
5.005418322980403900e-03
5.002264864742755890e-03
5.001393612474203110e-03
4.997817799448966980e-03
4.996421746909618378e-03
4.994298331439495087e-03
4.990374669432640076e-03
4.982287529855966568e-03
5.009261425584554672e-03
4.978508688509464264e-03
4.970748443156480789e-03
4.960056394338607788e-03
4.949774593114852905e-03
4.937553778290748596e-03
4.932534880936145782e-03
4.920300096273422241e-03
4.915542434900999069e-03
4.910879302769899368e-03
4.905900917947292328e-03
4.900793079286813736e-03
4.896746948361396790e-03
4.892552271485328674e-03
4.891306161880493164e-03
4.882214125245809555e-03
4.874974954873323441e-03
4.864524118602275848e-03
4.857474006712436676e-03
4.848015494644641876e-03
4.841091111302375793e-03
4.835023544728755951e-03
4.826338030397891998e-03
4.816897213459014893e-03
4.848782438784837723e-03
4.812393337488174438e-03
4.798681009560823441e-03
4.783426877111196518e-03
4.770090803503990173e-03
4.772435408085584641e-03
4.766647703945636749e-03
4.761736840009689331e-03
4.754484631121158600e-03
4.748606123030185699e-03
4.743042401969432831e-03
4.734501242637634277e-03
4.726679064333438873e-03
4.717788659036159515e-03
4.710240755230188370e-03
4.703383427113294601e-03
4.698969423770904541e-03
4.693639930337667465e-03
4.688628949224948883e-03
4.684602841734886169e-03
4.680287092924118042e-03
4.674706608057022095e-03
4.671338014304637909e-03
4.669456277042627335e-03
4.667612724006175995e-03
4.663516301661729813e-03
4.659287165850400925e-03
4.694794304668903351e-03
4.656210541725158691e-03
4.650771152228116989e-03
4.645268432796001434e-03
4.640104249119758606e-03
4.633926320821046829e-03
4.629627801477909088e-03
4.621259402483701706e-03
4.685920197516679764e-03
4.617820959538221359e-03
4.610477015376091003e-03
4.604250658303499222e-03
4.596429411321878433e-03
4.590308293700218201e-03
4.585569258779287338e-03
4.582833498716354370e-03
4.574169404804706573e-03
4.570412449538707733e-03
4.564517177641391754e-03
4.565471317619085312e-03
4.561805166304111481e-03
4.556764848530292511e-03
4.551193676888942719e-03
4.548159427940845490e-03
4.543651826679706573e-03
4.535019863396883011e-03
4.525572992861270905e-03
4.532145336270332336e-03
4.522290080785751343e-03
4.511849023401737213e-03
4.503999836742877960e-03
4.496978130191564560e-03
4.490517079830169678e-03
4.482606425881385803e-03
4.480560310184955597e-03
4.473125562071800232e-03
4.468096420168876648e-03
4.462209064513444901e-03
4.462749697268009186e-03
4.459998104721307755e-03
4.455838352441787720e-03
4.452849738299846649e-03
4.449794068932533264e-03
4.446011036634445190e-03
4.441209137439727783e-03
4.434076137840747833e-03
4.429591819643974304e-03
4.420331213623285294e-03
4.414301831275224686e-03
4.413798451423645020e-03
4.410941619426012039e-03
4.405650310218334198e-03
4.397260025143623352e-03
4.386896733194589615e-03
4.378192126750946045e-03
4.372426308691501617e-03
4.364194814115762711e-03
4.356755875051021576e-03
4.346773959696292877e-03
4.331983625888824463e-03
4.312464967370033264e-03
4.295612219721078873e-03
4.282435867935419083e-03
4.276370629668235779e-03
4.268573597073554993e-03
4.261943511664867401e-03
4.253639839589595795e-03
4.247417673468589783e-03
4.240148700773715973e-03
4.231655038893222809e-03
4.226369317620992661e-03
4.221622366458177567e-03
4.214646294713020325e-03
4.207228310406208038e-03
4.193204455077648163e-03
4.178955685347318649e-03
4.168870858848094940e-03
4.161830060184001923e-03
4.155830480158329010e-03
4.144839942455291748e-03
4.135858267545700073e-03
4.123190417885780334e-03
4.151987843215465546e-03
4.115804098546504974e-03
4.103215876966714859e-03
4.097489174455404282e-03
4.090115427970886230e-03
4.083320032805204391e-03
4.070937633514404297e-03
4.062430933117866516e-03
4.053438547998666763e-03
4.043212160468101501e-03
4.045168869197368622e-03
4.039337392896413803e-03
4.034515470266342163e-03
4.028910771012306213e-03
4.020292311906814575e-03
4.012813325971364975e-03
4.004063084721565247e-03
3.996025770902633667e-03
3.986682742834091187e-03
3.976131323724985123e-03
3.976333420723676682e-03
3.969195298850536346e-03
3.962724935263395309e-03
3.956812899559736252e-03
3.952486440539360046e-03
3.944469615817070007e-03
3.939370159059762955e-03
3.931689076125621796e-03
3.927873913198709488e-03
3.925561904907226562e-03
3.922611009329557419e-03
3.919355105608701706e-03
3.915876615792512894e-03
3.910079132765531540e-03
3.906839992851018906e-03
3.900887444615364075e-03
3.899713046848773956e-03
3.893052227795124054e-03
3.890724387019872665e-03
3.887050552293658257e-03
3.881935961544513702e-03
3.878839313983917236e-03
3.869516542181372643e-03
3.865431062877178192e-03
3.862610086798667908e-03
3.860495053231716156e-03
3.859162563458085060e-03
3.856269177049398422e-03
3.852126421406865120e-03
3.849253524094820023e-03
3.844490740448236465e-03
3.839506767690181732e-03
3.834142349660396576e-03
3.828863147646188736e-03
3.822861704975366592e-03
3.817405086010694504e-03
3.813429269939661026e-03
3.810199908912181854e-03
3.808228066191077232e-03
3.806705819442868233e-03
3.803674597293138504e-03
3.800714388489723206e-03
3.802760504186153412e-03
3.798466175794601440e-03
3.795609809458255768e-03
3.792944131419062614e-03
3.790427930653095245e-03
3.788737347349524498e-03
3.786142216995358467e-03
3.784612519666552544e-03
3.778785001486539841e-03
3.770575858652591705e-03
3.758762963116168976e-03
3.751192241907119751e-03
3.744714427739381790e-03
3.741988446563482285e-03
3.740249201655387878e-03
3.737465245649218559e-03
3.734986064955592155e-03
3.733011195436120033e-03
3.731743898242712021e-03
3.729011863470077515e-03
3.727507311850786209e-03
3.725315909832715988e-03
3.724033478647470474e-03
3.722077701240777969e-03
3.720582462847232819e-03
3.718004794791340828e-03
3.715016879141330719e-03
3.710286226123571396e-03
3.704951610416173935e-03
3.706511110067367554e-03
3.701179986819624901e-03
3.696699859574437141e-03
3.692651866003870964e-03
3.688148921355605125e-03
3.684419207274913788e-03
3.678618930280208588e-03
3.668937133625149727e-03
3.660874441266059875e-03
3.652406856417655945e-03
3.645617514848709106e-03
3.640212584286928177e-03
3.636431880295276642e-03
3.632228355854749680e-03
3.626580815762281418e-03
3.618543501943349838e-03
3.613513894379138947e-03
3.607035381719470024e-03
3.601384349167346954e-03
3.594832960516214371e-03
3.588215913623571396e-03
3.578527132049202919e-03
3.567001316696405411e-03
3.553927410393953323e-03
3.545463550835847855e-03
3.538529621437191963e-03
3.535347059369087219e-03
3.533384762704372406e-03
3.531447146087884903e-03
3.528677392750978470e-03
3.523279912769794464e-03
3.524302970618009567e-03
3.521115286275744438e-03
3.516868688166141510e-03
3.512572962790727615e-03
3.507474903017282486e-03
3.500314895063638687e-03
3.494313452392816544e-03
3.483319655060768127e-03
3.474083729088306427e-03
3.465416375547647476e-03
3.460920415818691254e-03
3.455535974353551865e-03
3.452528268098831177e-03
3.451037220656871796e-03
3.449744777753949165e-03
3.448988078162074089e-03
3.447963157668709755e-03
3.446057206019759178e-03
3.447030205279588699e-03
3.445039968937635422e-03
3.443511668592691422e-03
3.441859968006610870e-03
3.439472522586584091e-03
3.436356317251920700e-03
3.434736281633377075e-03
3.430350683629512787e-03
3.428403986617922783e-03
3.424840979278087616e-03
3.419109387323260307e-03
3.416140330955386162e-03
3.405703231692314148e-03
3.398968838155269623e-03
3.389092162251472473e-03
3.385688178241252899e-03
3.380317240953445435e-03
3.377078799530863762e-03
3.374460618942975998e-03
3.369993995875120163e-03
3.368714358657598495e-03
3.364858217537403107e-03
3.363023512065410614e-03
3.360855858772993088e-03
3.358354791998863220e-03
3.354223910719156265e-03
3.349028760567307472e-03
3.344362135976552963e-03
3.353884676471352577e-03
3.341523464769124985e-03
3.338751848787069321e-03
3.336634486913681030e-03
3.335717134177684784e-03
3.331791842356324196e-03
3.329015802592039108e-03
3.325168974697589874e-03
3.321903990581631660e-03
3.319027833640575409e-03
3.314400091767311096e-03
3.311016829684376717e-03
3.308235201984643936e-03
3.307136008515954018e-03
3.306167665868997574e-03
3.304408630356192589e-03
3.301882650703191757e-03
3.301019780337810516e-03
3.298848168924450874e-03
3.297774121165275574e-03
3.296422306448221207e-03
3.294160123914480209e-03
3.296070732176303864e-03
3.293044399470090866e-03
3.290138673037290573e-03
3.288715146481990814e-03
3.285358194261789322e-03
3.283736295998096466e-03
3.278474789112806320e-03
3.276444971561431885e-03
3.274471964687108994e-03
3.273409325629472733e-03
3.272451693192124367e-03
3.271474968641996384e-03
3.269548062235116959e-03
3.271366469562053680e-03
3.268417436629533768e-03
3.266401123255491257e-03
3.262386191636323929e-03
3.260145662352442741e-03
3.257527016103267670e-03
3.255185903981328011e-03
3.253112081438302994e-03
3.250156994909048080e-03
3.248257096856832504e-03
3.246279433369636536e-03
3.245032159611582756e-03
3.242353908717632294e-03
3.240830264985561371e-03
3.245320636779069901e-03
3.239535260945558548e-03
3.237049560993909836e-03
3.233985509723424911e-03
3.231813199818134308e-03
3.229725407436490059e-03
3.227814566344022751e-03
3.226497676223516464e-03
3.224981948733329773e-03
3.221993101760745049e-03
3.218547441065311432e-03
3.214344382286071777e-03
3.210122231394052505e-03
3.206741530448198318e-03
3.203780855983495712e-03
3.201219951733946800e-03
3.198501421138644218e-03
3.195398487150669098e-03
3.191635943949222565e-03
3.189593087881803513e-03
3.186861053109169006e-03
3.184364642947912216e-03
3.182396292686462402e-03
3.180492669343948364e-03
3.195154946297407150e-03
3.179771360009908676e-03
3.177922219038009644e-03
3.176464466378092766e-03
3.174020675942301750e-03
3.171517513692378998e-03
3.168771974742412567e-03
3.199760802090167999e-03
3.167757997289299965e-03
3.165233880281448364e-03
3.168935887515544891e-03
3.163681365549564362e-03
3.159552812576293945e-03
3.157150698825716972e-03
3.154533915221691132e-03
3.152483608573675156e-03
3.150177188217639923e-03
3.146798349916934967e-03
3.143689827993512154e-03
3.141108667477965355e-03
3.147664945572614670e-03
3.139339154586195946e-03
3.134932368993759155e-03
3.127964213490486145e-03
3.122900146991014481e-03
3.118542488664388657e-03
3.113843034952878952e-03
3.111066296696662903e-03
3.106215503066778183e-03
3.102819435298442841e-03
3.097841516137123108e-03
3.095253137871623039e-03
3.090145997703075409e-03
3.118925727903842926e-03
3.087691497057676315e-03
3.082697046920657158e-03
3.077382221817970276e-03
3.073754021897912025e-03
3.070819890126585960e-03
3.067561658099293709e-03
3.063366282731294632e-03
3.059510374441742897e-03
3.054121509194374084e-03
3.053722670301795006e-03
3.051304724067449570e-03
3.047296544536948204e-03
3.043464850634336472e-03
3.038398455828428268e-03
3.034169320017099380e-03
3.031197469681501389e-03
3.028620034456253052e-03
3.025559475645422935e-03
3.023839090019464493e-03
3.023909870535135269e-03
3.021749202162027359e-03
3.019303781911730766e-03
3.013736102730035782e-03
3.011006861925125122e-03
3.007324412465095520e-03
2.995807211846113205e-03
2.989152446389198303e-03
2.978758420795202255e-03
2.971659181639552116e-03
2.973249182105064392e-03
2.968780230730772018e-03
2.965304069221019745e-03
2.963198814541101456e-03
2.959593432024121284e-03
2.989147789776325226e-03
2.957955701276659966e-03
2.953382907435297966e-03
2.948397304862737656e-03
2.946864813566207886e-03
2.942918334156274796e-03
2.940837293863296509e-03
2.933682175353169441e-03
2.926450688391923904e-03
2.920995932072401047e-03
2.911195391789078712e-03
2.904888009652495384e-03
2.897937316447496414e-03
2.893496770411729813e-03
2.889162395149469376e-03
2.885758876800537109e-03
2.881631720811128616e-03
2.878795843571424484e-03
2.875527366995811462e-03
2.868926851078867912e-03
2.862414577975869179e-03
2.869948279112577438e-03
2.859104424715042114e-03
2.855055965483188629e-03
2.851885277777910233e-03
2.850001677870750427e-03
2.844645408913493156e-03
2.842849586158990860e-03
2.838390879333019257e-03
2.825312782078981400e-03
2.813317580148577690e-03
2.800888381898403168e-03
2.800273243337869644e-03
2.795794047415256500e-03
2.794606611132621765e-03
2.790282480418682098e-03
2.788524609059095383e-03
2.787026343867182732e-03
2.784927375614643097e-03
2.784042851999402046e-03
2.782741095870733261e-03
2.780833747237920761e-03
2.779243979603052139e-03
2.808770630508661270e-03
2.778566908091306686e-03
2.777174348011612892e-03
2.775768283754587173e-03
2.774337772279977798e-03
2.772004343569278717e-03
2.769681159406900406e-03
2.767187543213367462e-03
2.765282522886991501e-03
2.763114403933286667e-03
2.760538831353187561e-03
2.761885989457368851e-03
2.758056391030550003e-03
2.754322718828916550e-03
2.751629333943128586e-03
2.750466810539364815e-03
2.748721046373248100e-03
2.746198792010545731e-03
2.741296775639057159e-03
2.738827839493751526e-03
2.743877004832029343e-03
2.736759372055530548e-03
2.733021974563598633e-03
2.730307169258594513e-03
2.728476654738187790e-03
2.726791892200708389e-03
2.725257538259029388e-03
2.724279183894395828e-03
2.723196987062692642e-03
2.721413969993591309e-03
2.720824442803859711e-03
2.719335723668336868e-03
2.718410920351743698e-03
2.717285417020320892e-03
2.715662121772766113e-03
2.714557340368628502e-03
2.713517285883426666e-03
2.712681191042065620e-03
2.711457898840308189e-03
2.709472551941871643e-03
2.706163097172975540e-03
2.706009428948163986e-03
2.703740261495113373e-03
2.699662931263446808e-03
2.695719245821237564e-03
2.698572818189859390e-03
2.692427020519971848e-03
2.686255844309926033e-03
2.680310513824224472e-03
2.673904877156019211e-03
2.668443601578474045e-03
2.664372790604829788e-03
2.660360885784029961e-03
2.653460949659347534e-03
2.650039736181497574e-03
2.647602930665016174e-03
2.644685795530676842e-03
2.640117891132831573e-03
2.636325079947710037e-03
2.631884533911943436e-03
2.627979498356580734e-03
2.623558044433593750e-03
2.619100734591484070e-03
2.615605015307664871e-03
2.611157717183232307e-03
2.607356524094939232e-03
2.604574896395206451e-03
2.602022374048829079e-03
2.598500577732920647e-03
2.593938028439879417e-03
2.587164752185344696e-03
2.580433618277311325e-03
2.598255407065153122e-03
2.577187959104776382e-03
2.572052646428346634e-03
2.566105220466852188e-03
2.563649788498878479e-03
2.560955937951803207e-03
2.558846259489655495e-03
2.556173596531152725e-03
2.552507910877466202e-03
2.548221498727798462e-03
2.545196563005447388e-03
2.542901318520307541e-03
2.541132271289825439e-03
2.538727596402168274e-03
2.536355052143335342e-03
2.535028848797082901e-03
2.534196246415376663e-03
2.533096820116043091e-03
2.530590863898396492e-03
2.527750795707106590e-03
2.526800148189067841e-03
2.521236427128314972e-03
2.517749322578310966e-03
2.513578161597251892e-03
2.510413061827421188e-03
2.507880330085754395e-03
2.504272852092981339e-03
2.500950824469327927e-03
2.497793640941381454e-03
2.495260909199714661e-03
2.493599895387887955e-03
2.491433639079332352e-03
2.488037571310997009e-03
2.481764648109674454e-03
2.482037525624036789e-03
2.479250077158212662e-03
2.475547138601541519e-03
2.473277039825916290e-03
2.471013460308313370e-03
2.468840219080448151e-03
2.467272803187370300e-03
2.466146368533372879e-03
2.465002937242388725e-03
2.463639248162508011e-03
2.461954951286315918e-03
2.459928626194596291e-03
2.458072965964674950e-03
2.455531153827905655e-03
2.452665939927101135e-03
2.449176739901304245e-03
2.445241436362266541e-03
2.442043274641036987e-03
2.437022514641284943e-03
2.432584529742598534e-03
2.427930943667888641e-03
2.423986792564392090e-03
2.419992582872509956e-03
2.415455412119626999e-03
2.410005778074264526e-03
2.407911699265241623e-03
2.402815502136945724e-03
2.400510013103485107e-03
2.398299984633922577e-03
2.394799608737230301e-03
2.388691063970327377e-03
2.384603954851627350e-03
2.379352226853370667e-03
2.375465352088212967e-03
2.372337970882654190e-03
2.369498368352651596e-03
2.366394037380814552e-03
2.363100182265043259e-03
2.360870596021413803e-03
2.357761375606060028e-03
2.354302210733294487e-03
2.349976450204849243e-03
2.344046253710985184e-03
2.341378247365355492e-03
2.338561695069074631e-03
2.337342593818902969e-03
2.334943041205406189e-03
2.332166768610477448e-03
2.329722512513399124e-03
2.329355105757713318e-03
2.325457986444234848e-03
2.324606291949748993e-03
2.322954824194312096e-03
2.320844912901520729e-03
2.318727783858776093e-03
2.322374144569039345e-03
2.317731268703937531e-03
2.316546626389026642e-03
2.314473502337932587e-03
2.313596196472644806e-03
2.312335418537259102e-03
2.310706069692969322e-03
2.308178925886750221e-03
2.314406447112560272e-03
2.307127928361296654e-03
2.305401954799890518e-03
2.303667832165956497e-03
2.301678527146577835e-03
2.298109233379364014e-03
2.295351587235927582e-03
2.293518045917153358e-03
2.284839516505599022e-03
2.283127047121524811e-03
2.280886517837643623e-03
2.278894418850541115e-03
2.276873216032981873e-03
2.275627339258790016e-03
2.274589613080024719e-03
2.273433841764926910e-03
2.271948615089058876e-03
2.272010780870914459e-03
2.270947676151990891e-03
2.269954420626163483e-03
2.268904587253928185e-03
2.268198877573013306e-03
2.266399562358856201e-03
2.263643546029925346e-03
2.272896468639373779e-03
2.262077759951353073e-03
2.258410211652517319e-03
2.255863044410943985e-03
2.253797370940446854e-03
2.251678844913840294e-03
2.248685806989669800e-03
2.245810814201831818e-03
2.243098802864551544e-03
2.240566303953528404e-03
2.238212851807475090e-03
2.236148808151483536e-03
2.234460087493062019e-03
2.233872655779123306e-03
2.232452388852834702e-03
2.231069840490818024e-03
2.229326637461781502e-03
2.227104734629392624e-03
2.224736846983432770e-03
2.222484443336725235e-03
2.219193615019321442e-03
2.220405964180827141e-03
2.216344000771641731e-03
2.213453408330678940e-03
2.209673635661602020e-03
2.222357317805290222e-03
2.208314137533307076e-03
2.205401426181197166e-03
2.202906180173158646e-03
2.200505230575799942e-03
2.197394613176584244e-03
2.194380387663841248e-03
2.192531479522585869e-03
2.190485596656799316e-03
2.189527731388807297e-03
2.187766367569565773e-03
2.185502089560031891e-03
2.183728152886033058e-03
2.181426854804158211e-03
2.178399823606014252e-03
2.174025168642401695e-03
2.168848644942045212e-03
2.164641860872507095e-03
2.161188982427120209e-03
2.158551942557096481e-03
2.156575210392475128e-03
2.154231537133455276e-03
2.151467837393283844e-03
2.149495063349604607e-03
2.150626387447118759e-03
2.148572588339447975e-03
2.146853134036064148e-03
2.144459402188658714e-03
2.142111305147409439e-03
2.138873562216758728e-03
2.135932445526123047e-03
2.134015318006277084e-03
2.131908666342496872e-03
2.130197128280997276e-03
2.128229709342122078e-03
2.125855302438139915e-03
2.122290898114442825e-03
2.119706012308597565e-03
2.115424256771802902e-03
2.112026559188961983e-03
2.108303364366292953e-03
2.102591097354888916e-03
2.097669523209333420e-03
2.094834344461560249e-03
2.093004528433084488e-03
2.091474831104278564e-03
2.090087160468101501e-03
2.088313922286033630e-03
2.087058732286095619e-03
2.085559070110321045e-03
2.085138810798525810e-03
2.083684783428907394e-03
2.082557184621691704e-03
2.080901060253381729e-03
2.078504068776965141e-03
2.113410271704196930e-03
2.077710814774036407e-03
2.075207652524113655e-03
2.073314972221851349e-03
2.071998547762632370e-03
2.070629736408591270e-03
2.068027853965759277e-03
2.065467182546854019e-03
2.065597567707300186e-03
2.064308151602745056e-03
2.062649466097354889e-03
2.060656901448965073e-03
2.058713696897029877e-03
2.056181663647294044e-03
2.053594915196299553e-03
2.049949020147323608e-03
2.044923137873411179e-03
2.041693776845932007e-03
2.038807142525911331e-03
2.036334481090307236e-03
2.034921664744615555e-03
2.033608965575695038e-03
2.030737930908799171e-03
2.029434312134981155e-03
2.026762813329696655e-03
2.024299465119838715e-03
2.022798173129558563e-03
2.020340645685791969e-03
2.017189515754580498e-03
2.014381345361471176e-03
2.012100070714950562e-03
2.010309603065252304e-03
2.009213902056217194e-03
2.008238574489951134e-03
2.007430884987115860e-03
2.006269991397857666e-03
2.017233986407518387e-03
2.005999442189931870e-03
2.004787325859069824e-03
2.002893481403589249e-03
2.000577747821807861e-03
2.000326756387948990e-03
1.999099040403962135e-03
1.997543033212423325e-03
1.996430102735757828e-03
1.995774451643228531e-03
1.994551625102758408e-03
1.993867103010416031e-03
1.992775127291679382e-03
1.991774188354611397e-03
1.990069169551134109e-03
1.984297763556241989e-03
1.980784116312861443e-03
1.980323344469070435e-03
1.975581049919128418e-03
1.974147744476795197e-03
1.972481608390808105e-03
1.970916520804166794e-03
1.968333963304758072e-03
1.966116018593311310e-03
1.964998198673129082e-03
1.961556728929281235e-03
1.958444016054272652e-03
1.956801163032650948e-03
1.955521525815129280e-03
1.954307081177830696e-03
1.952778780832886696e-03
1.950513687916100025e-03
1.947225769981741905e-03
1.944477669894695282e-03
1.943194190971553326e-03
1.942420378327369690e-03
1.941893715411424637e-03
1.941098715178668499e-03
1.938821049407124519e-03
1.937404274940490723e-03
1.935643609613180161e-03
1.934370025992393494e-03
1.934090279974043369e-03
1.932329731062054634e-03
1.931552309542894363e-03
1.930185477249324322e-03
1.931065693497657776e-03
1.929394435137510300e-03
1.927247038111090660e-03
1.924584037624299526e-03
1.922828378155827522e-03
1.921796705573797226e-03
1.920826500281691551e-03
1.919353380799293518e-03
1.918544759973883629e-03
1.917311223223805428e-03
1.916612614877521992e-03
1.915687927976250648e-03
1.914066029712557793e-03
1.911809784360229969e-03
1.908315462060272694e-03
1.904370263218879700e-03
1.922229188494384289e-03
1.902577467262744904e-03
1.900280709378421307e-03
1.898347400128841400e-03
1.897278707474470139e-03
1.896282192319631577e-03
1.894061686471104622e-03
1.893066568300127983e-03
1.891936408355832100e-03
1.891012536361813545e-03
1.890603220090270042e-03
1.889602048322558403e-03
1.889040227979421616e-03
1.888491446152329445e-03
1.889389706775546074e-03
1.888281432911753654e-03
1.887853490188717842e-03
1.887177349999547005e-03
1.886000274680554867e-03
1.884632045403122902e-03
1.883183256722986698e-03
1.881734002381563187e-03
1.880330499261617661e-03
1.879276125691831112e-03
1.878459006547927856e-03
1.877851318567991257e-03
1.877268892712891102e-03
1.876133494079113007e-03
1.877497415989637375e-03
1.875638146884739399e-03
1.874248613603413105e-03
1.872760942205786705e-03
1.871348125860095024e-03
1.872417284175753593e-03
1.870792475529015064e-03
1.869730418547987938e-03
1.868182793259620667e-03
1.866361708380281925e-03
1.865159254521131516e-03
1.864132820628583431e-03
1.862738048657774925e-03
1.861930009908974171e-03
1.860950840637087822e-03
1.860248157754540443e-03
1.860176911577582359e-03
1.859827316366136074e-03
1.859175856225192547e-03
1.858365489169955254e-03
1.857667928561568260e-03
1.856663729995489120e-03
1.859606010839343071e-03
1.856344053521752357e-03
1.855562441051006317e-03
1.855014008469879627e-03
1.854144269600510597e-03
1.853072550147771835e-03
1.852064742706716061e-03
1.851598615758121014e-03
1.850323751568794250e-03
1.849712687544524670e-03
1.849259249866008759e-03
1.849830616265535355e-03
1.849043183028697968e-03
1.848552376031875610e-03
1.848177984356880188e-03
1.847927691414952278e-03
1.847642241045832634e-03
1.847433391958475113e-03
1.847235602326691151e-03
1.846970058977603912e-03
1.846380764618515968e-03
1.845622900873422623e-03
1.845810329541563988e-03
1.845120452344417572e-03
1.844359794631600380e-03
1.843773759901523590e-03
1.843467354774475098e-03
1.842916244640946388e-03
1.841662917286157608e-03
1.840174547396600246e-03
1.838279422372579575e-03
1.840387238189578056e-03
1.837660558521747589e-03
1.836215495131909847e-03
1.835467992350459099e-03
1.834614784456789494e-03
1.833830494433641434e-03
1.832725014537572861e-03
1.831579953432083130e-03
1.830615452490746975e-03
1.830094261094927788e-03
1.829647691920399666e-03
1.828833832405507565e-03
1.828002743422985077e-03
1.843409962020814419e-03
1.827774336561560631e-03
1.827145577408373356e-03
1.826429273933172226e-03
1.825499348342418671e-03
1.824476290494203568e-03
1.822860445827245712e-03
1.820432255044579506e-03
1.820115139707922935e-03
1.816873671486973763e-03
1.815761555917561054e-03
1.814509741961956024e-03
1.812739414162933826e-03
1.810117391869425774e-03
1.807804103009402752e-03
1.809059176594018936e-03
1.806326210498809814e-03
1.804588828235864639e-03
1.802239101380109787e-03
1.800656318664550781e-03
1.798914279788732529e-03
1.797748962417244911e-03
1.796885626390576363e-03
1.795371063053607941e-03
1.793736708350479603e-03
1.792706316336989403e-03
1.792187220416963100e-03
1.791136106476187706e-03
1.790396287105977535e-03
1.789304427802562714e-03
1.788397319614887238e-03
1.802188460715115070e-03
1.788008492439985275e-03
1.786685665138065815e-03
1.785211265087127686e-03
1.783962827175855637e-03
1.782405888661742210e-03
1.779102720320224762e-03
1.775005133822560310e-03
1.769479713402688503e-03
1.763722510077059269e-03
1.760747400112450123e-03
1.759059028699994087e-03
1.757138874381780624e-03
1.754973083734512329e-03
1.753102755174040794e-03
1.751503907144069672e-03
1.750470139086246490e-03
1.749508199281990528e-03
1.748623559251427650e-03
1.747803529724478722e-03
1.748193055391311646e-03
1.747108763083815575e-03
1.746135996654629707e-03
1.745134126394987106e-03
1.742979628033936024e-03
1.742579624988138676e-03
1.739195547997951508e-03
1.737525220960378647e-03
1.735503785312175751e-03
1.733994460664689541e-03
1.732382341288030148e-03
1.731273718178272247e-03
1.730465097352862358e-03
1.729614101350307465e-03
1.728358445689082146e-03
1.727457041852176189e-03
1.726424787193536758e-03
1.725498586893081665e-03
1.724892528727650642e-03
1.723158406093716621e-03
1.723049790598452091e-03
1.722335582599043846e-03
1.721095992252230644e-03
1.720258267596364021e-03
1.718391664326190948e-03
1.715716207399964333e-03
1.715293619781732559e-03
1.712397905066609383e-03
1.711789635010063648e-03
1.709668780677020550e-03
1.708735362626612186e-03
1.707931864075362682e-03
1.706831855699419975e-03
1.705745235085487366e-03
1.704939990304410458e-03
1.703173853456974030e-03
1.702197361737489700e-03
1.701163593679666519e-03
1.699862885288894176e-03
1.698053791187703609e-03
1.701993634924292564e-03
1.697277533821761608e-03
1.695696497336030006e-03
1.693927217274904251e-03
1.701653236523270607e-03
1.693025929853320122e-03
1.691102283075451851e-03
1.687026116997003555e-03
1.683480106294155121e-03
1.680977642536163330e-03
1.678166445344686508e-03
1.676478423178195953e-03
1.674409373663365841e-03
1.673530205152928829e-03
1.672715996392071247e-03
1.671972218900918961e-03
1.670955680310726166e-03
1.669351127929985523e-03
1.668861601501703262e-03
1.666486379690468311e-03
1.665249583311378956e-03
1.664360985159873962e-03
1.663310453295707703e-03
1.662046881392598152e-03
1.660702517256140709e-03
1.660685287788510323e-03
1.659642206504940987e-03
1.657703774981200695e-03
1.652348320931196213e-03
1.649121753871440887e-03
1.705507514998316765e-03
1.647800439968705177e-03
1.645881216973066330e-03
1.644879113882780075e-03
1.643953262828290462e-03
1.642919727601110935e-03
1.641539391130208969e-03
1.639884896576404572e-03
1.640036469325423241e-03
1.638771500438451767e-03
1.637351932004094124e-03
1.635512802749872208e-03
1.634380780160427094e-03
1.632557949051260948e-03
1.632626634091138840e-03
1.631888095289468765e-03
1.630748505704104900e-03
1.629380043596029282e-03
1.628271536901593208e-03
1.627022400498390198e-03
1.626043696887791157e-03
1.625128323212265968e-03
1.623439136892557144e-03
1.621755771338939667e-03
1.620057038962841034e-03
1.618464477360248566e-03
1.617260510101914406e-03
1.615251065231859684e-03
1.613413915038108826e-03
1.611063489690423012e-03
1.608907943591475487e-03
1.606762525625526905e-03
1.605594996362924576e-03
1.602618955075740814e-03
1.599944662302732468e-03
1.598326954990625381e-03
1.597156166099011898e-03
1.596526708453893661e-03
1.595442183315753937e-03
1.594253117218613625e-03
1.592247746884822845e-03
1.590520958416163921e-03
1.589179737493395805e-03
1.588007435202598572e-03
1.586846541613340378e-03
1.586345955729484558e-03
1.585599966347217560e-03
1.585813239216804504e-03
1.585110323503613472e-03
1.584023702889680862e-03
1.582115539349615574e-03
1.580635551363229752e-03
1.579775940626859665e-03
1.579407835379242897e-03
1.578333321958780289e-03
1.577740767970681190e-03
1.577170565724372864e-03
1.576554495841264725e-03
1.575664151459932327e-03
1.574969734065234661e-03
1.573901157826185226e-03
1.572959357872605324e-03
1.572186825796961784e-03
1.572597073391079903e-03
1.571823959238827229e-03
1.571236527524888515e-03
1.570491585880517960e-03
1.569793792441487312e-03
1.569114159792661667e-03
1.568155363202095032e-03
1.567085506394505501e-03
1.566254300996661186e-03
1.565789803862571716e-03
1.564993406645953655e-03
1.564437756314873695e-03
1.563608995638787746e-03
1.562826102599501610e-03
1.574173802509903908e-03
1.562433782964944839e-03
1.562443794682621956e-03
1.561572775244712830e-03
1.560226781293749809e-03
1.558993011713027954e-03
1.558269024826586246e-03
1.556859468109905720e-03
1.559373922646045685e-03
1.556170871481299400e-03
1.554379705339670181e-03
1.552735455334186554e-03
1.551299472339451313e-03
1.550127984955906868e-03
1.550118438899517059e-03
1.549413194879889488e-03
1.552260247990489006e-03
1.549144275486469269e-03
1.548610976897180080e-03
1.547787804156541824e-03
1.545898383483290672e-03
1.543557620607316494e-03
1.541535952128469944e-03
1.539100660011172295e-03
1.537254080176353455e-03
1.535682356916368008e-03
1.534262439236044884e-03
1.532985246740281582e-03
1.532325753942131996e-03
1.531631802208721638e-03
1.530866837128996849e-03
1.528292661532759666e-03
1.526626176200807095e-03
1.524072606116533279e-03
1.521481899544596672e-03
1.519730547443032265e-03
1.516648102551698685e-03
1.516132266260683537e-03
1.513779163360595703e-03
1.510382047854363918e-03
1.507031614892184734e-03
1.504802494309842587e-03
1.503136474639177322e-03
1.501445192843675613e-03
1.500162063166499138e-03
1.498855417594313622e-03
1.498426310718059540e-03
1.496863318607211113e-03
1.496174489147961140e-03
1.494690310209989548e-03
1.492901938036084175e-03
1.490849768742918968e-03
1.498698955401778221e-03
1.490087131969630718e-03
1.487949863076210022e-03
1.486157299950718880e-03
1.484878594055771828e-03
1.484127482399344444e-03
1.483325380831956863e-03
1.482216408476233482e-03
1.482825842685997486e-03
1.481817336753010750e-03
1.481125596910715103e-03
1.479611033573746681e-03
1.478057820349931717e-03
1.476400066167116165e-03
1.477064331993460655e-03
1.475729746744036674e-03
1.474895048886537552e-03
1.474225195124745369e-03
1.473183045163750648e-03
1.471690367907285690e-03
1.473621698096394539e-03
1.471361960284411907e-03
1.470371149480342865e-03
1.469485694542527199e-03
1.468020258471369743e-03
1.466488232836127281e-03
1.465187291614711285e-03
1.464548753574490547e-03
1.462988322600722313e-03
1.461645355448126793e-03
1.458158134482800961e-03
1.455678138881921768e-03
1.453958917409181595e-03
1.452718395739793777e-03
1.451939111575484276e-03
1.450260868296027184e-03
1.448621856980025768e-03
1.447627670131623745e-03
1.446435460820794106e-03
1.445522182621061802e-03
1.444682246074080467e-03
1.443373505026102066e-03
1.441631116904318333e-03
1.440093619748950005e-03
1.438990468159317970e-03
1.437978353351354599e-03
1.436339109204709530e-03
1.434154459275305271e-03
1.432971796020865440e-03
1.431647222489118576e-03
1.430003438144922256e-03
1.428137533366680145e-03
1.427232637070119381e-03
1.426178030669689178e-03
1.425004098564386368e-03
1.422909786924719810e-03
1.421275548636913300e-03
1.418446190655231476e-03
1.417528837919235229e-03
1.415558857843279839e-03
1.415099482983350754e-03
1.414638943970203400e-03
1.414244761690497398e-03
1.413695747032761574e-03
1.413005637004971504e-03
1.412179786711931229e-03
1.412308309227228165e-03
1.411808189004659653e-03
1.411310629919171333e-03
1.410944154486060143e-03
1.410548808053135872e-03
1.409920747391879559e-03
1.408885465934872627e-03
1.409303629770874977e-03
1.408424926921725273e-03
1.407693140208721161e-03
1.407000818289816380e-03
1.406264957040548325e-03
1.407554373145103455e-03
1.405690563842654228e-03
1.404794980771839619e-03
1.403496135026216507e-03
1.402820111252367496e-03
1.401744782924652100e-03
1.400444190949201584e-03
1.401136862114071846e-03
1.399859203957021236e-03
1.399088883772492409e-03
1.398527296259999275e-03
1.398085849359631538e-03
1.398088061250746250e-03
1.397757790982723236e-03
1.397269079461693764e-03
1.396576990373432636e-03
1.395632163621485233e-03
1.394686754792928696e-03
1.393469865433871746e-03
1.392033649608492851e-03
1.391007797792553902e-03
1.390566583722829819e-03
1.390170305967330933e-03
1.389659359119832516e-03
1.388631761074066162e-03
1.387394149787724018e-03
1.386279356665909290e-03
1.384433824568986893e-03
1.382953254505991936e-03
1.380471745505928993e-03
1.377711305394768715e-03
1.375308027490973473e-03
1.375057734549045563e-03
1.374528743326663971e-03
1.373706851154565811e-03
1.373325940221548080e-03
1.372600439935922623e-03
1.371562248095870018e-03
1.370465965010225773e-03
1.369482139125466347e-03
1.368104945868253708e-03
1.366652082651853561e-03
1.365152187645435333e-03
1.364292809739708900e-03
1.366170006804168224e-03
1.363686984404921532e-03
1.363038551062345505e-03
1.361885573714971542e-03
1.361460192129015923e-03
1.360994763672351837e-03
1.360138179734349251e-03
1.359591959044337273e-03
1.358491601422429085e-03
1.359304413199424744e-03
1.357930595986545086e-03
1.357186352834105492e-03
1.355904387310147285e-03
1.355253392830491066e-03
1.353794243186712265e-03
1.353042433038353920e-03
1.351574668660759926e-03
1.350465463474392891e-03
1.349406782537698746e-03
1.348847406916320324e-03
1.348272664472460747e-03
1.347754732705652714e-03
1.347196521237492561e-03
1.346492441371083260e-03
1.345523400232195854e-03
1.345130265690386295e-03
1.344795105978846550e-03
1.343643059954047203e-03
1.342593459412455559e-03
1.341298455372452736e-03
1.340165268629789352e-03
1.338717178441584110e-03
1.337001333013176918e-03
1.341139548458158970e-03
1.335843931883573532e-03
1.334132626652717590e-03
1.332658459432423115e-03
1.331614097580313683e-03
1.330451807007193565e-03
1.331359613686800003e-03
1.329252379946410656e-03
1.327680889517068863e-03
1.327493460848927498e-03
1.326493453234434128e-03
1.325808931142091751e-03
1.324496115557849407e-03
1.322949770838022232e-03
1.321294810622930527e-03
1.319011673331260681e-03
1.317661721259355545e-03
1.315847970545291901e-03
1.313937362283468246e-03
1.312190433964133263e-03
1.310807187110185623e-03
1.309612300246953964e-03
1.307916827499866486e-03
1.307216472923755646e-03
1.304993405938148499e-03
1.303810859099030495e-03
1.302981516346335411e-03
1.301872078329324722e-03
1.300892326980829239e-03
1.299324678257107735e-03
1.298153540119528770e-03
1.297544920817017555e-03
1.296972390264272690e-03
1.296472735702991486e-03
1.295907190069556236e-03
1.295241643674671650e-03
1.294338027946650982e-03
1.293802866712212563e-03
1.293270848691463470e-03
1.292726490646600723e-03
1.292140455916523933e-03
1.291668275371193886e-03
1.291303196921944618e-03
1.290812506340444088e-03
1.290435204282402992e-03
1.289991545490920544e-03
1.289276988245546818e-03
1.290132640860974789e-03
1.288809115067124367e-03
1.287753111682832241e-03
1.286625047214329243e-03
1.285531790927052498e-03
1.284855301491916180e-03
1.284429104998707771e-03
1.283639692701399326e-03
1.282952260226011276e-03
1.286354148760437965e-03
1.282616518437862396e-03
1.281596487388014793e-03
1.280576456338167191e-03
1.279657240957021713e-03
1.278519048355519772e-03
1.276394119486212730e-03
1.275052316486835480e-03
1.273187692277133465e-03
1.272327266633510590e-03
1.271621673367917538e-03
1.270828186534345150e-03
1.269804779440164566e-03
1.269071362912654877e-03
1.268222229555249214e-03
1.267806626856327057e-03
1.267301384359598160e-03
1.266743522137403488e-03
1.266112318262457848e-03
1.265407889150083065e-03
1.264921971596777439e-03
1.264284132048487663e-03
1.263974467292428017e-03
1.263654325157403946e-03
1.263435697183012962e-03
1.263073529116809368e-03
1.262852223590016365e-03
1.262593781575560570e-03
1.262345584109425545e-03
1.262068981304764748e-03
1.261759083718061447e-03
1.261516124941408634e-03
1.261118683032691479e-03
1.260825432837009430e-03
1.260514603927731514e-03
1.260087825357913971e-03
1.259889104403555393e-03
1.259058713912963867e-03
1.258636359125375748e-03
1.258229138329625130e-03
1.257805852219462395e-03
1.257522613741457462e-03
1.257124356925487518e-03
1.256929477676749229e-03
1.256602117791771889e-03
1.256123185157775879e-03
1.255606766790151596e-03
1.255173003301024437e-03
1.254801172763109207e-03
1.254503615200519562e-03
1.254159142263233662e-03
1.253840397112071514e-03
1.253518974408507347e-03
1.253111055120825768e-03
1.252405112609267235e-03
1.269305357709527016e-03
1.252171816304326057e-03
1.251004170626401901e-03
1.250273780897259712e-03
1.249744556844234467e-03
1.249257009476423264e-03
1.248466549441218376e-03
1.247067470103502274e-03
1.246767817065119743e-03
1.244093757122755051e-03
1.242892583832144737e-03
1.241880469024181366e-03
1.243211678229272366e-03
1.241490012034773827e-03
1.240754267200827599e-03
1.239994075149297714e-03
1.239415723830461502e-03
1.238713855855166912e-03
1.238090218976140022e-03
1.237463206052780151e-03
1.236922456882894039e-03
1.236419077031314373e-03
1.235836069099605083e-03
1.236285082995891571e-03
1.235507195815443993e-03
1.234953757375478745e-03
1.234380528330802917e-03
1.233777031302452087e-03
1.232390757650136948e-03
1.231730217114090919e-03
1.230595866218209267e-03
1.229817047715187073e-03
1.230132998898625374e-03
1.228959532454609871e-03
1.228058477863669395e-03
1.227540080435574055e-03
1.227000728249549866e-03
1.226655673235654831e-03
1.226344145834445953e-03
1.226099673658609390e-03
1.225884305313229561e-03
1.225572777912020683e-03
1.225137151777744293e-03
1.224571140483021736e-03
1.224566251039505005e-03
1.224221545271575451e-03
1.223818399012088776e-03
1.223152503371238708e-03
1.222797669470310211e-03
1.222491264343261719e-03
1.222126418724656105e-03
1.221600221469998360e-03
1.221167854964733124e-03
1.220731646753847599e-03
1.220128615386784077e-03
1.219485187903046608e-03
1.219174242578446865e-03
1.218707184307277203e-03
1.218259334564208984e-03
1.217460143379867077e-03
1.216586679220199585e-03
1.215037889778614044e-03
1.214472111314535141e-03
1.213479787111282349e-03
1.213056850247085094e-03
1.212501199916005135e-03
1.213734503835439682e-03
1.212267903611063957e-03
1.211962196975946426e-03
1.211486523970961571e-03
1.211263588629662991e-03
1.210799207910895348e-03
1.210319926030933857e-03
1.209888840094208717e-03
1.209491863846778870e-03
1.209201640449464321e-03
1.208955771289765835e-03
1.208614790812134743e-03
1.208441564813256264e-03
1.208379631862044334e-03
1.208166242577135563e-03
1.207967521622776985e-03
1.207689754664897919e-03
1.207254128530621529e-03
1.206387067213654518e-03
1.204958069138228893e-03
1.203820458613336086e-03
1.202992629259824753e-03
1.202337443828582764e-03
1.201958162710070610e-03
1.201675040647387505e-03
1.201451756060123444e-03
1.201111357659101486e-03
1.200840808451175690e-03
1.200572354719042778e-03
1.200374797917902470e-03
1.199992606416344643e-03
1.199709018692374229e-03
1.199287362396717072e-03
1.198782469145953655e-03
1.197964767925441265e-03
1.197031931951642036e-03
1.196054276078939438e-03
1.195301185362040997e-03
1.194421434774994850e-03
1.193652860820293427e-03
1.192570198327302933e-03
1.191336195915937424e-03
1.190518261864781380e-03
1.190097886137664318e-03
1.190121052786707878e-03
1.189747941680252552e-03
1.189849688671529293e-03
1.189422560855746269e-03
1.189104979857802391e-03
1.188825350254774094e-03
1.188364345580339432e-03
1.188164111226797104e-03
1.187875284813344479e-03
1.187428599223494530e-03
1.186625799164175987e-03
1.185885863378643990e-03
1.184918102808296680e-03
1.184136606752872467e-03
1.183301908895373344e-03
1.181973610073328018e-03
1.181068364530801773e-03
1.180413179099559784e-03
1.179650425910949707e-03
1.179258804768323898e-03
1.178869279101490974e-03
1.179471379145979881e-03
1.178717240691184998e-03
1.178499078378081322e-03
1.178110018372535706e-03
1.177659258246421814e-03
1.177307218313217163e-03
1.176501973532140255e-03
1.176035031676292419e-03
1.175461104139685631e-03
1.174952252767980099e-03
1.174199744127690792e-03
1.174545148387551308e-03
1.173959346488118172e-03
1.173506141640245914e-03
1.173139782622456551e-03
1.172816031612455845e-03
1.172349322587251663e-03
1.171821262687444687e-03
1.171044190414249897e-03
1.170350471511483192e-03
1.169487601146101952e-03
1.168175949715077877e-03
1.167480833828449249e-03
1.166861038655042648e-03
1.166250440292060375e-03
1.165580237284302711e-03
1.164460671134293079e-03
1.163745066151022911e-03
1.163063803687691689e-03
1.162593020126223564e-03
1.162162283435463905e-03
1.161772641353309155e-03
1.161402091383934021e-03
1.161111169494688511e-03
1.160061801783740520e-03
1.159419654868543148e-03
1.158645725809037685e-03
1.158911385573446751e-03
1.158237690106034279e-03
1.157809514552354813e-03
1.157168415375053883e-03
1.156499842181801796e-03
1.155443023890256882e-03
1.155727775767445564e-03
1.155021716840565205e-03
1.154253957793116570e-03
1.153604709543287754e-03
1.153081655502319336e-03
1.152573153376579285e-03
1.151975942775607109e-03
1.151481410488486290e-03
1.150912372395396233e-03
1.150621916167438030e-03
1.149873714894056320e-03
1.151268603280186653e-03
1.149597344920039177e-03
1.149117830209434032e-03
1.148212002590298653e-03
1.147754257544875145e-03
1.147485105320811272e-03
1.146769616752862930e-03
1.146153081208467484e-03
1.145577756687998772e-03
1.145036425441503525e-03
1.144435023888945580e-03
1.143615809269249439e-03
1.142763067036867142e-03
1.142129767686128616e-03
1.142643624916672707e-03
1.141750719398260117e-03
1.140959793701767921e-03
1.140112522989511490e-03
1.139278057962656021e-03
1.137965591624379158e-03
1.136987702921032906e-03
1.135950675234198570e-03
1.134447986260056496e-03
1.132932258769869804e-03
1.131989760324358940e-03
1.131410594098269939e-03
1.130710938014090061e-03
1.130009070038795471e-03
1.129097305238246918e-03
1.128486241213977337e-03
1.127582974731922150e-03
1.126299379393458366e-03
1.124436967074871063e-03
1.125749200582504272e-03
1.123473513871431351e-03
1.121027278713881969e-03
1.119665335863828659e-03
1.118827029131352901e-03
1.117953332141041756e-03
1.116925850510597229e-03
1.115704537369310856e-03
1.114577753469347954e-03
1.114168087951838970e-03
1.113303587771952152e-03
1.112679485231637955e-03
1.111842808313667774e-03
1.110464450903236866e-03
1.108721829950809479e-03
1.107146730646491051e-03
1.105769071727991104e-03
1.104679424315690994e-03
1.103934482671320438e-03
1.103120972402393818e-03
1.102352747693657875e-03
1.101471483707427979e-03
1.100282301194965839e-03
1.108413096517324448e-03
1.099835149943828583e-03
1.098171225748956203e-03
1.096184132620692253e-03
1.098306849598884583e-03
1.095378655008971691e-03
1.094107283279299736e-03
1.093019032850861549e-03
1.091989222913980484e-03
1.090746838599443436e-03
1.089554163627326488e-03
1.088414574041962624e-03
1.087853219360113144e-03
1.087276614271104336e-03
1.086029689759016037e-03
1.085209310986101627e-03
1.083520008251070976e-03
1.082351896911859512e-03
1.080475049093365669e-03
1.079066889360547066e-03
1.075904467143118382e-03
1.074738102033734322e-03
1.074559055268764496e-03
1.073088496923446655e-03
1.071244478225708008e-03
1.067235018126666546e-03
1.064407872036099434e-03
1.061957329511642456e-03
1.060637296177446842e-03
1.059597823768854141e-03
1.058494322933256626e-03
1.057631336152553558e-03
1.056958106346428394e-03
1.056630630046129227e-03
1.055927714332938194e-03
1.055165892466902733e-03
1.054290914908051491e-03
1.053576124832034111e-03
1.052891835570335388e-03
1.053776708431541920e-03
1.052659703418612480e-03
1.052232692018151283e-03
1.051578437909483910e-03
1.050709979608654976e-03
1.049972372129559517e-03
1.049252226948738098e-03
1.048590987920761108e-03
1.048100064508616924e-03
1.047123572789132595e-03
1.046249875798821449e-03
1.046267803758382797e-03
1.045542070642113686e-03
1.044533448293805122e-03
1.043564639985561371e-03
1.042605144903063774e-03
1.042757998220622540e-03
1.042051590047776699e-03
1.040999544784426689e-03
1.039996859617531300e-03
1.039033988490700722e-03
1.038157613947987556e-03
1.037009758874773979e-03
1.036552013829350471e-03
1.035949680954217911e-03
1.035599270835518837e-03
1.035033259540796280e-03
1.034127315506339073e-03
1.033141044899821281e-03
1.032425905577838421e-03
1.031922176480293274e-03
1.031449413858354092e-03
1.030577346682548523e-03
1.029151957482099533e-03
1.029066974297165871e-03
1.028202241286635399e-03
1.027437159791588783e-03
1.027101883664727211e-03
1.026675570756196976e-03
1.026110723614692688e-03
1.025663921609520912e-03
1.025154255330562592e-03
1.024749595671892166e-03
1.024082652293145657e-03
1.024066237732768059e-03
1.023655408062040806e-03
1.022811047732830048e-03
1.021732576191425323e-03
1.019429182633757591e-03
1.018315320834517479e-03
1.017138129100203514e-03
1.016072463244199753e-03
1.015337649732828140e-03
1.014173263683915138e-03
1.014466048218309879e-03
1.013162196613848209e-03
1.010728999972343445e-03
1.008687424473464489e-03
1.008143415674567223e-03
1.007632003165781498e-03
1.006199396215379238e-03
1.007820013910531998e-03
1.005766331218183041e-03
1.004671445116400719e-03
1.003734534606337547e-03
1.003401121124625206e-03
1.002810196951031685e-03
1.002454780973494053e-03
1.002030330710113049e-03
1.001561060547828674e-03
1.000952324829995632e-03
1.002393895760178566e-03
1.000695978291332722e-03
9.999632602557539940e-04
9.990239050239324570e-04
9.980322793126106262e-04
9.968864032998681068e-04
9.953130502253770828e-04
9.947343496605753899e-04
9.919975418597459793e-04
9.905787883326411247e-04
9.885936742648482323e-04
9.861775906756520271e-04
9.841879364103078842e-04
9.829467162489891052e-04
9.821148123592138290e-04
9.817283134907484055e-04
9.810193441808223724e-04
9.803308639675378799e-04
9.793872013688087463e-04
9.788358584046363831e-04
9.784409776329994202e-04
9.774356149137020111e-04
9.765600552782416344e-04
9.751890320330858231e-04
9.742390830069780350e-04
9.735685307532548904e-04
9.730670135468244553e-04
9.726150892674922943e-04
9.717167704366147518e-04
9.707029676064848900e-04
9.693898027762770653e-04
9.679214563220739365e-04
9.660648065619170666e-04
9.643912781029939651e-04
9.631021530367434025e-04
9.622953366488218307e-04
9.614190785214304924e-04
9.601076017133891582e-04
9.588738903403282166e-04
9.576285374350845814e-04
9.572828421369194984e-04
9.568087989464402199e-04
9.564892970956861973e-04
9.560186881572008133e-04
9.553006384521722794e-04
9.546186774969100952e-04
9.542062762193381786e-04
9.546664077788591385e-04
9.539305465295910835e-04
9.535761782899498940e-04
9.530687239021062851e-04
9.525800123810768127e-04
9.520848398096859455e-04
9.515894344076514244e-04
9.517309954389929771e-04
9.514470584690570831e-04
9.511666139587759972e-04
9.506923961453139782e-04
9.500416344963014126e-04
9.488803334534168243e-04
9.473746758885681629e-04
9.556851582601666451e-04
9.469984215684235096e-04
9.457350242882966995e-04
9.470621589571237564e-04
9.452853119000792503e-04
9.445481700822710991e-04
9.432261576876044273e-04
9.423738811165094376e-04
9.416141547262668610e-04
9.409039048478007317e-04
9.402335854247212410e-04
9.396908571943640709e-04
9.393806103616952896e-04
9.385845623910427094e-04
9.380955016240477562e-04
9.376014349982142448e-04
9.370922343805432320e-04
9.364515426568686962e-04
9.363068384118378162e-04
9.352605557069182396e-04
9.348283056169748306e-04
9.344393620267510414e-04
9.339347016066312790e-04
9.335275972262024879e-04
9.330810862593352795e-04
9.328385349363088608e-04
9.321901015937328339e-04
9.328078012913465500e-04
9.319758974015712738e-04
9.315377101302146912e-04
9.308470180258154869e-04
9.303946280851960182e-04
9.298501536250114441e-04
9.293981129303574562e-04
9.290354209952056408e-04
9.282121900469064713e-04
9.277350036427378654e-04
9.267003624700009823e-04
9.261678787879645824e-04
9.258252102881669998e-04
9.255743934772908688e-04
9.250473231077194214e-04
9.244758402928709984e-04
9.239895734935998917e-04
9.236944606527686119e-04
9.234530152752995491e-04
9.232920128852128983e-04
9.230099385604262352e-04
9.228436392731964588e-04
9.226229740306735039e-04
9.223627857863903046e-04
9.222205262631177902e-04
9.217408951371908188e-04
9.214079473167657852e-04
9.208632400259375572e-04
9.202999062836170197e-04
9.204114321619272232e-04
9.199790656566619873e-04
9.193842997774481773e-04
9.191408171318471432e-04
9.188347030431032181e-04
9.186139795929193497e-04
9.182291687466204166e-04
9.177915053442120552e-04
9.171352721750736237e-04
9.162992937490344048e-04
9.153293212875723839e-04
9.146753000095486641e-04
9.145202930085361004e-04
9.143269853666424751e-04
9.140374604612588882e-04
9.138975292444229126e-04
9.137276210822165012e-04
9.135864675045013428e-04
9.134218562394380569e-04
9.132408304139971733e-04
9.130879188887774944e-04
9.129438549280166626e-04
9.127709781751036644e-04
9.125157957896590233e-04
9.123421623371541500e-04
9.129412355832755566e-04
9.122624760493636131e-04
9.121550247073173523e-04
9.120303438976407051e-04
9.118583402596414089e-04
