3.167435407638549805e+00
3.134326219558715820e+00
3.102324724197387695e+00
3.071416854858398438e+00
3.041538715362548828e+00
3.012600898742675781e+00
2.984499216079711914e+00
2.957125425338745117e+00
2.930372953414916992e+00
2.904144287109375000e+00
2.878357648849487305e+00
2.852949142456054688e+00
2.827876329421997070e+00
2.803111314773559570e+00
2.778640270233154297e+00
2.754458665847778320e+00
2.730566024780273438e+00
2.706963300704956055e+00
2.683650732040405273e+00
2.660624980926513672e+00
2.637877941131591797e+00
2.615396976470947266e+00
2.593164920806884766e+00
2.571159839630126953e+00
2.549357891082763672e+00
2.527731418609619141e+00
2.506254673004150391e+00
2.484901428222656250e+00
2.463647365570068359e+00
2.442471981048583984e+00
2.421356916427612305e+00
2.400287389755249023e+00
2.379249811172485352e+00
2.358234643936157227e+00
2.337231636047363281e+00
2.316232442855834961e+00
2.295228958129882812e+00
2.274212837219238281e+00
2.253176212310791016e+00
2.232110977172851562e+00
2.211010932922363281e+00
2.189870119094848633e+00
2.168684720993041992e+00
2.147452592849731445e+00
2.126172542572021484e+00
2.104847431182861328e+00
2.083480119705200195e+00
2.062076330184936523e+00
2.040642023086547852e+00
2.019184112548828125e+00
1.997710824012756348e+00
1.976229190826416016e+00
1.954747080802917480e+00
1.933271884918212891e+00
1.911810159683227539e+00
1.890368461608886719e+00
1.868954181671142578e+00
1.847573280334472656e+00
1.826231598854064941e+00
1.804935932159423828e+00
1.783691644668579102e+00
1.762505769729614258e+00
1.741383552551269531e+00
1.720330476760864258e+00
1.699352860450744629e+00
1.678455352783203125e+00
1.657643675804138184e+00
1.636923551559448242e+00
1.616300821304321289e+00
1.595781922340393066e+00
1.575373768806457520e+00
1.555083632469177246e+00
1.534919500350952148e+00
1.514889597892761230e+00
1.495002508163452148e+00
1.475266456604003906e+00
1.455690145492553711e+00
1.436282157897949219e+00
1.417050361633300781e+00
1.398002386093139648e+00
1.379146099090576172e+00
1.360488772392272949e+00
1.342037200927734375e+00
1.323798179626464844e+00
1.305777907371520996e+00
1.287982940673828125e+00
1.270419239997863770e+00
1.253092408180236816e+00
1.236008644104003906e+00
1.219173431396484375e+00
1.202592372894287109e+00
1.186270952224731445e+00
1.170214891433715820e+00
1.154429316520690918e+00
1.138919591903686523e+00
1.123690009117126465e+00
1.108745694160461426e+00
1.094090461730957031e+00
1.079727649688720703e+00
1.065660595893859863e+00
1.051892757415771484e+00
1.038425803184509277e+00
1.025262355804443359e+00
1.012404203414916992e+00
9.998530149459838867e-01
9.876098632812500000e-01
9.756762385368347168e-01
9.640529751777648926e-01
9.527403116226196289e-01
9.417387843132019043e-01
9.310476779937744141e-01
9.206668138504028320e-01
9.105951786041259766e-01
9.008311033248901367e-01
8.913732767105102539e-01
8.822193145751953125e-01
8.733670115470886230e-01
8.648135662078857422e-01
8.565563559532165527e-01
8.485919237136840820e-01
8.409169316291809082e-01
8.335276246070861816e-01
8.264197707176208496e-01
8.195895552635192871e-01
8.130319118499755859e-01
8.067422509193420410e-01
8.007154464721679688e-01
7.949461936950683594e-01
7.894289493560791016e-01
7.841583490371704102e-01
7.791281342506408691e-01
7.743327617645263672e-01
7.697660923004150391e-01
7.654217481613159180e-01
7.612937092781066895e-01
7.573752999305725098e-01
7.536602616310119629e-01
7.501417398452758789e-01
7.468134760856628418e-01
7.436685562133789062e-01
7.407006621360778809e-01
7.379030585289001465e-01
7.352689504623413086e-01
7.327921390533447266e-01
7.304661273956298828e-01
7.282841801643371582e-01
7.262402176856994629e-01
7.243277430534362793e-01
7.225408554077148438e-01
7.208733558654785156e-01
7.193193435668945312e-01
7.178727984428405762e-01
7.165284752845764160e-01
7.152807116508483887e-01
7.141239643096923828e-01
7.130533456802368164e-01
7.120635509490966797e-01
7.111499905586242676e-01
7.103078365325927734e-01
7.095326185226440430e-01
7.088200449943542480e-01
7.081659436225891113e-01
7.075663208961486816e-01
7.070175409317016602e-01
7.065158486366271973e-01
7.060580253601074219e-01
7.056406736373901367e-01
7.052607536315917969e-01
7.049153447151184082e-01
7.046017646789550781e-01
7.043174505233764648e-01
7.040598988533020020e-01
7.038270235061645508e-01
7.036164999008178711e-01
7.034264206886291504e-01
7.032549977302551270e-01
7.031005620956420898e-01
7.029613256454467773e-01
7.028360962867736816e-01
7.027232646942138672e-01
7.026218175888061523e-01
7.025303244590759277e-01
7.024480104446411133e-01
7.023738622665405273e-01
7.023067474365234375e-01
7.022461891174316406e-01
7.021913528442382812e-01
7.021414041519165039e-01
7.020961046218872070e-01
7.020545005798339844e-01
7.020165324211120605e-01
7.019813656806945801e-01
7.019488811492919922e-01
7.019185423851013184e-01
7.018902897834777832e-01
7.018637657165527344e-01
7.018384337425231934e-01
7.018144726753234863e-01
7.017915248870849609e-01
7.017695307731628418e-01
7.017481327056884766e-01
7.017273902893066406e-01
7.017071843147277832e-01
7.016873955726623535e-01
7.016678452491760254e-01
7.016486525535583496e-01
7.016296386718750000e-01
7.016108036041259766e-01
7.015921473503112793e-01
7.015734910964965820e-01
7.015550136566162109e-01
7.015365362167358398e-01
7.015181183815002441e-01
7.014997005462646484e-01
7.014813423156738281e-01
7.014629244804382324e-01
7.014444470405578613e-01
7.014260888099670410e-01
7.014076709747314453e-01
7.013892531394958496e-01
7.013710141181945801e-01
7.013524770736694336e-01
7.013341784477233887e-01
7.013157606124877930e-01
7.012973427772521973e-01
7.012789845466613770e-01
7.012606263160705566e-01
7.012422084808349609e-01
7.012237906455993652e-01
7.012054920196533203e-01
7.011872529983520508e-01
7.011688947677612305e-01
7.011506557464599609e-01
7.011324167251586914e-01
7.011141777038574219e-01
7.010959386825561523e-01
7.010778784751892090e-01
7.010596990585327148e-01
7.010414600372314453e-01
7.010234594345092773e-01
7.010053396224975586e-01
7.009873390197753906e-01
7.009693384170532227e-01
7.009513378143310547e-01
7.009334564208984375e-01
7.009155154228210449e-01
7.008976340293884277e-01
7.008796334266662598e-01
7.008617520332336426e-01
7.008439898490905762e-01
7.008262276649475098e-01
7.008085250854492188e-01
7.007907032966613770e-01
7.007729411125183105e-01
7.007553577423095703e-01
7.007376551628112793e-01
7.007199525833129883e-01
7.007023096084594727e-01
7.006847262382507324e-01
7.006671428680419922e-01
7.006496191024780273e-01
7.006320953369140625e-01
7.006145715713500977e-01
7.005970478057861328e-01
7.005796432495117188e-01
7.005621790885925293e-01
7.005447149276733398e-01
7.005274295806884766e-01
7.005100250244140625e-01
7.004926204681396484e-01
7.004752755165100098e-01
7.004579901695251465e-01
7.004407644271850586e-01
7.004234194755554199e-01
7.004061937332153320e-01
7.003889083862304688e-01
7.003716826438903809e-01
7.003545761108398438e-01
7.003374099731445312e-01
7.003201842308044434e-01
7.003030776977539062e-01
7.002860307693481445e-01
7.002688646316528320e-01
7.002518773078918457e-01
7.002348303794860840e-01
7.002177834510803223e-01
7.002007961273193359e-01
7.001838088035583496e-01
7.001668810844421387e-01
7.001500129699707031e-01
7.001329660415649414e-01
7.001160979270935059e-01
7.000992298126220703e-01
7.000823616981506348e-01
7.000654935836791992e-01
7.000486850738525391e-01
7.000318765640258789e-01
7.000151872634887695e-01
6.999984383583068848e-01
6.999815702438354492e-01
6.999648809432983398e-01
6.999482512474060059e-01
6.999316215515136719e-01
6.999149322509765625e-01
6.998982429504394531e-01
6.998816728591918945e-01
6.998651623725891113e-01
6.998484134674072266e-01
6.998319625854492188e-01
6.998154520988464355e-01
6.997989416122436523e-01
6.997823715209960938e-01
6.997659206390380859e-01
6.997494101524353027e-01
6.997330188751220703e-01
6.997166275978088379e-01
6.997002959251403809e-01
6.996839642524719238e-01
6.996675729751586914e-01
6.996512413024902344e-01
6.996349096298217773e-01
6.996185779571533203e-01
6.996023654937744141e-01
6.995861530303955078e-01
6.995698213577270508e-01
6.995537281036376953e-01
6.995374560356140137e-01
6.995213627815246582e-01
6.995051503181457520e-01
6.994890570640563965e-01
6.994729638099670410e-01
6.994568705558776855e-01
6.994407176971435547e-01
6.994247436523437500e-01
6.994087100028991699e-01
6.993926763534545898e-01
6.993767023086547852e-01
6.993607878684997559e-01
6.993448138236999512e-01
6.993288993835449219e-01
6.993129849433898926e-01
6.992971301078796387e-01
6.992812156677246094e-01
6.992653608322143555e-01
6.992494463920593262e-01
6.992337703704833984e-01
6.992179751396179199e-01
6.992021799087524414e-01
6.991863846778869629e-01
6.991707086563110352e-01
6.991549730300903320e-01
6.991392970085144043e-01
6.991236209869384766e-01
6.991079449653625488e-01
6.990922689437866211e-01
6.990767121315002441e-01
6.990611553192138672e-01
6.990455985069274902e-01
6.990299820899963379e-01
6.990143656730651855e-01
6.989989280700683594e-01
6.989834904670715332e-01
6.989679336547851562e-01
6.989524960517883301e-01
6.989370584487915039e-01
6.989216208457946777e-01
6.989061832427978516e-01
6.988908052444458008e-01
6.988754868507385254e-01
6.988601088523864746e-01
6.988447904586791992e-01
6.988294124603271484e-01
6.988142728805541992e-01
6.987989544868469238e-01
6.987836956977844238e-01
6.987684369087219238e-01
6.987532377243041992e-01
6.987379789352416992e-01
6.987228393554687500e-01
6.987076401710510254e-01
6.986925601959228516e-01
6.986774802207946777e-01
6.986622810363769531e-01
6.986472606658935547e-01
6.986321210861206055e-01
6.986171007156372070e-01
6.986020803451538086e-01
6.985871791839599609e-01
6.985720992088317871e-01
6.985571384429931641e-01
6.985421776771545410e-01
6.985272765159606934e-01
6.985123157501220703e-01
6.984973549842834473e-01
6.984825730323791504e-01
6.984676718711853027e-01
6.984528303146362305e-01
6.984380483627319336e-01
6.984232068061828613e-01
6.984084844589233398e-01
6.983937025070190430e-01
6.983789205551147461e-01
6.983641386032104492e-01
6.983494162559509277e-01
6.983346939086914062e-01
6.983200311660766602e-01
6.983054280281066895e-01
6.982907652854919434e-01
6.982761025428771973e-01
6.982614994049072266e-01
6.982468962669372559e-01
6.982324123382568359e-01
6.982178092002868652e-01
6.982032656669616699e-01
6.981888413429260254e-01
6.981741786003112793e-01
6.981597542762756348e-01
6.981453299522399902e-01
6.981307864189147949e-01
6.981163620948791504e-01
6.981019973754882812e-01
6.980876326560974121e-01
6.980732679367065430e-01
6.980588436126708984e-01
6.980444788932800293e-01
6.980302333831787109e-01
6.980159282684326172e-01
6.980015635490417480e-01
6.979873180389404297e-01
6.979730725288391113e-01
6.979587674140930176e-01
6.979445219039916992e-01
6.979303956031799316e-01
6.979161500930786133e-01
6.979019641876220703e-01
6.978878378868103027e-01
6.978736519813537598e-01
6.978595852851867676e-01
6.978454589843750000e-01
6.978313922882080078e-01
6.978173255920410156e-01
6.978032588958740234e-01
6.977892518043518066e-01
6.977751851081848145e-01
6.977611780166625977e-01
6.977472305297851562e-01
6.977332234382629395e-01
6.977192759513854980e-01
6.977053880691528320e-01
6.976915001869201660e-01
6.976775527000427246e-01
6.976636052131652832e-01
6.976497769355773926e-01
6.976358890533447266e-01
6.976221203804016113e-01
6.976081728935241699e-01
6.975944042205810547e-01
6.975806355476379395e-01
6.975668668746948242e-01
6.975530982017517090e-01
6.975393891334533691e-01
6.975256204605102539e-01
6.975119113922119141e-01
6.974982023239135742e-01
6.974844932556152344e-01
6.974709033966064453e-01
6.974572539329528809e-01
6.974436640739440918e-01
6.974299550056457520e-01
6.974163651466369629e-01
6.974028348922729492e-01
6.973892450332641602e-01
6.973757147789001465e-01
6.973621845245361328e-01
6.973487138748168945e-01
6.973351240158081055e-01
6.973216533660888672e-01
6.973081827163696289e-01
6.972947120666503906e-01
6.972813606262207031e-01
6.972678303718566895e-01
6.972544789314270020e-01
6.972410678863525391e-01
6.972276568412780762e-01
6.972143054008483887e-01
6.972008943557739258e-01
6.971876025199890137e-01
6.971742510795593262e-01
6.971610188484191895e-01
6.971476674079895020e-01
6.971344351768493652e-01
6.971212029457092285e-01
6.971079111099243164e-01
6.970947384834289551e-01
6.970814466476440430e-01
6.970683336257934570e-01
6.970551013946533203e-01
6.970419287681579590e-01
6.970287561416625977e-01
6.970156431198120117e-01
6.970156431198120117e-01
1.064934372901916504e+00
6.966801285743713379e-01
6.962475776672363281e-01
6.954148411750793457e-01
6.923583149909973145e-01
6.926047801971435547e-01
6.915377974510192871e-01
6.905284523963928223e-01
6.902449727058410645e-01
6.898177266120910645e-01
6.894339919090270996e-01
6.896623969078063965e-01
6.891812682151794434e-01
6.890166401863098145e-01
6.888946294784545898e-01
6.888597607612609863e-01
6.888386011123657227e-01
6.888021230697631836e-01
6.887068152427673340e-01
6.883359551429748535e-01
6.918265819549560547e-01
6.880556344985961914e-01
6.876421570777893066e-01
6.871107220649719238e-01
6.855935454368591309e-01
6.857303380966186523e-01
6.839629411697387695e-01
6.828646659851074219e-01
6.822601556777954102e-01
6.819030046463012695e-01
6.813774108886718750e-01
6.779760122299194336e-01
6.755801439285278320e-01
6.720699667930603027e-01
6.721960902214050293e-01
6.658916473388671875e-01
6.649045944213867188e-01
6.539211273193359375e-01
6.452925801277160645e-01
6.268423795700073242e-01
5.899035930633544922e-01
5.917369723320007324e-01
5.497089624404907227e-01
5.273776650428771973e-01
5.005788803100585938e-01
4.930265843868255615e-01
4.642310440540313721e-01
4.062947332859039307e-01
3.459821939468383789e-01
3.426789641380310059e-01
3.061420023441314697e-01
3.108279705047607422e-01
2.754814922809600830e-01
2.648605108261108398e-01
2.439731508493423462e-01
2.336596548557281494e-01
2.176720649003982544e-01
2.177532017230987549e-01
2.062354087829589844e-01
1.959704756736755371e-01
1.906794160604476929e-01
1.896574497222900391e-01
1.872955709695816040e-01
1.860583573579788208e-01
1.843713670969009399e-01
1.821869462728500366e-01
1.788565218448638916e-01
1.711886823177337646e-01
1.703935712575912476e-01
1.673538386821746826e-01
1.633255779743194580e-01
1.600789129734039307e-01
1.579416096210479736e-01
1.561840474605560303e-01
1.538080275058746338e-01
1.487229317426681519e-01
1.433552503585815430e-01
1.326364427804946899e-01
1.271708011627197266e-01
1.223491802811622620e-01
1.202392131090164185e-01
1.137374043464660645e-01
1.118503957986831665e-01
1.051759943366050720e-01
9.968645870685577393e-02
9.436582773923873901e-02
9.238328039646148682e-02
9.140659868717193604e-02
9.026892483234405518e-02
8.878883719444274902e-02
8.599568903446197510e-02
8.482463657855987549e-02
8.364168554544448853e-02
8.267610520124435425e-02
8.179355412721633911e-02
8.111628890037536621e-02
8.093103766441345215e-02
8.073788881301879883e-02
8.048070967197418213e-02
7.996408641338348389e-02
7.936537265777587891e-02
7.901719957590103149e-02
7.886720448732376099e-02
7.869386672973632812e-02
7.829794287681579590e-02
7.726833224296569824e-02
7.519961148500442505e-02
7.267341017723083496e-02
7.146862894296646118e-02
7.136119157075881958e-02
6.997208297252655029e-02
7.807438075542449951e-02
6.926771998405456543e-02
6.890076398849487305e-02
6.844932585954666138e-02
6.841066479682922363e-02
6.824089586734771729e-02
6.814984977245330811e-02
6.802542507648468018e-02
6.777746230363845825e-02
6.751841306686401367e-02
6.712584197521209717e-02
6.657396256923675537e-02
6.603349745273590088e-02
6.602709740400314331e-02
6.584939360618591309e-02
6.547123193740844727e-02
6.518445909023284912e-02
6.493762135505676270e-02
6.471227854490280151e-02
6.406789273023605347e-02
6.352927535772323608e-02
6.311774253845214844e-02
6.320095807313919067e-02
6.286911666393280029e-02
6.282668560743331909e-02
6.262579560279846191e-02
6.245660036802291870e-02
6.218506395816802979e-02
6.182484328746795654e-02
6.127178668975830078e-02
6.693698465824127197e-02
6.097177416086196899e-02
6.074039638042449951e-02
6.009846180677413940e-02
5.965160578489303589e-02
5.958551168441772461e-02
5.923720449209213257e-02
5.881125107407569885e-02
5.854078754782676697e-02
5.824661254882812500e-02
5.802174285054206848e-02
5.772879719734191895e-02
5.726146697998046875e-02
5.680192634463310242e-02
5.643139034509658813e-02
5.617402493953704834e-02
5.607217922806739807e-02
5.593664944171905518e-02
5.588126927614212036e-02
5.576788634061813354e-02
5.561737716197967529e-02
5.538251996040344238e-02
5.492947995662689209e-02
5.439029633998870850e-02
5.369057506322860718e-02
5.337381362915039062e-02
5.313836783170700073e-02
5.297360569238662720e-02
5.288331583142280579e-02
5.283658206462860107e-02
5.280565470457077026e-02
5.277488008141517639e-02
5.275101959705352783e-02
5.269961804151535034e-02
5.263522267341613770e-02
5.252339318394660950e-02
5.232919752597808838e-02
5.207840353250503540e-02
5.185857787728309631e-02
5.177164450287818909e-02
5.170357972383499146e-02
5.169583484530448914e-02
5.167031288146972656e-02
5.166327953338623047e-02
5.163962393999099731e-02
5.156788975000381470e-02
5.138323456048965454e-02
5.109997466206550598e-02
5.079554766416549683e-02
5.051513761281967163e-02
5.032094940543174744e-02
5.012734234333038330e-02
4.985107481479644775e-02
4.960372298955917358e-02
4.954039305448532104e-02
4.940260946750640869e-02
4.933458939194679260e-02
4.923313111066818237e-02
4.886826127767562866e-02
4.851575940847396851e-02
4.818222299218177795e-02
4.828816652297973633e-02
4.797965288162231445e-02
4.813437163829803467e-02
4.788912832736968994e-02
4.774393886327743530e-02
4.763080924749374390e-02
4.758284240961074829e-02
4.753299802541732788e-02
4.748644679784774780e-02
4.740770161151885986e-02
4.726816341280937195e-02
4.707464948296546936e-02
4.685935378074645996e-02
4.664904996752738953e-02
4.642865806818008423e-02
4.624316096305847168e-02
4.612344875931739807e-02
4.610187932848930359e-02
4.603270441293716431e-02
4.600632190704345703e-02
4.597196727991104126e-02
4.594554007053375244e-02
4.591841995716094971e-02
4.588376730680465698e-02
4.584324359893798828e-02
4.580775275826454163e-02
4.578239098191261292e-02
4.572947695851325989e-02
4.564257711172103882e-02
4.548101872205734253e-02
4.541409760713577271e-02
4.510719329118728638e-02
4.498762264847755432e-02
4.489935562014579773e-02
4.486112296581268311e-02
4.481535404920578003e-02
4.476633667945861816e-02
4.475818946957588196e-02
4.471720755100250244e-02
4.471348971128463745e-02
4.470835998654365540e-02
4.470585286617279053e-02
4.469902813434600830e-02
4.467935487627983093e-02
4.463843628764152527e-02
4.456334561109542847e-02
4.447276890277862549e-02
4.434926807880401611e-02
4.426249861717224121e-02
4.428135231137275696e-02
4.424349591135978699e-02
4.422342777252197266e-02
4.421217367053031921e-02
4.420615732669830322e-02
4.419656470417976379e-02
4.418277740478515625e-02
4.416485875844955444e-02
4.414036870002746582e-02
4.410896450281143188e-02
4.407653957605361938e-02
4.401593655347824097e-02
4.393824189901351929e-02
4.376710206270217896e-02
4.364890605211257935e-02
4.331326484680175781e-02
4.399764537811279297e-02
4.309517890214920044e-02
4.282864928245544434e-02
4.258681833744049072e-02
4.283782839775085449e-02
4.249047487974166870e-02
4.236610233783721924e-02
4.230616986751556396e-02
4.221712797880172729e-02
4.217454791069030762e-02
4.215821623802185059e-02
4.217964783310890198e-02
4.202155396342277527e-02
4.194355756044387817e-02
4.188772663474082947e-02
4.179071635007858276e-02
4.165570065379142761e-02
4.166311025619506836e-02
4.158710688352584839e-02
4.152781516313552856e-02
4.144476354122161865e-02
4.135010391473770142e-02
4.129297286272048950e-02
4.123150557279586792e-02
4.116798937320709229e-02
4.106977209448814392e-02
4.094625264406204224e-02
4.082420095801353455e-02
4.075426608324050903e-02
4.070255905389785767e-02
4.065509513020515442e-02
4.055523872375488281e-02
4.043030738830566406e-02
4.023334383964538574e-02
3.999397158622741699e-02
3.999966382980346680e-02
3.990095108747482300e-02
3.980666399002075195e-02
3.971623629331588745e-02
3.961276635527610779e-02
3.964915126562118530e-02
3.958620131015777588e-02
3.955660015344619751e-02
3.949737921357154846e-02
3.947365283966064453e-02
3.943811357021331787e-02
3.938202559947967529e-02
3.926452994346618652e-02
3.917541727423667908e-02
3.892102837562561035e-02
3.965719789266586304e-02
3.877492621541023254e-02
3.861749172210693359e-02
3.852032870054244995e-02
3.856497630476951599e-02
3.837899118661880493e-02
3.829942271113395691e-02
3.820582479238510132e-02
3.812966495752334595e-02
3.804199397563934326e-02
3.798400238156318665e-02
3.795040771365165710e-02
3.787771984934806824e-02
3.770980983972549438e-02
3.744222968816757202e-02
3.712563961744308472e-02
3.685148060321807861e-02
3.693653643131256104e-02
3.670142218470573425e-02
3.658878058195114136e-02
3.633284568786621094e-02
3.613774105906486511e-02
3.584424406290054321e-02
3.553605824708938599e-02
3.549741208553314209e-02
3.542593494057655334e-02
3.533893078565597534e-02
3.530199080705642700e-02
3.526464104652404785e-02
3.520191833376884460e-02
3.508882969617843628e-02
3.495908901095390320e-02
3.478502482175827026e-02
3.458875790238380432e-02
3.435923531651496887e-02
3.414974361658096313e-02
3.373844921588897705e-02
3.308524191379547119e-02
3.214783221483230591e-02
3.165527060627937317e-02
3.104345872998237610e-02
3.077801316976547241e-02
3.012866154313087463e-02
2.988262847065925598e-02
2.952112630009651184e-02
2.932093106210231781e-02
2.914918400347232819e-02
2.897195145487785339e-02
2.886491268873214722e-02
2.869113534688949585e-02
2.844467014074325562e-02
2.807304076850414276e-02
2.748816460371017456e-02
2.668613567948341370e-02
2.652787789702415466e-02
2.625435963273048401e-02
2.625006809830665588e-02
2.609806694090366364e-02
2.609078213572502136e-02
2.590172737836837769e-02
2.579380571842193604e-02
2.561533078551292419e-02
2.543212473392486572e-02
2.521863207221031189e-02
2.498802170157432556e-02
2.479923889040946960e-02
2.472514472901821136e-02
2.468657307326793671e-02
2.464093081653118134e-02
2.459259144961833954e-02
2.452169172465801239e-02
2.424756810069084167e-02
2.398032695055007935e-02
2.467730641365051270e-02
2.370888926088809967e-02
2.323536202311515808e-02
2.367447130382061005e-02
2.307071909308433533e-02
2.267787605524063110e-02
2.244943007826805115e-02
2.218374982476234436e-02
2.200910262763500214e-02
2.178897708654403687e-02
2.161885052919387817e-02
2.150758914649486542e-02
2.143254131078720093e-02
2.135644108057022095e-02
2.112643048167228699e-02
2.091528289020061493e-02
2.056553214788436890e-02
2.019268274307250977e-02
1.993806660175323486e-02
1.975705288350582123e-02
1.966507546603679657e-02
1.956136710941791534e-02
1.941411755979061127e-02
1.932737603783607483e-02
1.916882395744323730e-02
1.903245970606803894e-02
1.872966811060905457e-02
1.840674132108688354e-02
1.818322204053401947e-02
1.806105300784111023e-02
1.791491173207759857e-02
1.786343939602375031e-02
1.783208176493644714e-02
1.780240237712860107e-02
1.777826249599456787e-02
1.774105615913867950e-02
1.771024987101554871e-02
1.766145788133144379e-02
1.782537996768951416e-02
1.763070374727249146e-02
1.757418364286422729e-02
1.736828684806823730e-02
1.727858185768127441e-02
1.719766110181808472e-02
1.713814027607440948e-02
1.709202118217945099e-02
1.705825515091419220e-02
1.700522191822528839e-02
1.695510931313037872e-02
1.690965332090854645e-02
1.686161011457443237e-02
1.680914126336574554e-02
1.673055812716484070e-02
1.665827631950378418e-02
1.658075675368309021e-02
1.646350696682929993e-02
1.638406515121459961e-02
1.624841429293155670e-02
1.612108759582042694e-02
1.588118635118007660e-02
1.573899202048778534e-02
1.564757525920867920e-02
1.562192197889089584e-02
1.559212431311607361e-02
1.556556578725576401e-02
1.553903333842754364e-02
1.551098283380270004e-02
1.546221040189266205e-02
1.539104804396629333e-02
1.525020040571689606e-02
1.515086181461811066e-02
1.513985358178615570e-02
1.501457300037145615e-02
1.498742122203111649e-02
1.477702707052230835e-02
1.465216651558876038e-02
1.452614553272724152e-02
1.445289328694343567e-02
1.440418325364589691e-02
1.437029615044593811e-02
1.433025486767292023e-02
1.429446507245302200e-02
1.424200646579265594e-02
1.419343892484903336e-02
1.413555815815925598e-02
1.404024288058280945e-02
1.391031220555305481e-02
1.375084277242422104e-02
1.357293874025344849e-02
1.339023560285568237e-02
1.325432211160659790e-02
1.319392770528793335e-02
1.315204240381717682e-02
1.310849655419588089e-02
1.304976083338260651e-02
1.297617889940738678e-02
1.290382817387580872e-02
1.279189437627792358e-02
1.267555542290210724e-02
1.262277737259864807e-02
1.256824005395174026e-02
1.253104116767644882e-02
1.249630004167556763e-02
1.245371997356414795e-02
1.238179206848144531e-02
1.231734640896320343e-02
1.240609865635633469e-02
1.228829473257064819e-02
1.221220567822456360e-02
1.214823219925165176e-02
1.198449637740850449e-02
1.187857706099748611e-02
1.180114224553108215e-02
1.175186224281787872e-02
1.171665545552968979e-02
1.165401004254817963e-02
1.161458715796470642e-02
1.154808048158884048e-02
1.147820055484771729e-02
1.143171079456806183e-02
1.138603687286376953e-02
1.135665737092494965e-02
1.132363080978393555e-02
1.130701415240764618e-02
1.128296740353107452e-02
1.126094534993171692e-02
1.123662013560533524e-02
1.120884157717227936e-02
1.119989622384309769e-02
1.119170431047677994e-02
1.118108816444873810e-02
1.117011811584234238e-02
1.115766260772943497e-02
1.114081963896751404e-02
1.110620610415935516e-02
1.107014063745737076e-02
1.099256146699190140e-02
1.092990208417177200e-02
1.084120664745569229e-02
1.076103001832962036e-02
1.070283167064189911e-02
1.071661617606878281e-02
1.066262274980545044e-02
1.060937717556953430e-02
1.057420112192630768e-02
1.055549085140228271e-02
1.054685097187757492e-02
1.054054684937000275e-02
1.053247600793838501e-02
1.052706316113471985e-02
1.052158698439598083e-02
1.051616854965686798e-02
1.051187887787818909e-02
1.050581317394971848e-02
1.050044968724250793e-02
1.049380190670490265e-02
1.048721652477979660e-02
1.047833263874053955e-02
1.046225987374782562e-02
1.044971961528062820e-02
1.044088322669267654e-02
1.042602397501468658e-02
1.040788181126117706e-02
1.038055215030908585e-02
1.034987624734640121e-02
1.032877899706363678e-02
1.030126679688692093e-02
1.025782991200685501e-02
1.083224639296531677e-02
1.024581305682659149e-02
1.018034853041172028e-02
1.013096142560243607e-02
1.010201778262853622e-02
1.008050050586462021e-02
1.006695255637168884e-02
1.006179209798574448e-02
1.005817204713821411e-02
1.005382835865020752e-02
1.005028188228607178e-02
1.004577614367008209e-02
1.004207972437143326e-02
1.003923080861568451e-02
1.003739424049854279e-02
1.003572717308998108e-02
1.003909017890691757e-02
1.003457326442003250e-02
1.003241073340177536e-02
1.002986356616020203e-02
1.002752780914306641e-02
1.002424210309982300e-02
1.002060528844594955e-02
1.001545321196317673e-02
1.000999566167593002e-02
9.997246786952018738e-03
9.981486946344375610e-03
9.951978921890258789e-03
9.909229353070259094e-03
9.935017675161361694e-03
9.877403266727924347e-03
9.822215884923934937e-03
9.783755987882614136e-03
9.734045714139938354e-03
9.704683907330036163e-03
9.659620933234691620e-03
9.591341018676757812e-03
9.457506239414215088e-03
9.353904053568840027e-03
9.266564622521400452e-03
9.232550859451293945e-03
9.242695756256580353e-03
9.208856150507926941e-03
9.168984368443489075e-03
9.134167805314064026e-03
9.082512930035591125e-03
9.058654308319091797e-03
9.044365026056766510e-03
9.032130241394042969e-03
9.020878933370113373e-03
9.010300040245056152e-03
9.021485224366188049e-03
9.006189182400703430e-03
8.996564894914627075e-03
8.989025838673114777e-03
8.981012739241123199e-03
8.972186595201492310e-03
8.965628221631050110e-03
8.959269151091575623e-03
8.952446281909942627e-03
8.944411762058734894e-03
8.928807452321052551e-03
8.916002698242664337e-03
8.901230990886688232e-03
8.885171264410018921e-03
8.862900547683238983e-03
8.838477544486522675e-03
8.807813748717308044e-03
8.791242726147174835e-03
8.742956444621086121e-03
8.721989579498767853e-03
8.673209697008132935e-03
8.616974577307701111e-03
8.556315675377845764e-03
8.455272763967514038e-03
8.380866609513759613e-03
8.288348093628883362e-03
8.165444247424602509e-03
8.124226704239845276e-03
8.081549778580665588e-03
7.985628210008144379e-03
7.910266518592834473e-03
7.805122062563896179e-03
7.710160221904516220e-03
7.734614424407482147e-03
7.675617001950740814e-03
7.622185163199901581e-03
7.557750679552555084e-03
7.488237228244543076e-03
7.434936705976724625e-03
7.393848150968551636e-03
7.367068901658058167e-03
7.348549086600542068e-03
7.328343112021684647e-03
7.309375796467065811e-03
7.292418275028467178e-03
7.271462120115756989e-03
7.239171303808689117e-03
7.211754564195871353e-03
7.188358344137668610e-03
7.170330267399549484e-03
7.152268197387456894e-03
7.120365276932716370e-03
7.096129003912210464e-03
7.075380533933639526e-03
7.062149234116077423e-03
7.045047357678413391e-03
7.025198545306921005e-03
7.012872956693172455e-03
6.996685639023780823e-03
6.973859854042530060e-03
6.952810566872358322e-03
6.928940769284963608e-03
6.904635578393936157e-03
6.882507354021072388e-03
6.862842012196779251e-03
6.849006284028291702e-03
6.828679703176021576e-03
6.801963318139314651e-03
6.775229237973690033e-03
6.751371547579765320e-03
6.733732763677835464e-03
6.714307703077793121e-03
6.687096785753965378e-03
6.670823320746421814e-03
6.651429459452629089e-03
6.632103584706783295e-03
6.613899953663349152e-03
6.582712754607200623e-03
6.568581331521272659e-03
6.541442591696977615e-03
6.517735309898853302e-03
6.468932144343852997e-03
6.412663497030735016e-03
6.430501118302345276e-03
6.386679597198963165e-03
6.334508769214153290e-03
6.250005215406417847e-03
6.334693171083927155e-03
6.224940065294504166e-03
6.172346882522106171e-03
6.137193180620670319e-03
6.113975774496793747e-03
6.098177749663591385e-03
6.086549255996942520e-03
6.071456242352724075e-03
6.055056117475032806e-03
6.085750646889209747e-03
6.041774991899728775e-03
6.025664974004030228e-03
6.012892816215753555e-03
6.000897381454706192e-03
5.969018675386905670e-03
5.938968155533075333e-03
5.916220135986804962e-03
5.852091591805219650e-03
5.821324419230222702e-03
5.790489260107278824e-03
5.756189115345478058e-03
5.733038764446973801e-03
5.740324035286903381e-03
5.721248686313629150e-03
5.700220353901386261e-03
5.685194395482540131e-03
5.677250213921070099e-03
5.668318364769220352e-03
5.657169036567211151e-03
5.648392252624034882e-03
5.637706723064184189e-03
5.620459560304880142e-03
5.638408940285444260e-03
5.604217760264873505e-03
5.575726740062236786e-03
5.541262682527303696e-03
5.517561919987201691e-03
5.495838820934295654e-03
5.477062892168760300e-03
5.466655362397432327e-03
5.457731895148754120e-03
5.448646377772092819e-03
5.437106825411319733e-03
5.426009651273488998e-03
5.410428158938884735e-03
5.391511134803295135e-03
5.373796448111534119e-03
5.359603092074394226e-03
5.342517513781785965e-03
5.318146198987960815e-03
5.306829698383808136e-03
5.281994119286537170e-03
5.275131203234195709e-03
5.270346067845821381e-03
5.266738589853048325e-03
5.262612365186214447e-03
5.260535981506109238e-03
5.257186014205217361e-03
5.255353171378374100e-03
5.249174311757087708e-03
5.244254600256681442e-03
5.240259226411581039e-03
5.229606293141841888e-03
5.223753396421670914e-03
5.203644745051860809e-03
5.185445770621299744e-03
5.161681212484836578e-03
5.151635967195034027e-03
5.105725489556789398e-03
5.065021105110645294e-03
5.000682547688484192e-03
4.944248124957084656e-03
4.921183921396732330e-03
4.892958793789148331e-03
4.873901139944791794e-03
4.847653675824403763e-03
4.820740316063165665e-03
4.793801810592412949e-03
4.767569247633218765e-03
4.737064242362976074e-03
4.704202525317668915e-03
4.682851955294609070e-03
4.670092836022377014e-03
4.657119512557983398e-03
4.646070767194032669e-03
4.627433605492115021e-03
4.608292598277330399e-03
4.584683571010828018e-03
4.559453576803207397e-03
4.530451260507106781e-03
4.505392163991928101e-03
4.483334720134735107e-03
4.471986554563045502e-03
4.459708929061889648e-03
4.452748224139213562e-03
4.447569604963064194e-03
4.441757220774888992e-03
4.434325732290744781e-03
4.422667436301708221e-03
4.412304144352674484e-03
4.398701246827840805e-03
4.379689693450927734e-03
4.357733298093080521e-03
4.335075616836547852e-03
4.314574413001537323e-03
4.299021326005458832e-03
4.286884330213069916e-03
4.273516591638326645e-03
4.263070877641439438e-03
4.251514095813035965e-03
4.236333072185516357e-03
4.330627154558897018e-03
4.229830112308263779e-03
4.211855586618185043e-03
4.186789505183696747e-03
4.163859412074089050e-03
4.148027859628200531e-03
4.136469215154647827e-03
4.131490364670753479e-03
4.126051906496286392e-03
4.116949625313282013e-03
4.106966312974691391e-03
4.085304681211709976e-03
4.063876811414957047e-03
4.041400272399187088e-03
4.021422471851110458e-03
4.009879194200038910e-03
3.998836502432823181e-03
3.982632886618375778e-03
3.961867187172174454e-03
3.936711698770523071e-03
3.912035375833511353e-03
3.890523687005043030e-03
3.861164906993508339e-03
3.846806939691305161e-03
3.811354516074061394e-03
3.790833754464983940e-03
3.764308057725429535e-03
3.731755074113607407e-03
3.718130756169557571e-03
3.702251706272363663e-03
3.689387813210487366e-03
3.678096923977136612e-03
3.667459823191165924e-03
3.650005441159009933e-03
3.645278513431549072e-03
3.625633195042610168e-03
3.616860834881663322e-03
3.608404193073511124e-03
3.600440453737974167e-03
3.606315702199935913e-03
3.597382456064224243e-03
3.594231326133012772e-03
3.590970300137996674e-03
3.588419407606124878e-03
3.583095967769622803e-03
3.577397204935550690e-03
3.569923108443617821e-03
3.560510464012622833e-03
3.553753718733787537e-03
3.548507113009691238e-03
3.542050486430525780e-03
3.535218304023146629e-03
3.527397522702813148e-03
3.521879669278860092e-03
3.517667762935161591e-03
3.514101728796958923e-03
3.510720329359173775e-03
3.506860695779323578e-03
3.502413630485534668e-03
3.499646205455064774e-03
3.495338372886180878e-03
3.493303433060646057e-03
3.484942484647035599e-03
3.478499595075845718e-03
3.470960306003689766e-03
3.460377920418977737e-03
3.449724288657307625e-03
3.430616110563278198e-03
3.414918202906847000e-03
3.802441759034991264e-03
3.409856697544455528e-03
3.397917374968528748e-03
3.392491955310106277e-03
3.384022042155265808e-03
3.378451801836490631e-03
3.371376544237136841e-03
3.365455660969018936e-03
3.357015550136566162e-03
3.349002916365861893e-03
3.340310882776975632e-03
3.489595372229814529e-03
3.338459879159927368e-03
3.334438893944025040e-03
3.329658415168523788e-03
3.326770383864641190e-03
3.322463948279619217e-03
3.318502334877848625e-03
3.314041066914796829e-03
3.308275248855352402e-03
3.302809316664934158e-03
3.323069773614406586e-03
3.300565527752041817e-03
3.296435810625553131e-03
3.289710264652967453e-03
3.281435929238796234e-03
3.328099846839904785e-03
3.274387214332818985e-03
3.256340976804494858e-03
3.238437231630086899e-03
3.227512352168560028e-03
3.209993708878755569e-03
3.190752817317843437e-03
3.166809678077697754e-03
3.162728622555732727e-03
3.153199329972267151e-03
3.140832064673304558e-03
3.133324906229972839e-03
3.112402744591236115e-03
3.102410351857542992e-03
3.084389492869377136e-03
3.084074007347226143e-03
3.072534222155809402e-03
3.049855353310704231e-03
3.030032850801944733e-03
3.017574083060026169e-03
3.004272468388080597e-03
2.993633504956960678e-03
2.986692124977707863e-03
2.981580793857574463e-03
2.976160962134599686e-03
2.970227273181080818e-03
2.961874008178710938e-03
2.950442023575305939e-03
2.935091499239206314e-03
2.924366854131221771e-03
2.908333670347929001e-03
2.901006722822785378e-03
2.889123046770691872e-03
2.872312674298882484e-03
2.859851811081171036e-03
2.852402394637465477e-03
2.846447052434086800e-03
2.837777370586991310e-03
2.826637122780084610e-03
2.813708037137985229e-03
2.814188133925199509e-03
2.805147320032119751e-03
2.795179374516010284e-03
2.780932467430830002e-03
2.772673964500427246e-03
2.766587072983384132e-03
2.762508112937211990e-03
2.763858996331691742e-03
2.758527640253305435e-03
2.754551358520984650e-03
2.750386716797947884e-03
2.744071651250123978e-03
2.739564748480916023e-03
2.733560744673013687e-03
2.726118545979261398e-03
2.712966874241828918e-03
2.705916529521346092e-03
2.700674114748835564e-03
2.698331372812390327e-03
2.697378396987915039e-03
2.695349277928471565e-03
2.692569047212600708e-03
2.692748093977570534e-03
2.689462853595614433e-03
2.685849089175462723e-03
2.677839715033769608e-03
2.660667290911078453e-03
2.652299124747514725e-03
2.638965845108032227e-03
2.638336736708879471e-03
2.634799573570489883e-03
2.627510344609618187e-03
2.624290762469172478e-03
2.621526829898357391e-03
2.619485370814800262e-03
2.618025057017803192e-03
2.615907927975058556e-03
2.613497199490666389e-03
2.609271788969635963e-03
2.604352543130517006e-03
2.597742481157183647e-03
2.585077425464987755e-03
2.575694583356380463e-03
2.568665891885757446e-03
2.560984110459685326e-03
2.557293511927127838e-03
2.549869939684867859e-03
2.545105293393135071e-03
2.528672106564044952e-03
2.511966973543167114e-03
2.492847386747598648e-03
2.479990012943744659e-03
2.469453494995832443e-03
2.465996425598859787e-03
2.463614335283637047e-03
2.461373107507824898e-03
2.461641794070601463e-03
2.459729788824915886e-03
2.455381210893392563e-03
2.451996086165308952e-03
2.448653802275657654e-03
2.446231199428439140e-03
2.444458426907658577e-03
2.448046579957008362e-03
2.441339893266558647e-03
2.438116818666458130e-03
2.433595247566699982e-03
2.418826101347804070e-03
2.427709056064486504e-03
2.414572983980178833e-03
2.403088612481951714e-03
2.390141366049647331e-03
2.384705934673547745e-03
2.381913829594850540e-03
2.377698663622140884e-03
2.372522605583071709e-03
2.368611982092261314e-03
2.365031745284795761e-03
2.360065700486302376e-03
2.351080067455768585e-03
2.337905811145901680e-03
2.319388324394822121e-03
2.296886872500181198e-03
2.284540794789791107e-03
2.278551226481795311e-03
2.273791003972291946e-03
2.268919022753834724e-03
2.263042842969298363e-03
2.259261440485715866e-03
2.345996443182229996e-03
2.258514985442161560e-03
2.256466541439294815e-03
2.253369428217411041e-03
2.251547994092106819e-03
2.249548211693763733e-03
2.247341908514499664e-03
2.243754221126437187e-03
2.239006338641047478e-03
2.231240272521972656e-03
2.223411574959754944e-03
2.220660680904984474e-03
2.205636352300643921e-03
2.198813250288367271e-03
2.188520273193717003e-03
2.176129491999745369e-03
2.164993667975068092e-03
2.154204295948147774e-03
2.150031737983226776e-03
2.146660117432475090e-03
2.144302707165479660e-03
2.142219804227352142e-03
2.139541553333401680e-03
2.135015325620770454e-03
2.132792025804519653e-03
2.124935388565063477e-03
2.116656396538019180e-03
2.091407543048262596e-03
2.075184369459748268e-03
2.059262711554765701e-03
2.044789027422666550e-03
2.033041324466466904e-03
2.024417975917458534e-03
2.015730133280158043e-03
2.008889568969607353e-03
2.002535620704293251e-03
1.994169317185878754e-03
1.987766707316040993e-03
1.983190653845667839e-03
1.977391075342893600e-03
1.970038283616304398e-03
1.962689217180013657e-03
1.954292878508567810e-03
1.937235589139163494e-03
1.942593604326248169e-03
1.931951381266117096e-03
1.922622555866837502e-03
1.909402315504848957e-03
1.901668962091207504e-03
1.895517576485872269e-03
1.888468163087964058e-03
1.883671851828694344e-03
1.880314550362527370e-03
1.873972942121326923e-03
1.865065656602382660e-03
1.856073853559792042e-03
1.847954816184937954e-03
1.841477933339774609e-03
1.834691967815160751e-03
1.826293533667922020e-03
1.819647266529500484e-03
1.815949217416346073e-03
1.809441717341542244e-03
1.805634819902479649e-03
1.798075158149003983e-03
1.789716305211186409e-03
1.775478245690464973e-03
1.848472049459815025e-03
1.762630068697035313e-03
1.749989576637744904e-03
1.727244583889842033e-03
1.722821034491062164e-03
1.711967866867780685e-03
1.708991127088665962e-03
1.703349989838898182e-03
1.699544023722410202e-03
1.697703148238360882e-03
1.696067629382014275e-03
1.693847123533487320e-03
1.690078061074018478e-03
1.686348346993327141e-03
1.682981732301414013e-03
1.679049339145421982e-03
1.675670966506004333e-03
1.671254285611212254e-03
1.669046119786798954e-03
1.668421900831162930e-03
1.664821873418986797e-03
1.663665752857923508e-03
1.662562717683613300e-03
1.659184577874839306e-03
1.658185035921633244e-03
1.657108077779412270e-03
1.655727042816579342e-03
1.655077794566750526e-03
1.654580817557871342e-03
1.653673476539552212e-03
1.652579871006309986e-03
1.650110818445682526e-03
1.647005323320627213e-03
1.642600982449948788e-03
1.639974652789533138e-03
1.636517932638525963e-03
1.633284380659461021e-03
1.629217644222080708e-03
1.622552983462810516e-03
1.615348039194941521e-03
1.608659280464053154e-03
1.599428011104464531e-03
1.592074986547231674e-03
1.630869228392839432e-03
1.590077416040003300e-03
1.584000652655959129e-03
1.582572120241820812e-03
1.580659882165491581e-03
1.579064643010497093e-03
1.575926435180008411e-03
1.577223651111125946e-03
1.574101159349083900e-03
1.570757012814283371e-03
1.567626255564391613e-03
1.562749384902417660e-03
1.556850504130125046e-03
1.551674329675734043e-03
1.547717605717480183e-03
1.544315950013697147e-03
1.539043383672833443e-03
1.533894333988428116e-03
1.530731329694390297e-03
1.525448053143918514e-03
1.521376892924308777e-03
1.517799217253923416e-03
1.513841911219060421e-03
1.542038633488118649e-03
1.511946553364396095e-03
1.508315210230648518e-03
1.506040454842150211e-03
1.504553714767098427e-03
1.502941478975117207e-03
1.501891645602881908e-03
1.501243910752236843e-03
1.500296406447887421e-03
1.499195583164691925e-03
1.496975659392774105e-03
1.496319659054279327e-03
1.491741277277469635e-03
1.489419140852987766e-03
1.486510736867785454e-03
1.484435750171542168e-03
1.480514416471123695e-03
1.477695535868406296e-03
1.475326716899871826e-03
1.472522271797060966e-03
1.468392321839928627e-03
1.464898115955293179e-03
1.461598789319396019e-03
1.466763322241604328e-03
1.459621824324131012e-03
1.455853693187236786e-03
1.451169489882886410e-03
1.446271897293627262e-03
1.439703162759542465e-03
1.433894387446343899e-03
1.430045347660779953e-03
1.426444621756672859e-03
1.422852161340415478e-03
1.416913699358701706e-03
1.416566432453691959e-03
1.413642894476652145e-03
1.408351468853652477e-03
1.402389840222895145e-03
1.406051102094352245e-03
1.399530679918825626e-03
1.394568243995308876e-03
1.390892313793301582e-03
1.388405915349721909e-03
1.386579941026866436e-03
1.383326482027769089e-03
1.379656139761209488e-03
1.375727122649550438e-03
1.373199396766722202e-03
1.370901940390467644e-03
1.368197379633784294e-03
1.364843919873237610e-03
1.357909990474581718e-03
1.361011061817407608e-03
1.355009153485298157e-03
1.351070473901927471e-03
1.349292928352952003e-03
1.343508367426693439e-03
1.341058989055454731e-03
1.338488189503550529e-03
1.336268847808241844e-03
1.335572451353073120e-03
1.332646119408309460e-03
1.331175328232347965e-03
1.329367747530341148e-03
1.326472032815217972e-03
1.323625212535262108e-03
1.321388524957001209e-03
1.318713068030774593e-03
1.314208959229290485e-03
1.309216720983386040e-03
1.306622405536472797e-03
1.302672899328172207e-03
1.300385105423629284e-03
1.297996263019740582e-03
1.296117668971419334e-03
1.294566201977431774e-03
1.293771900236606598e-03
1.291061867959797382e-03
1.289206091314554214e-03
1.287309569306671619e-03
1.284219324588775635e-03
1.280976575799286366e-03
1.275437651202082634e-03
1.268564024940133095e-03
1.264512189663946629e-03
1.260236836969852448e-03
1.258565578609704971e-03
1.256123185157775879e-03
1.254171365872025490e-03
1.252768444828689098e-03
1.249760854989290237e-03
1.247119274921715260e-03
1.243740902282297611e-03
1.241156598553061485e-03
1.238961238414049149e-03
1.236792188137769699e-03
1.234499970450997353e-03
1.232877606526017189e-03
1.236651092767715454e-03
1.231778645887970924e-03
1.230532303452491760e-03
1.229190733283758163e-03
1.227811211720108986e-03
1.226355321705341339e-03
1.225038315169513226e-03
1.223025610670447350e-03
1.220495672896504402e-03
1.216969219967722893e-03
1.212897361256182194e-03
1.210322603583335876e-03
1.206585555337369442e-03
1.202969462610781193e-03
1.198482001200318336e-03
1.196485012769699097e-03
1.194127602502703667e-03
1.192322233691811562e-03
1.189259812235832214e-03
1.184161053970456123e-03
1.178001984953880310e-03
1.172279706224799156e-03
1.168152666650712490e-03
1.166212372481822968e-03
1.165078021585941315e-03
1.164354616776108742e-03
1.163506414741277695e-03
1.162105589173734188e-03
1.161964959464967251e-03
1.161250169388949871e-03
1.159737235866487026e-03
1.158915110863745213e-03
1.157809048891067505e-03
1.156896585598587990e-03
1.155464909970760345e-03
1.154363155364990234e-03
1.153759309090673923e-03
1.152995158918201923e-03
1.150331809185445309e-03
1.148971845395863056e-03
1.147192437201738358e-03
1.145569374784827232e-03
1.145787304267287254e-03
1.144736888818442822e-03
1.144173089414834976e-03
1.143174711614847183e-03
1.142794033512473106e-03
1.142330002039670944e-03
1.141865737736225128e-03
1.141927205026149750e-03
1.141613582149147987e-03
1.141159096732735634e-03
1.140689942985773087e-03
1.140148262493312359e-03
1.139736152254045010e-03
1.139298779889941216e-03
1.138567342422902584e-03
1.137767336331307888e-03
1.136000850237905979e-03
1.134715043008327484e-03
1.132183591835200787e-03
1.130109536461532116e-03
1.127694617025554180e-03
1.126186805777251720e-03
1.122939283959567547e-03
1.119681401178240776e-03
1.115533290430903435e-03
1.112835016101598740e-03
1.114970305934548378e-03
1.111792516894638538e-03
1.110296114347875118e-03
1.108162337914109230e-03
1.106583629734814167e-03
1.104703987948596478e-03
1.102716079913079739e-03
1.101271249353885651e-03
1.099661691114306450e-03
1.097893342375755310e-03
1.096190186217427254e-03
1.097892061807215214e-03
1.095612649805843830e-03
1.094378414563834667e-03
1.093520782887935638e-03
1.092782360501587391e-03
1.091757207177579403e-03
1.091870013624429703e-03
1.090970356017351151e-03
1.089411438442766666e-03
1.087809097953140736e-03
1.086088130250573158e-03
1.084171002730727196e-03
1.081329770386219025e-03
1.076880842447280884e-03
1.071019214577972889e-03
1.063628587871789932e-03
1.060237875208258629e-03
1.057048328220844269e-03
1.054891967214643955e-03
1.051067141816020012e-03
1.047280849888920784e-03
1.043543335981667042e-03
1.044616336002945900e-03
1.040905946865677834e-03
1.038764137774705887e-03
1.037336071021854877e-03
1.034841639921069145e-03
1.032208791002631187e-03
1.028686529025435448e-03
1.025469857268035412e-03
1.037811976857483387e-03
1.022974611259996891e-03
1.016875845380127430e-03
1.011206302791833878e-03
1.005538972094655037e-03
1.000858377665281296e-03
9.951626416295766830e-04
9.894196409732103348e-04
9.874299867078661919e-04
9.855610551312565804e-04
9.835488162934780121e-04
9.802093263715505600e-04
9.774341015145182610e-04
9.756411891430616379e-04
9.741008398123085499e-04
9.733007755130529404e-04
9.722763206809759140e-04
9.699570946395397186e-04
9.681184310466051102e-04
9.670639410614967346e-04
9.656229522079229355e-04
9.644100791774690151e-04
9.622543002478778362e-04
9.596117888577282429e-04
9.581078775227069855e-04
9.593379800207912922e-04
9.576213778927922249e-04
9.568108944222331047e-04
9.558575693517923355e-04
9.566019289195537567e-04
9.550991235300898552e-04
9.536723373457789421e-04
9.524132474325597286e-04
9.514660923741757870e-04
9.501841850578784943e-04
9.484912734478712082e-04
9.470679215155541897e-04
9.444958996027708054e-04
9.430650970898568630e-04
9.415922104381024837e-04
9.372254135087132454e-04
9.347618324682116508e-04
9.316997020505368710e-04
9.304137784056365490e-04
9.290971211157739162e-04
9.273593313992023468e-04
9.252435993403196335e-04
9.221040527336299419e-04
9.200125932693481445e-04
9.180678753182291985e-04
9.159783949144184589e-04
9.129100944846868515e-04
9.105648496188223362e-04
9.083173936232924461e-04
9.073610417544841766e-04
9.062106837518513203e-04
9.038159623742103577e-04
9.008039487525820732e-04
8.991397917270660400e-04
9.003470768220722675e-04
8.967544417828321457e-04
8.950826013460755348e-04
8.923219284042716026e-04
8.899467065930366516e-04
8.863418479450047016e-04
8.844779222272336483e-04
8.812874439172446728e-04
8.796137990429997444e-04
8.780707139521837234e-04
8.769395644776523113e-04
8.764173835515975952e-04
8.743468206375837326e-04
8.732888381928205490e-04
8.720990736037492752e-04
8.704873034730553627e-04
8.675773860886693001e-04
8.641529711894690990e-04
8.618197171017527580e-04
8.605024777352809906e-04
8.588746422901749611e-04
8.973168442025780678e-04
8.581345318816602230e-04
8.560897549614310265e-04
8.547523757442831993e-04
8.525683078914880753e-04
8.515047375112771988e-04
8.505298756062984467e-04
8.499826071783900261e-04
8.490983163937926292e-04
8.485071593895554543e-04
8.487708400934934616e-04
8.479629759676754475e-04
8.471730398014187813e-04
8.463258272968232632e-04
8.457559160888195038e-04
8.452869951725006104e-04
8.446598658338189125e-04
8.440475794486701488e-04
8.434105548076331615e-04
8.429326699115335941e-04
8.426479180343449116e-04
8.422548417001962662e-04
8.416892378591001034e-04
8.405465632677078247e-04
8.415094926021993160e-04
8.400756632909178734e-04
8.394897449761629105e-04
8.389768190681934357e-04
8.392249001190066338e-04
8.388604037463665009e-04
8.385087712667882442e-04
8.376044570468366146e-04
8.365766843780875206e-04
8.355285390280187130e-04
8.346901158802211285e-04
8.339971536770462990e-04
8.335720049217343330e-04
8.328630356118083000e-04
8.322700159624218941e-04
8.313243743032217026e-04
8.306276286020874977e-04
8.298699976876378059e-04
8.290660916827619076e-04
8.278505410999059677e-04
8.264630450867116451e-04
8.250173996202647686e-04
8.235825807787477970e-04
8.219908922910690308e-04
8.225097553804516792e-04
8.209942607209086418e-04
8.192855748347938061e-04
8.174213580787181854e-04
8.159955614246428013e-04
8.154650568030774593e-04
8.144362363964319229e-04
8.138953126035630703e-04
8.132444927468895912e-04
8.125546155497431755e-04
8.120227721519768238e-04
8.116566459648311138e-04
8.109040791168808937e-04
8.099845144897699356e-04
8.788431878201663494e-04
8.095842786133289337e-04
8.082741987891495228e-04
8.062559645622968674e-04
8.045019349083304405e-04
8.021799731068313122e-04
7.999599911272525787e-04
7.988709257915616035e-04
7.980386726558208466e-04
7.972803432494401932e-04
7.964265532791614532e-04
7.970678852871060371e-04
7.961547235026955605e-04
7.958097266964614391e-04
7.950116414576768875e-04
7.939790957607328892e-04
8.073248318396508694e-04
7.934905588626861572e-04
7.918554474599659443e-04
7.906589889898896217e-04
7.888536783866584301e-04
7.862671045586466789e-04
8.064862340688705444e-04
7.858111057430505753e-04
7.828212110325694084e-04
7.801345782354474068e-04
7.835900178179144859e-04
7.779817096889019012e-04
7.751214434392750263e-04
7.721562869846820831e-04
7.696443353779613972e-04
7.671890198253095150e-04
7.648537866771221161e-04
7.627054583281278610e-04
7.612061453983187675e-04
7.603786652907729149e-04
7.599806995131075382e-04
7.595786009915173054e-04
7.592010661028325558e-04
7.583112455904483795e-04
7.567522116005420685e-04
7.560827070847153664e-04
7.522630621679127216e-04
7.491931319236755371e-04
7.466371753253042698e-04
7.441793568432331085e-04
7.468996918760240078e-04
7.424190989695489407e-04
7.409260142594575882e-04
7.398430607281625271e-04
7.394430576823651791e-04
7.386287907138466835e-04
7.379038725048303604e-04
7.372382096946239471e-04
7.364933262579143047e-04
7.357782451435923576e-04
7.352789980359375477e-04
7.345306221395730972e-04
7.340078591369092464e-04
7.334976689890027046e-04
7.365066558122634888e-04
7.332591922022402287e-04
7.327352650463581085e-04
7.322545279748737812e-04
7.319868309423327446e-04
7.316184928640723228e-04
7.311925292015075684e-04
7.309706998057663441e-04
7.309103384613990784e-04
7.307003252208232880e-04
7.302646408788859844e-04
7.300720899365842342e-04
7.296525873243808746e-04
7.291774381883442402e-04
7.282783626578748226e-04
7.388131343759596348e-04
7.281333091668784618e-04
7.274818490259349346e-04
7.271698559634387493e-04
7.270133937709033489e-04
7.268671179190278053e-04
7.266831235028803349e-04
7.262923172675073147e-04
7.260455167852342129e-04
7.256349199451506138e-04
7.253119256347417831e-04
7.249809568747878075e-04
7.246740278787910938e-04
7.243916625156998634e-04
7.251576171256601810e-04
7.242224528454244137e-04
7.240006234496831894e-04
7.234347285702824593e-04
7.229305920191109180e-04
7.221336127258837223e-04
7.215683581307530403e-04
7.212383789010345936e-04
7.210740004666149616e-04
7.209492614492774010e-04
7.206243462860584259e-04
7.203716086223721504e-04
7.203076384030282497e-04
7.199982646852731705e-04
7.197558297775685787e-04
7.193263154476881027e-04
7.187970913946628571e-04
7.180511020123958588e-04
7.178508676588535309e-04
7.167938165366649628e-04
7.161607500165700912e-04
7.150713936425745487e-04
7.341780583374202251e-04
7.148946169763803482e-04
7.140905363485217094e-04
7.132037426345050335e-04
7.123735849745571613e-04
7.115130429156124592e-04
7.107501733116805553e-04
7.094167522154748440e-04
7.086506811901926994e-04
7.075800094753503799e-04
7.062101503834128380e-04
7.047092076390981674e-04
7.050763233564794064e-04
7.039408083073794842e-04
7.029544794932007790e-04
7.018613396212458611e-04
7.010204135440289974e-04
6.999999168328940868e-04
6.983492057770490646e-04
6.976854638196527958e-04
6.963019259274005890e-04
6.956550059840083122e-04
6.945955101400613785e-04
6.948241498321294785e-04
6.942989421077072620e-04
6.936318241059780121e-04
6.932084215804934502e-04
6.928841467015445232e-04
6.926050991751253605e-04
6.920968880876898766e-04
6.940885796211659908e-04
6.918133003637194633e-04
6.910263327881693840e-04
6.906487396918237209e-04
6.899925647303462029e-04
6.882274174131453037e-04
6.874057580716907978e-04
6.860763533040881157e-04
6.849988712929189205e-04
6.834659143351018429e-04
6.922238389961421490e-04
6.828678306192159653e-04
6.819746340624988079e-04
6.808717735111713409e-04
6.799979601055383682e-04
6.790415500290691853e-04
6.783521384932100773e-04
6.777270464226603508e-04
6.767392624169588089e-04
6.761388503946363926e-04
6.738433148711919785e-04
6.724033155478537083e-04
6.696308264508843422e-04
6.736314971931278706e-04
6.689763977192342281e-04
6.673777243122458458e-04
6.655160686932504177e-04
6.637416081503033638e-04
6.615578313358128071e-04
6.590241682715713978e-04
6.561295595020055771e-04
6.532614352181553841e-04
6.517693982459604740e-04
6.501689204014837742e-04
6.486952188424766064e-04
6.476723356172442436e-04
6.465723854489624500e-04
6.460378644987940788e-04
6.455550901591777802e-04
6.450020009651780128e-04
6.443660822696983814e-04
6.437895935960114002e-04
6.431092042475938797e-04
6.426243344321846962e-04
6.422929000109434128e-04
6.418291595764458179e-04
6.413074443116784096e-04
6.431682268157601357e-04
6.410478381440043449e-04
6.404448067769408226e-04
6.425219471566379070e-04
6.402749568223953247e-04
6.399003323167562485e-04
6.393981166183948517e-04
6.390240159817039967e-04
6.384450243785977364e-04
6.381554412655532360e-04
6.377472891472280025e-04
6.375188240781426430e-04
6.367523455992341042e-04
6.362354615703225136e-04
6.355826044455170631e-04
6.350487237796187401e-04
6.344981375150382519e-04
6.340345134958624840e-04
6.336650694720447063e-04
6.333361379802227020e-04
6.327463779598474503e-04
6.327002192847430706e-04
6.324345013126730919e-04
6.318584200926125050e-04
6.315348437055945396e-04
6.311183096840977669e-04
6.308776210062205791e-04
6.306513678282499313e-04
6.305447313934564590e-04
6.304603302851319313e-04
6.302861147560179234e-04
6.300657987594604492e-04
6.298169610090553761e-04
6.295660277828574181e-04
6.293689366430044174e-04
6.289838347584009171e-04
6.287438445724546909e-04
6.283624097704887390e-04
6.277778884395956993e-04
6.274281768128275871e-04
6.270130397751927376e-04
6.265345145948231220e-04
6.257749628275632858e-04
6.249963771551847458e-04
6.240916554816067219e-04
6.235080654732882977e-04
6.225596880540251732e-04
6.216955371201038361e-04
6.211218424141407013e-04
6.208308041095733643e-04
6.202148506417870522e-04
6.196177564561367035e-04
6.193204899318516254e-04
6.190300337038934231e-04
6.210599676705896854e-04
6.188674597069621086e-04
6.185357342474162579e-04
6.180545315146446228e-04
6.175845046527683735e-04
6.216292968019843102e-04
6.173105794005095959e-04
6.167255342006683350e-04
6.155199371278285980e-04
6.146036903373897076e-04
6.138699245639145374e-04
6.133681163191795349e-04
6.129340035840868950e-04
6.126267835497856140e-04
6.122949416749179363e-04
6.117298617027699947e-04
6.111678667366504669e-04
6.105949287302792072e-04
6.101306062191724777e-04
6.099086022004485130e-04
6.096573197282850742e-04
6.094359559938311577e-04
6.091394461691379547e-04
6.087208748795092106e-04
6.081816391088068485e-04
6.075248820707201958e-04
6.066113710403442383e-04
6.053068209439516068e-04
6.054540863260626793e-04
6.047256174497306347e-04
6.041329470463097095e-04
6.034061079844832420e-04
6.029395153746008873e-04
6.022511515766382217e-04
6.019267020747065544e-04
6.017471896484494209e-04
6.014262908138334751e-04
6.010850192978978157e-04
6.006254698149859905e-04
6.002171430736780167e-04
5.997469415888190269e-04
5.988840130157768726e-04
5.980036221444606781e-04
5.977403488941490650e-04
5.961452261544764042e-04
5.954836960881948471e-04
5.944355507381260395e-04
5.941222771070897579e-04
5.936016095802187920e-04
5.932360654696822166e-04
5.927396705374121666e-04
5.920460098423063755e-04
5.912119522690773010e-04
5.903455894440412521e-04
5.893677589483559132e-04
5.884330603294074535e-04
5.875132046639919281e-04
5.873760092072188854e-04
5.861998070031404495e-04
5.851215682923793793e-04
5.843028775416314602e-04
5.833443719893693924e-04
5.828584544360637665e-04
5.824813852086663246e-04
5.820743972435593605e-04
5.814892938360571861e-04
5.823764367960393429e-04
5.809522699564695358e-04
5.796648911200463772e-04
5.789042334072291851e-04
5.780849023722112179e-04
5.776988691650331020e-04
5.774126038886606693e-04
5.768698756583034992e-04
5.765944952145218849e-04
5.763315130025148392e-04
5.758978077210485935e-04
5.750299897044897079e-04
5.737979663535952568e-04
5.734582664445042610e-04
5.707201780751347542e-04
5.691392580047249794e-04
5.668235244229435921e-04
5.650476668961346149e-04
5.632217507809400558e-04
5.616526468656957150e-04
5.613916437141597271e-04
5.595262045972049236e-04
5.589412758126854897e-04
5.581172881647944450e-04
5.575381219387054443e-04
5.570790963247418404e-04
5.566248437389731407e-04
5.560612771660089493e-04
5.555505049414932728e-04
5.550218047574162483e-04
5.539921694435179234e-04
5.702487542293965816e-04
5.536380922421813011e-04
5.527414614334702492e-04
5.519894766621291637e-04
5.511181661859154701e-04
5.502009880729019642e-04
5.491648335009813309e-04
5.469098687171936035e-04
5.451654433272778988e-04
5.471262265928089619e-04
5.442434339784085751e-04
5.431457539089024067e-04
5.422893445938825607e-04
5.414971383288502693e-04
5.401013768278062344e-04
5.394299514591693878e-04
5.390184815041720867e-04
5.388774443417787552e-04
5.382885574363172054e-04
5.372146843001246452e-04
5.360721261240541935e-04
5.342346266843378544e-04
5.320367054082453251e-04
5.321435746736824512e-04
5.305506638251245022e-04
5.293216090649366379e-04
5.284248618409037590e-04
5.276222946122288704e-04
5.258219898678362370e-04
5.246631335467100143e-04
5.239442689344286919e-04
5.236021243035793304e-04
5.232208059169352055e-04
5.228196387179195881e-04
5.223403568379580975e-04
5.219106678850948811e-04
5.216265562921762466e-04
5.213828408159315586e-04
5.209491355344653130e-04
5.203376058489084244e-04
5.202618194743990898e-04
5.190810188651084900e-04
5.187646020203828812e-04
5.183535395190119743e-04
5.181003944016993046e-04
5.177629645913839340e-04
5.170750082470476627e-04
5.159052088856697083e-04
5.150230717845261097e-04
5.153386155143380165e-04
5.147037445567548275e-04
5.141704459674656391e-04
5.137766711413860321e-04
5.134710227139294147e-04
5.132210790179669857e-04
5.128111806698143482e-04
5.121855647303164005e-04
5.127983167767524719e-04
5.118090193718671799e-04
5.112027283757925034e-04
5.105939926579594612e-04
5.101473070681095123e-04
5.097609828226268291e-04
5.095369415357708931e-04
5.093808867968618870e-04
5.092368810437619686e-04
5.091390921734273434e-04
5.089563783258199692e-04
5.087626050226390362e-04
5.084466538392007351e-04
5.079996190033853054e-04
5.077316891402006149e-04
5.074694636277854443e-04
5.084025324322283268e-04
5.073667271062731743e-04
5.071824416518211365e-04
5.069443141110241413e-04
5.067863385193049908e-04
5.066263838671147823e-04
5.064383149147033691e-04
5.062939017079770565e-04
5.061104893684387207e-04
5.059097893536090851e-04
5.056722438894212246e-04
5.053421482443809509e-04
5.066198064014315605e-04
5.051988991908729076e-04
5.048196762800216675e-04
5.043864366598427296e-04
5.041379481554031372e-04
5.038317176513373852e-04
5.036626243963837624e-04
5.046063452027738094e-04
5.035134381614625454e-04
5.032263579778373241e-04
5.028518498875200748e-04
5.024443380534648895e-04
5.020779208280146122e-04
5.018409574404358864e-04
5.043665878474712372e-04
5.016424111090600491e-04
5.013829213567078114e-04
5.008221487514674664e-04
5.006068386137485504e-04
5.004298873245716095e-04
5.001964163966476917e-04
4.999693483114242554e-04
4.997322685085237026e-04
4.994412884116172791e-04
4.990373272448778152e-04
4.985191044397652149e-04
4.982742248103022575e-04
4.982634563930332661e-04
4.981226520612835884e-04
4.980367957614362240e-04
4.978611250407993793e-04
4.977686330676078796e-04
4.976436612196266651e-04
4.975291667506098747e-04
5.142810405232012272e-04
4.975106567144393921e-04
4.973931354470551014e-04
4.972918541170656681e-04
4.972164169885218143e-04
4.969852743670344353e-04
4.968154244124889374e-04
4.965359694324433804e-04
4.963661776855587959e-04
4.961026716046035290e-04
4.957973142154514790e-04
4.954497562721371651e-04
4.952206509187817574e-04
4.948378773406147957e-04
4.947110428474843502e-04
4.944735555909574032e-04
4.943580715917050838e-04
4.942734958603978157e-04
4.941900842823088169e-04
4.940386861562728882e-04
4.937730263918638229e-04
4.937746562063694000e-04
4.936048644594848156e-04
4.934141179546713829e-04
4.932260490022599697e-04
4.930761642754077911e-04
4.929155693389475346e-04
4.930091672576963902e-04
4.928903654217720032e-04
4.928468260914087296e-04
4.927604459226131439e-04
4.926676629111170769e-04
4.925334360450506210e-04
4.923192318528890610e-04
4.935250617563724518e-04
4.922536900267004967e-04
4.920067731291055679e-04
4.918434424325823784e-04
4.916706238873302937e-04
4.914599703624844551e-04
4.910216666758060455e-04
4.996109055355191231e-04
4.909423878416419029e-04
4.903832450509071350e-04
4.898805636912584305e-04
4.894899320788681507e-04
4.892484867013990879e-04
4.889462143182754517e-04
4.887263639830052853e-04
4.886205424554646015e-04
4.885107628069818020e-04
4.884070949628949165e-04
4.881797940470278263e-04
4.884928348474204540e-04
4.880683554802089930e-04
4.879353800788521767e-04
4.877715255133807659e-04
4.876257735304534435e-04
4.876933235209435225e-04
4.875177110079675913e-04
4.872805438935756683e-04
4.870197735726833344e-04
4.865295486524701118e-04
4.861431370954960585e-04
4.858278261963278055e-04
4.852960992138832808e-04
4.849061369895935059e-04
4.844555223826318979e-04
4.839833709411323071e-04
4.835086001548916101e-04
4.830053658224642277e-04
4.828282399103045464e-04
4.826838267035782337e-04
4.825131618417799473e-04
4.823433991987258196e-04
4.832802515011280775e-04
4.821998591069132090e-04
4.820147878490388393e-04
4.815904540009796619e-04
4.813793930225074291e-04
4.808813682757318020e-04
4.804881464224308729e-04
4.983689286746084690e-04
4.804003401659429073e-04
4.800605529453605413e-04
4.798363661393523216e-04
4.798914305865764618e-04
4.796906723640859127e-04
4.794353735633194447e-04
4.789604572579264641e-04
4.786563222296535969e-04
4.783404874615371227e-04
4.786165663972496986e-04
4.781071911565959454e-04
4.779103328473865986e-04
4.776369605679064989e-04
4.774459812324494123e-04
4.769725783262401819e-04
4.766640195157378912e-04
4.763638426084071398e-04
4.761392774526029825e-04
4.759823787026107311e-04
4.757348797284066677e-04
4.754354595206677914e-04
4.751374362967908382e-04
4.750313237309455872e-04
4.749539075419306755e-04
4.747773346025496721e-04
4.746876948047429323e-04
4.746060294564813375e-04
4.744967736769467592e-04
4.749346699099987745e-04
4.744462785311043262e-04
4.743032041005790234e-04
4.741541342809796333e-04
4.740504664368927479e-04
4.739237483590841293e-04
4.742128658108413219e-04
4.738396091852337122e-04
4.735961265396326780e-04
4.732896923087537289e-04
4.727819759864360094e-04
4.723902093246579170e-04
4.720770812127739191e-04
4.717293486464768648e-04
4.716818220913410187e-04
4.713543166872113943e-04
4.711145884357392788e-04
4.708903434220701456e-04
4.706056206487119198e-04
4.699995042756199837e-04
4.694829985965043306e-04
4.690965288318693638e-04
4.687415785156190395e-04
4.685831372626125813e-04
4.683412262238562107e-04
4.678171826526522636e-04
4.672892682719975710e-04
4.668627516366541386e-04
4.664043663069605827e-04
4.660714766941964626e-04
4.658114921767264605e-04
4.680455022025853395e-04
4.656528471969068050e-04
4.652406496461480856e-04
4.649455950129777193e-04
4.647160822059959173e-04
4.643493739422410727e-04
4.659512196667492390e-04
4.642065614461898804e-04
4.638183454517275095e-04
4.632643831428140402e-04
4.624884168151766062e-04
4.617470549419522285e-04
4.612996126525104046e-04
4.618919047061353922e-04
4.609146853908896446e-04
4.605755093507468700e-04
4.602168919518589973e-04
4.599286185111850500e-04
4.594972415361553431e-04
4.592240438796579838e-04
4.589073068927973509e-04
4.586147551890462637e-04
4.583084373734891415e-04
4.580826789606362581e-04
4.578343650791794062e-04
4.576813662424683571e-04
4.575031343847513199e-04
4.571457975544035435e-04
4.571417812258005142e-04
4.569550510495901108e-04
4.565118870232254267e-04
4.562404355965554714e-04
4.559788794722408056e-04
4.556875210255384445e-04
4.551233723759651184e-04
4.545693518593907356e-04
4.535879124887287617e-04
4.528263234533369541e-04
4.516830085776746273e-04
4.509317222982645035e-04
4.494898603297770023e-04
4.485935496632009745e-04
4.475811438169330359e-04
4.467178659979254007e-04
4.460752825252711773e-04
4.456610477063804865e-04
4.453617148101329803e-04
4.450484993867576122e-04
4.448205581866204739e-04
4.446420643944293261e-04
4.443099605850875378e-04
4.436342278495430946e-04
4.439651384018361568e-04
4.432878922671079636e-04
4.428406828083097935e-04
4.425102961249649525e-04
4.422643105499446392e-04
4.418811295181512833e-04
4.416254814714193344e-04
4.411478294059634209e-04
4.408652603160589933e-04
4.404445644468069077e-04
4.401470941957086325e-04
4.401871701702475548e-04
4.398613527882844210e-04
4.396418225951492786e-04
4.394543066155165434e-04
4.393020644783973694e-04
4.390030517242848873e-04
4.440105403773486614e-04
4.389812238514423370e-04
4.388457164168357849e-04
4.387574444990605116e-04
4.386849468573927879e-04
4.385695792734622955e-04
4.384067142382264137e-04
4.381203325465321541e-04
4.377900040708482265e-04
4.375182325020432472e-04
4.370896203909069300e-04
4.366315552033483982e-04
4.357448196969926357e-04
4.350567760411649942e-04
4.343740292824804783e-04
4.339663428254425526e-04
4.340152954682707787e-04
4.338269936852157116e-04
4.335526027716696262e-04
4.331509408075362444e-04
4.328840877860784531e-04
4.326904308982193470e-04
4.324305336922407150e-04
4.320448497310280800e-04
4.318291321396827698e-04
4.313918470870703459e-04
4.311984521336853504e-04
4.309727810323238373e-04
4.308666684664785862e-04
4.307271447032690048e-04
4.305854090489447117e-04
4.304315662011504173e-04
4.307507479097694159e-04
4.303490568418055773e-04
4.302207380533218384e-04
4.301352018956094980e-04
4.300440486986190081e-04
4.298963467590510845e-04
4.297011764720082283e-04
4.295190447010099888e-04
4.293578967917710543e-04
4.291680234018713236e-04
4.290178185328841209e-04
4.287655465304851532e-04
4.285616159904748201e-04
4.283780581317842007e-04
4.281782603356987238e-04
4.279941786080598831e-04
4.276742984075099230e-04
4.273949598427861929e-04
4.268059274181723595e-04
4.315832047723233700e-04
4.267241747584193945e-04
4.264476010575890541e-04
4.261779831722378731e-04
4.261288559064269066e-04
4.260665155015885830e-04
4.255504172760993242e-04
4.253489314578473568e-04
4.248003533575683832e-04
4.244092269800603390e-04
4.240728158038109541e-04
4.236943786963820457e-04
4.235667875036597252e-04
4.234570078551769257e-04
4.233515646774321795e-04
4.231737693771719933e-04
4.230192571412771940e-04
4.239747649990022182e-04
4.229376791045069695e-04
4.228405596222728491e-04
4.226768505759537220e-04
4.225556913297623396e-04
4.229790356475859880e-04
4.224604927003383636e-04
4.222608404234051704e-04
4.220211703795939684e-04
4.219470720272511244e-04
4.217868263367563486e-04
4.214656073600053787e-04
4.213592037558555603e-04
4.206790181342512369e-04
4.202921991236507893e-04
4.198770329821854830e-04
4.196823574602603912e-04
4.195336950942873955e-04
4.193236818537116051e-04
4.191616899333894253e-04
4.190335748717188835e-04
4.198651295155286789e-04
4.189662868157029152e-04
4.188224847894161940e-04
4.185314755886793137e-04
4.181293770670890808e-04
4.177541413810104132e-04
4.173790803179144859e-04
4.168887680862098932e-04
4.205587320029735565e-04
4.167328297626227140e-04
4.164084675721824169e-04
4.161100951023399830e-04
4.157609364483505487e-04
4.153303161729127169e-04
4.148451844230294228e-04
4.142751567997038364e-04
4.139002994634211063e-04
4.133979382459074259e-04
4.129520966671407223e-04
4.124637343920767307e-04
4.119948425795882940e-04
4.117389617022126913e-04
4.115088668186217546e-04
4.111489979550242424e-04
4.108826979063451290e-04
4.101475351490080357e-04
4.142253601457923651e-04
4.100047808606177568e-04
4.094197065569460392e-04
4.090791044291108847e-04
4.087021807208657265e-04
4.083525273017585278e-04
4.078341589774936438e-04
4.067997215315699577e-04
4.060254723299294710e-04
4.050126881338655949e-04
4.043573280796408653e-04
4.037772596348077059e-04
4.032901779282838106e-04
4.030005948152393103e-04
4.028590046800673008e-04
4.027289687655866146e-04
4.025352536700665951e-04
4.023762012366205454e-04
4.021340282633900642e-04
4.018091422040015459e-04
4.015874874312430620e-04
4.010959237348288298e-04
4.005632945336401463e-04
4.001157067250460386e-04
3.998539468739181757e-04
3.997361636720597744e-04
3.996115701738744974e-04
3.994217258878052235e-04
3.993454447481781244e-04
3.991603152826428413e-04
3.990168916061520576e-04
3.987914242316037416e-04
3.986234660260379314e-04
3.984267532359808683e-04
3.983264323323965073e-04
3.982468915637582541e-04
3.980283217970281839e-04
3.978704917244613171e-04
3.977473243139684200e-04
3.976119623985141516e-04
3.975088766310364008e-04
3.971941769123077393e-04
3.969313402194529772e-04
3.980884794145822525e-04
3.966940275859087706e-04
3.963058989029377699e-04
3.958824672736227512e-04
3.956967266276478767e-04
3.953377599827945232e-04
3.947193035855889320e-04
3.940272436011582613e-04
3.979701723437756300e-04
3.937662695534527302e-04
3.933507250621914864e-04
3.930868115276098251e-04
3.929631784558296204e-04
3.927385259885340929e-04
3.924180346075445414e-04
3.922186733689159155e-04
3.920484741684049368e-04
3.916457935702055693e-04
3.913241962436586618e-04
3.910571685992181301e-04
3.907085629180073738e-04
3.909274237230420113e-04
3.906087367795407772e-04
3.904174664057791233e-04
3.900530864484608173e-04
3.896739508491009474e-04
3.892561653628945351e-04
3.893321845680475235e-04
3.889954241458326578e-04
3.886741760652512312e-04
3.883392200805246830e-04
3.880926815327256918e-04
3.878735296893864870e-04
3.876795526593923569e-04
3.875187830999493599e-04
3.872230881825089455e-04
3.868203202728182077e-04
3.863557649310678244e-04
3.864658065140247345e-04
3.860635042656213045e-04
3.858520067296922207e-04
3.857214469462633133e-04
3.856266266666352749e-04
3.855648683384060860e-04
3.854587266687303782e-04
3.853876260109245777e-04
3.853207454085350037e-04
3.852623631246387959e-04
3.852033405564725399e-04
3.851242363452911377e-04
3.850314533337950706e-04
3.849302593152970076e-04
3.848436754196882248e-04
3.847607295028865337e-04
3.846604959107935429e-04
3.856804978568106890e-04
3.846143663395196199e-04
3.845150931738317013e-04
3.844041493721306324e-04
3.843297308776527643e-04
3.841891593765467405e-04
3.840563003905117512e-04
3.839781275019049644e-04
3.836027462966740131e-04
3.833284717984497547e-04
3.830514324363321066e-04
3.828585322480648756e-04
3.826834145002067089e-04
3.825278836302459240e-04
3.822777653113007545e-04
3.822344006039202213e-04
3.819499979726970196e-04
3.818523837253451347e-04
3.817263641394674778e-04
3.816340467892587185e-04
3.814922238234430552e-04
3.814491501543670893e-04
3.812553477473556995e-04
3.811574715655297041e-04
3.809884074144065380e-04
3.808087785728275776e-04
3.806623863056302071e-04
3.806198947131633759e-04
3.804361913353204727e-04
3.802852297667413950e-04
3.800827835220843554e-04
3.798328689299523830e-04
3.796974779106676579e-04
3.795910743065178394e-04
3.794797812588512897e-04
3.793931391555815935e-04
3.791725321207195520e-04
3.789416223298758268e-04
3.785818698816001415e-04
3.782846615649759769e-04
3.779110265895724297e-04
3.775858785957098007e-04
3.773809585254639387e-04
3.763868589885532856e-04
3.757643280550837517e-04
3.749768075067549944e-04
3.746976144611835480e-04
3.745106514543294907e-04
3.743855049833655357e-04
3.742685657925903797e-04
3.740247047971934080e-04
3.736354410648345947e-04
3.757242229767143726e-04
3.731881733983755112e-04
3.726551367435604334e-04
3.719549858942627907e-04
3.717044892255216837e-04
3.712870820891112089e-04
3.705672570504248142e-04
3.702489193528890610e-04
3.700546512845903635e-04
3.698237123899161816e-04
3.695448394864797592e-04
3.739926323760300875e-04
3.694528131745755672e-04
3.691864549182355404e-04
3.689678851515054703e-04
3.687309508677572012e-04
3.684621187858283520e-04
3.682906390167772770e-04
3.679960791487246752e-04
3.678464854601770639e-04
3.676834749057888985e-04
3.674947947729378939e-04
3.678895882330834866e-04
3.673539031296968460e-04
3.671401063911616802e-04
3.668247372843325138e-04
3.665886470116674900e-04
3.663059906102716923e-04
3.660868969745934010e-04
3.657838096842169762e-04
3.653282474260777235e-04
3.649889840744435787e-04
3.646855184342712164e-04
3.644386306405067444e-04
3.642795491032302380e-04
3.640307404566556215e-04
3.641226212494075298e-04
3.638705820776522160e-04
3.636023320723325014e-04
3.632120788097381592e-04
3.629141428973525763e-04
3.625905374065041542e-04
3.624662931542843580e-04
3.622599178925156593e-04
3.621408250182867050e-04
3.619875060394406319e-04
3.617662587203085423e-04
3.614891611505299807e-04
3.611333668231964111e-04
3.607129037845879793e-04
3.602010838221758604e-04
3.600604250095784664e-04
3.596031747292727232e-04
3.593568399082869291e-04
3.590598935261368752e-04
3.589079715311527252e-04
3.588363179005682468e-04
3.587493265513330698e-04
3.585686499718576670e-04
3.586209204513579607e-04
3.584045916795730591e-04
3.579643380362540483e-04
3.577014140319079161e-04
3.573987341951578856e-04
3.577681782189756632e-04
3.572341520339250565e-04
3.570959088392555714e-04
3.569289983715862036e-04
3.566420637071132660e-04
3.561751509550958872e-04
3.559612669050693512e-04
3.557823365554213524e-04
3.556424053385853767e-04
3.555167641025036573e-04
3.552220878191292286e-04
3.573460271582007408e-04
3.551699337549507618e-04
3.549120447132736444e-04
3.547209198586642742e-04
3.546173975337296724e-04
3.544726059772074223e-04
3.542432677932083607e-04
3.555814037099480629e-04
3.542108752299100161e-04
3.540453035384416580e-04
3.539400931913405657e-04
3.537576994858682156e-04
3.535058349370956421e-04
3.539648605510592461e-04
3.534229181241244078e-04
3.532864211592823267e-04
3.531135735101997852e-04
3.530117101036012173e-04
3.527584194671362638e-04
3.528527740854769945e-04
3.525587962940335274e-04
3.520854224916547537e-04
3.515401913318783045e-04
3.511091927066445351e-04
3.508907393552362919e-04
3.506963548716157675e-04
3.505070344544947147e-04
3.503100597299635410e-04
3.501593018881976604e-04
3.499245503917336464e-04
3.496407007332891226e-04
3.494054835755378008e-04
3.490531235001981258e-04
3.497175057418644428e-04
3.488871152512729168e-04
3.485958441160619259e-04
3.516622819006443024e-04
3.484458429738879204e-04
3.479611186776310205e-04
3.476982237771153450e-04
3.471062227617949247e-04
3.464602632448077202e-04
3.457873244769871235e-04
3.453591198194772005e-04
3.448112111072987318e-04
3.439339343458414078e-04
3.427868941798806190e-04
3.424464666750282049e-04
3.422265290282666683e-04
3.420896246097981930e-04
3.419765271246433258e-04
3.418268752284348011e-04
3.416393883526325226e-04
3.420079592615365982e-04
3.414038801565766335e-04
3.410625213291496038e-04
3.410730860196053982e-04
3.409296332392841578e-04
3.407518961466848850e-04
3.406163887120783329e-04
3.404127783142030239e-04
3.401901631150394678e-04
3.399264242034405470e-04
3.396720276214182377e-04
3.393623337615281343e-04
3.390971978660672903e-04
3.387342439964413643e-04
3.385382005944848061e-04
3.382287104614078999e-04
3.380365087650716305e-04
3.377809480298310518e-04
3.377445391379296780e-04
3.375227097421884537e-04
3.374051302671432495e-04
3.372808569110929966e-04
3.371937782503664494e-04
3.371206694282591343e-04
3.370464546605944633e-04
3.369993064552545547e-04
3.369165351614356041e-04
3.368394682183861732e-04
3.367571334820240736e-04
3.366179007571190596e-04
3.364500007592141628e-04
3.363416471984237432e-04
3.360554401297122240e-04
3.358833491802215576e-04
3.356740926392376423e-04
3.353466163389384747e-04
3.350508050061762333e-04
3.346260637044906616e-04
3.343987627886235714e-04
3.341211995575577021e-04
3.338493697810918093e-04
3.335473302286118269e-04
3.328641469124704599e-04
3.323223209008574486e-04
3.319773531984537840e-04
3.318378876429051161e-04
3.317055816296488047e-04
3.319363459013402462e-04
3.316301445011049509e-04
3.314460336696356535e-04
3.312632907181978226e-04
3.310833126306533813e-04
3.309993189759552479e-04
3.308555751573294401e-04
3.306843573227524757e-04
3.304868005216121674e-04
3.301581600680947304e-04
3.303059493191540241e-04
3.299716045148670673e-04
3.297134535387158394e-04
3.295996575616300106e-04
3.295322821941226721e-04
3.294649359304457903e-04
3.293508198112249374e-04
3.292655164841562510e-04
3.291469183750450611e-04
3.290667664259672165e-04
3.288629231974482536e-04
3.287316358182579279e-04
3.285119892098009586e-04
3.283186524640768766e-04
3.281910321675240993e-04
3.279243828728795052e-04
3.277913201600313187e-04
3.275486524216830730e-04
3.280673990957438946e-04
3.274446644354611635e-04
3.272679168730974197e-04
3.269963781349360943e-04
3.269156732130795717e-04
3.268512373324483633e-04
3.267271968070417643e-04
3.266519343014806509e-04
3.265236446168273687e-04
3.264155820943415165e-04
3.263541148044168949e-04
3.263044927734881639e-04
3.262640966568142176e-04
3.262036188971251249e-04
3.261271631345152855e-04
3.260330122429877520e-04
3.259297518525272608e-04
3.258611832279711962e-04
3.257367352489382029e-04
3.257292264606803656e-04
3.256735217291861773e-04
3.255326300859451294e-04
3.254044568166136742e-04
3.249723813496530056e-04
3.247488639317452908e-04
3.245123079977929592e-04
3.241811646148562431e-04
3.239760117139667273e-04
3.239010984543710947e-04
3.235307813156396151e-04
3.233284805901348591e-04
3.231151786167174578e-04
3.229525173082947731e-04
3.231308655813336372e-04
3.228507412131875753e-04
3.225130494683980942e-04
3.222922096028923988e-04
3.219478239770978689e-04
3.217880730517208576e-04
3.215034666936844587e-04
3.212168812751770020e-04
3.208875132258981466e-04
3.207056724932044744e-04
3.204635868314653635e-04
3.202638181392103434e-04
3.200589562766253948e-04
3.198017075192183256e-04
3.195617755409330130e-04
3.194756573066115379e-04
3.193971642758697271e-04
3.193583688698709011e-04
3.192907897755503654e-04
3.191842115484178066e-04
3.190069692209362984e-04
3.188122354913502932e-04
3.185630193911492825e-04
3.183006192557513714e-04
3.180248604621738195e-04
3.175770689267665148e-04
3.179389750584959984e-04
3.174148441758006811e-04
3.171079442836344242e-04
3.168350667692720890e-04
3.166060196235775948e-04
3.162143402732908726e-04
3.158317122142761946e-04
3.158689942210912704e-04
3.156090097036212683e-04
3.154235600959509611e-04
3.153041179757565260e-04
3.152199205942451954e-04
3.150012344121932983e-04
3.149596450384706259e-04
3.145271330140531063e-04
3.143793146591633558e-04
3.142666537314653397e-04
3.142027417197823524e-04
3.141328052151948214e-04
3.141787019558250904e-04
3.141111228615045547e-04
3.140773624181747437e-04
3.140430198982357979e-04
3.140121116302907467e-04
3.139756445307284594e-04
3.138849569950252771e-04
3.143612411804497242e-04
3.138399624731391668e-04
3.137722378596663475e-04
3.136725281365215778e-04
3.136022714897990227e-04
3.134928410872817039e-04
3.133071877527981997e-04
3.131573321297764778e-04
3.135753213427960873e-04
3.130907425656914711e-04
3.129889082629233599e-04
3.128828539047390223e-04
3.128234529867768288e-04
3.132139972876757383e-04
3.127964446321129799e-04
3.127508680336177349e-04
3.126409137621521950e-04
3.125532530248165131e-04
3.124429786112159491e-04
3.123320057056844234e-04
3.121792105957865715e-04
3.120904730167239904e-04
3.119535394944250584e-04
3.118370077572762966e-04
3.117521991953253746e-04
3.116364241577684879e-04
3.115428262390196323e-04
3.113908751402050257e-04
3.115092986263334751e-04
3.113219572696834803e-04
3.111431724391877651e-04
3.110000689048320055e-04
3.108463133685290813e-04
3.107603988610208035e-04
3.106976801063865423e-04
3.106389485765248537e-04
3.105810901615768671e-04
3.105309733655303717e-04
3.104165371041744947e-04
3.103290509898215532e-04
3.101004112977534533e-04
3.099325112998485565e-04
3.097315202467143536e-04
3.096406580880284309e-04
3.096102736890316010e-04
3.092860570177435875e-04
3.089768288191407919e-04
3.085843927692621946e-04
3.081059257965534925e-04
3.082763287238776684e-04
3.078822046518325806e-04
3.074379055760800838e-04
3.071594983339309692e-04
3.067069628741592169e-04
3.061296592932194471e-04
3.055114066228270531e-04
3.047954523935914040e-04
3.043498145416378975e-04
3.038753347937017679e-04
3.038882277905941010e-04
3.035908157471567392e-04
3.032961394637823105e-04
3.029353392776101828e-04
3.026818449143320322e-04
3.024000616278499365e-04
3.022057644557207823e-04
3.019817813765257597e-04
3.017154813278466463e-04
3.014984831679612398e-04
3.016255213879048824e-04
3.014002286363393068e-04
3.012859669979661703e-04
3.010866930708289146e-04
3.008377971127629280e-04
3.003793244715780020e-04
3.000957658514380455e-04
2.997042611241340637e-04
2.994535898324102163e-04
2.992447116412222385e-04
2.989865897689014673e-04
2.986447943840175867e-04
2.982605365104973316e-04
2.976178075186908245e-04
2.969335473608225584e-04
2.966562169604003429e-04
2.959348494186997414e-04
2.954420051537454128e-04
2.952457580249756575e-04
2.950691559817641973e-04
2.948118781205266714e-04
3.012149827554821968e-04
2.947688044514507055e-04
2.946097520180046558e-04
2.944504667539149523e-04
2.943082363344728947e-04
2.941473503597080708e-04
2.939760743174701929e-04
2.938141406048089266e-04
2.937073586508631706e-04
2.935665252152830362e-04
2.934840158559381962e-04
2.933695504907518625e-04
2.931797062046825886e-04
2.930504560936242342e-04
2.928831381723284721e-04
2.928833710029721260e-04
2.928163739852607250e-04
2.926726592704653740e-04
2.924698637798428535e-04
2.922609564848244190e-04
2.920539409387856722e-04
2.918637474067509174e-04
2.917526871897280216e-04
2.916589728556573391e-04
2.915585937444120646e-04
2.913262287620455027e-04
2.912074269261211157e-04
2.910184848587960005e-04
2.908995375037193298e-04
2.908174355980008841e-04
2.907408343162387609e-04
2.906412992160767317e-04
2.904959255829453468e-04
2.903416461776942015e-04
2.901571861002594233e-04
2.899784012697637081e-04
2.898496459238231182e-04
2.897407102864235640e-04
2.896153600886464119e-04
2.897575031965970993e-04
2.895627985708415508e-04
2.895034267567098141e-04
2.894017088692635298e-04
2.892922784667462111e-04
2.893754281103610992e-04
2.892410266213119030e-04
2.891414915211498737e-04
2.889726019930094481e-04
2.887904411181807518e-04
2.885418070945888758e-04
2.912562922574579716e-04
2.884924761019647121e-04
2.883212000597268343e-04
2.881998079828917980e-04
2.881237887777388096e-04
2.880018146242946386e-04
2.878142695408314466e-04
2.875689533539116383e-04
2.873431367333978415e-04
2.871470642276108265e-04
2.869962190743535757e-04
2.868718293029814959e-04
2.866846916731446981e-04
2.865858841687440872e-04
2.864659181796014309e-04
2.863464178517460823e-04
2.861719985958188772e-04
2.860202803276479244e-04
2.862205146811902523e-04
2.859498199541121721e-04
2.858008665498346090e-04
2.856123028323054314e-04
2.854333433788269758e-04
2.852824982255697250e-04
2.851951576303690672e-04
2.851365134119987488e-04
2.849948359653353691e-04
2.848712028935551643e-04
2.847051073331385851e-04
2.845563285518437624e-04
2.843840920832008123e-04
2.841666573658585548e-04
2.842855174094438553e-04
2.840484376065433025e-04
2.838781510945409536e-04
2.837655774783343077e-04
2.836721832863986492e-04
2.834448532667011023e-04
2.830206067301332951e-04
2.823219983838498592e-04
2.820125082507729530e-04
2.809090656228363514e-04
2.804808900691568851e-04
2.801082446239888668e-04
2.798094064928591251e-04
2.795991313178092241e-04
2.792394370771944523e-04
2.789428690448403358e-04
2.787090197671204805e-04
2.789027057588100433e-04
2.785906253848224878e-04
2.783237723633646965e-04
2.779077913146466017e-04
2.775216416921466589e-04
2.767945989035069942e-04
2.762536751106381416e-04
2.759855706244707108e-04
2.758163609541952610e-04
2.756530884653329849e-04
2.753321605268865824e-04
2.750585554167628288e-04
2.775150642264634371e-04
2.749697014223784208e-04
2.748036349657922983e-04
2.746618119999766350e-04
2.745356759987771511e-04
2.743552322499454021e-04
2.741714124567806721e-04
2.739623887464404106e-04
2.737703034654259682e-04
2.735322050284594297e-04
2.734263543970882893e-04
2.732459397520869970e-04
2.735831076279282570e-04
2.731916902121156454e-04
2.731484128162264824e-04
2.730592968873679638e-04
2.729188709054142237e-04
2.728527178987860680e-04
2.727539977058768272e-04
2.727228566072881222e-04
2.726802194956690073e-04
2.726212842389941216e-04
2.725299564190208912e-04
2.724261721596121788e-04
2.722661010921001434e-04
2.720743941608816385e-04
2.719410404097288847e-04
2.718214527703821659e-04
2.716967137530446053e-04
2.714826550800353289e-04
2.712358254939317703e-04
2.710214466787874699e-04
2.708909742068499327e-04
2.708166721276938915e-04
2.707492385525256395e-04
2.706524974200874567e-04
2.705215883906930685e-04
2.703868667595088482e-04
2.701921039260923862e-04
2.699933247640728951e-04
2.699231263250112534e-04
2.696870360523462296e-04
2.695687871892005205e-04
2.694573195185512304e-04
2.693128190003335476e-04
2.693196292966604233e-04
2.692210546229034662e-04
2.690444816835224628e-04
2.689196844585239887e-04
2.685536455828696489e-04
2.683815546333789825e-04
2.684754726942628622e-04
2.681800979189574718e-04
2.679552999325096607e-04
2.678685414139181376e-04
2.678442397154867649e-04
2.676738949958235025e-04
2.676237199921160936e-04
2.675310242921113968e-04
2.674599236343055964e-04
2.673341368790715933e-04
2.675562864169478416e-04
2.672810223884880543e-04
2.671935944817960262e-04
2.671354159247130156e-04
2.671986876521259546e-04
2.670350950211286545e-04
2.668997622095048428e-04
2.664981875568628311e-04
2.668288943823426962e-04
2.664520579855889082e-04
2.663267077878117561e-04
2.661471662577241659e-04
2.660466998349875212e-04
2.659365418367087841e-04
2.659730962477624416e-04
2.658795856405049562e-04
2.657495788298547268e-04
2.655909629538655281e-04
2.653690753504633904e-04
2.651946851983666420e-04
2.650974201969802380e-04
2.650614478625357151e-04
2.649972739163786173e-04
2.649315865710377693e-04
2.648986701387912035e-04
2.647789369802922010e-04
2.647495712153613567e-04
2.646736684255301952e-04
2.645833592396229506e-04
2.645388594828546047e-04
2.643233747221529484e-04
2.642081526573747396e-04
2.641504688654094934e-04
2.641004393808543682e-04
2.640163002070039511e-04
2.639354206621646881e-04
2.638701116666197777e-04
2.638465957716107368e-04
2.637915313243865967e-04
2.637601282913237810e-04
2.636747667565941811e-04
2.635921991895884275e-04
2.635351265780627728e-04
2.634022384881973267e-04
2.633050316944718361e-04
2.631465613376349211e-04
2.630171366035938263e-04
2.645630738697946072e-04
2.629914961289614439e-04
2.628676011227071285e-04
2.627852663863450289e-04
2.627272333484143019e-04
2.626728382892906666e-04
2.626503119245171547e-04
2.626195200718939304e-04
2.625653869472444057e-04
2.624406770337373018e-04
2.625909983180463314e-04
2.623834006953984499e-04
2.621997555252164602e-04
2.620304003357887268e-04
2.622390165925025940e-04
2.619690785650163889e-04
2.618719590827822685e-04
2.617611899040639400e-04
2.616320853121578693e-04
2.614923287183046341e-04
2.613571705296635628e-04
2.612161624711006880e-04
2.610197407193481922e-04
2.609889779705554247e-04
2.608274808153510094e-04
2.607652568258345127e-04
2.606989583000540733e-04
2.606384514365345240e-04
2.605828631203621626e-04
2.604631590656936169e-04
2.603844623081386089e-04
2.602447057142853737e-04
2.601275336928665638e-04
2.598243590909987688e-04
2.596556732896715403e-04
2.594101242721080780e-04
2.592471428215503693e-04
2.590767398942261934e-04
2.588349743746221066e-04
2.586543560028076172e-04
2.584285975899547338e-04
2.582718734629452229e-04
2.580948930699378252e-04
2.579184365458786488e-04
2.577551931608468294e-04
2.579271094873547554e-04
2.576878177933394909e-04
2.575968683231621981e-04
2.573360688984394073e-04
2.571689838077872992e-04
2.568303025327622890e-04
2.566997718531638384e-04
2.566094917710870504e-04
2.565191825851798058e-04
2.563619345892220736e-04
2.562532899901270866e-04
2.560960128903388977e-04
2.559714193921536207e-04
2.558020350988954306e-04
2.556234539952129126e-04
2.555168175604194403e-04
2.551798825152218342e-04
2.550327626522630453e-04
2.547578187659382820e-04
2.546092146076261997e-04
2.544905000831931829e-04
2.544077287893742323e-04
2.543425944168120623e-04
2.542185538914054632e-04
2.540927962400019169e-04
2.545933821238577366e-04
2.540441928431391716e-04
2.539212291594594717e-04
2.538383414503186941e-04
2.537391846999526024e-04
2.536062384024262428e-04
2.534513769205659628e-04
2.533119404688477516e-04
2.533757651690393686e-04
2.532622020225971937e-04
2.532021899241954088e-04
2.531055361032485962e-04
2.530194469727575779e-04
2.529077173676341772e-04
2.529002667870372534e-04
2.528392360545694828e-04
2.527655160520225763e-04
2.526574826333671808e-04
2.525882446207106113e-04
2.524681040085852146e-04
2.530538185965269804e-04
2.524041628930717707e-04
2.522253780625760555e-04
2.520096604712307453e-04
2.518406254239380360e-04
2.532087964937090874e-04
2.517643442843109369e-04
2.516429522074759007e-04
2.514421939849853516e-04
2.513507788535207510e-04
2.512904757168143988e-04
2.512336650397628546e-04
2.511561324354261160e-04
2.510547928977757692e-04
2.508730394765734673e-04
2.506867167539894581e-04
2.504642179701477289e-04
2.503894211258739233e-04
2.502721326891332865e-04
2.502349088899791241e-04
2.502155839465558529e-04
2.501117414794862270e-04
2.500875270925462246e-04
2.501230919733643532e-04
2.500672708265483379e-04
2.500487316865473986e-04
2.500054251868277788e-04
2.499442780390381813e-04
2.498773392289876938e-04
2.497691020835191011e-04
2.497101086191833019e-04
2.495596418157219887e-04
2.494239306543022394e-04
2.530120837036520243e-04
2.493711654096841812e-04
2.490728220436722040e-04
2.489169128239154816e-04
2.487715391907840967e-04
2.486380690243095160e-04
2.488251193426549435e-04
2.485753793735057116e-04
2.483725838828831911e-04
2.482100389897823334e-04
2.480845141690224409e-04
2.479508693795651197e-04
2.478081732988357544e-04
2.477054076734930277e-04
2.476857916917651892e-04
2.475413784850388765e-04
2.474526991136372089e-04
2.473208005540072918e-04
2.472344494890421629e-04
2.471075858920812607e-04
2.480626571923494339e-04
2.470656763762235641e-04
2.469409955665469170e-04
2.468464372213929892e-04
2.467886952217668295e-04
2.467298181727528572e-04
2.466547593940049410e-04
2.465071156620979309e-04
2.467232407070696354e-04
2.464484423398971558e-04
2.463241980876773596e-04
2.462235570419579744e-04
2.462005068082362413e-04
2.461179101374000311e-04
2.459997194819152355e-04
2.460645628161728382e-04
2.458964008837938309e-04
2.457298978697508574e-04
2.455116482451558113e-04
2.455188077874481678e-04
2.454725909046828747e-04
2.454131608828902245e-04
2.452936314512044191e-04
2.452357439324259758e-04
2.452029730193316936e-04
2.451782056596130133e-04
2.451283799018710852e-04
2.450605970807373524e-04
2.448253799229860306e-04
2.446170256007462740e-04
2.448167360853403807e-04
2.445435675326734781e-04
2.444663259666413069e-04
