9.656311035156250000e+01
8.949634552001953125e+01
7.224279022216796875e+01
3.891191101074218750e+01
5.650624084472656250e+01
3.534801483154296875e+01
3.800131225585937500e+01
2.866814041137695312e+01
2.780281066894531250e+01
2.671373367309570312e+01
2.475113868713378906e+01
2.218875885009765625e+01
2.069032096862792969e+01
1.687952804565429688e+01
1.523941326141357422e+01
1.350201225280761719e+01
1.019818496704101562e+01
9.536034584045410156e+00
9.240959167480468750e+00
8.925596237182617188e+00
8.007522583007812500e+00
7.317204475402832031e+00
6.528203487396240234e+00
6.839715957641601562e+00
6.135213375091552734e+00
5.889505863189697266e+00
5.536440849304199219e+00
5.339676380157470703e+00
4.974358081817626953e+00
4.432828903198242188e+00
4.054063796997070312e+00
3.856370210647583008e+00
3.745247364044189453e+00
3.590900182723999023e+00
3.349798679351806641e+00
3.129376411437988281e+00
2.936080217361450195e+00
2.810841083526611328e+00
2.742943763732910156e+00
2.681313753128051758e+00
2.572618246078491211e+00
2.440070867538452148e+00
2.258627414703369141e+00
2.038308620452880859e+00
1.738254308700561523e+00
1.687642455101013184e+00
1.576928138732910156e+00
1.536820173263549805e+00
1.506853818893432617e+00
1.464236974716186523e+00
1.419239401817321777e+00
1.375065207481384277e+00
1.358066916465759277e+00
1.492724657058715820e+00
1.258288025856018066e+00
1.106875777244567871e+00
1.088629364967346191e+00
9.151414632797241211e-01
9.018234014511108398e-01
8.639960885047912598e-01
8.471208810806274414e-01
8.009204864501953125e-01
7.710528969764709473e-01
7.207719087600708008e-01
6.590024232864379883e-01
6.144219040870666504e-01
5.549733638763427734e-01
4.352086186408996582e-01
3.567595183849334717e-01
3.089432120323181152e-01
2.763284444808959961e-01
2.595438361167907715e-01
2.473382502794265747e-01
2.386377751827239990e-01
2.304972559213638306e-01
2.245871126651763916e-01
2.159055322408676147e-01
2.027279734611511230e-01
1.863468438386917114e-01
1.589019745588302612e-01
1.476736515760421753e-01
1.424099951982498169e-01
1.381062716245651245e-01
1.307845413684844971e-01
1.233769282698631287e-01
1.168579757213592529e-01
1.142654269933700562e-01
1.129365041851997375e-01
1.104898005723953247e-01
1.054414808750152588e-01
9.810154885053634644e-02
9.044168144464492798e-02
8.379329741001129150e-02
7.743403315544128418e-02
7.294259965419769287e-02
7.151694595813751221e-02
7.083474844694137573e-02
6.972379982471466064e-02
6.861628592014312744e-02
6.734974682331085205e-02
6.557690352201461792e-02
6.213449686765670776e-02
5.938830971717834473e-02
5.830096453428268433e-02
5.660938099026679993e-02
5.587395280599594116e-02
5.482731759548187256e-02
5.317611992359161377e-02
4.907274991273880005e-02
4.646017029881477356e-02
4.535083845257759094e-02
4.416359961032867432e-02
4.335761442780494690e-02
4.206620901823043823e-02
4.071619361639022827e-02
3.885866701602935791e-02
3.687389194965362549e-02
3.526245430111885071e-02
3.458635881543159485e-02
3.437796980142593384e-02
3.411814570426940918e-02
3.355273604393005371e-02
3.259198367595672607e-02
3.151191771030426025e-02
3.044958226382732391e-02
2.960667014122009277e-02
2.858207933604717255e-02
2.790771797299385071e-02
2.722254395484924316e-02
2.656444162130355835e-02
2.605418674647808075e-02
2.586704120039939880e-02
2.569522336125373840e-02
2.553573064506053925e-02
2.545059472322463989e-02
2.535796165466308594e-02
2.526031062006950378e-02
2.510020509362220764e-02
2.472140267491340637e-02
2.408162131905555725e-02
2.292737364768981934e-02
2.190443128347396851e-02
2.063548564910888672e-02
2.016457170248031616e-02
1.992500387132167816e-02
1.967119053006172180e-02
1.924432814121246338e-02
1.878073066473007202e-02
1.866904273629188538e-02
1.857566274702548981e-02
1.846117526292800903e-02
1.833686791360378265e-02
1.819776184856891632e-02
1.804532669484615326e-02
1.795654743909835815e-02
1.784334145486354828e-02
1.772861927747726440e-02
1.753231137990951538e-02
1.726747117936611176e-02
1.703971251845359802e-02
1.673974841833114624e-02
1.636563614010810852e-02
1.593880355358123779e-02
1.542666181921958923e-02
1.510906778275966644e-02
1.499558612704277039e-02
1.461005676537752151e-02
1.451427303254604340e-02
1.436961162835359573e-02
1.426922995597124100e-02
1.419446244835853577e-02
1.410787738859653473e-02
1.400401629507541656e-02
1.384141016751527786e-02
1.362730748951435089e-02
1.339964196085929871e-02
1.300180982798337936e-02
1.263819448649883270e-02
1.229704916477203369e-02
1.156278979033231735e-02
1.070069242268800735e-02
9.979371912777423859e-03
9.493200108408927917e-03
9.035620838403701782e-03
8.894074708223342896e-03
8.797028101980686188e-03
8.737164549529552460e-03
8.661367930471897125e-03
8.606143295764923096e-03
8.560436777770519257e-03
8.526491001248359680e-03
8.493071421980857849e-03
8.457109332084655762e-03
8.395452983677387238e-03
8.374840952455997467e-03
8.316661231219768524e-03
8.287319913506507874e-03
8.228576742112636566e-03
8.164299651980400085e-03
8.073775097727775574e-03
7.853686809539794922e-03
7.662765681743621826e-03
7.505254819989204407e-03
7.411124650388956070e-03
7.370713632553815842e-03
7.338846102356910706e-03
7.299660239368677139e-03
7.266051601618528366e-03
7.243722677230834961e-03
7.213572040200233459e-03
7.189591415226459503e-03
7.174329832196235657e-03
7.170140743255615234e-03
7.157400250434875488e-03
7.151300087571144104e-03
7.143143098801374435e-03
7.128601428121328354e-03
7.088079117238521576e-03
7.031690329313278198e-03
6.959749851375818253e-03
6.901260465383529663e-03
6.813568063080310822e-03
6.731383968144655228e-03
6.580547895282506943e-03
6.493508350104093552e-03
6.377648562192916870e-03
6.289848126471042633e-03
6.246500648558139801e-03
6.166548468172550201e-03
6.112288683652877808e-03
6.036208942532539368e-03
5.955782253295183182e-03
5.905175581574440002e-03
5.892197601497173309e-03
5.869202315807342529e-03
5.856198724359273911e-03
5.843535531312227249e-03
5.831283517181873322e-03
5.819791462272405624e-03
5.816470365971326828e-03
5.813176743686199188e-03
5.811334587633609772e-03
5.808069836348295212e-03
5.801297724246978760e-03
5.786698777228593826e-03
5.780296400189399719e-03
5.756528582423925400e-03
5.741336382925510406e-03
5.727945826947689056e-03
5.711600650101900101e-03
5.688950419425964355e-03
5.655488930642604828e-03
5.602456629276275635e-03
5.544554907828569412e-03
5.470263771712779999e-03
5.342235788702964783e-03
5.169193260371685028e-03
4.882496781647205353e-03
6.655777804553508759e-03
4.715823568403720856e-03
5.801858380436897278e-03
4.498957190662622452e-03
6.573029793798923492e-03
4.141408018767833710e-03
3.911800216883420944e-03
3.721412504091858864e-03
3.923648502677679062e-03
3.561375429853796959e-03
3.660627640783786774e-03
3.381629008799791336e-03
3.397407941520214081e-03
3.260601777583360672e-03
3.520695492625236511e-03
3.154697362333536148e-03
2.988681197166442871e-03
2.957380842417478561e-03
2.884970745071768761e-03
2.923425752669572830e-03
2.813694998621940613e-03
2.743312623351812363e-03
2.642866224050521851e-03
2.596889622509479523e-03
2.562890294939279556e-03
2.534768776968121529e-03
2.521653193980455399e-03
2.516269218176603317e-03
2.506375778466463089e-03
2.501754090189933777e-03
2.494335174560546875e-03
2.482577227056026459e-03
2.467758953571319580e-03
2.459893003106117249e-03
2.420305274426937103e-03
2.381468890234827995e-03
2.335221972316503525e-03
2.276434097439050674e-03
2.229884732514619827e-03
2.130026463419198990e-03
2.044462598860263824e-03
2.071056049317121506e-03
1.975378021597862244e-03
1.940730609931051731e-03
1.927673351019620895e-03
1.890207407996058464e-03
1.862373901531100273e-03
1.840110169723629951e-03
1.871602376922965050e-03
1.829024520702660084e-03
1.829701708629727364e-03
1.817269716411828995e-03
1.812297618016600609e-03
1.806154148653149605e-03
1.801569364033639431e-03
1.797154545783996582e-03
1.790296984836459160e-03
1.784210326150059700e-03
1.775365904904901981e-03
1.763201900757849216e-03
1.749108312651515007e-03
1.730451593175530434e-03
1.712983241304755211e-03
1.699119340628385544e-03
1.695700222626328468e-03
1.686472678557038307e-03
1.676753745414316654e-03
1.659971429035067558e-03
1.748654409311711788e-03
1.651924452744424343e-03
1.644136034883558750e-03
1.635310240089893341e-03
1.628610654734075069e-03
1.611880725249648094e-03
1.591835054568946362e-03
1.757780555635690689e-03
1.572941895574331284e-03
1.534171169623732567e-03
1.484374050050973892e-03
1.450842595659196377e-03
1.414116937667131424e-03
1.390794408507645130e-03
1.364900264889001846e-03
1.347940880805253983e-03
1.335784909315407276e-03
1.318943919613957405e-03
1.305672223679721355e-03
1.285200240090489388e-03
1.268473104573786259e-03
1.253583002835512161e-03
1.240042387507855892e-03
1.232709619216620922e-03
1.226550200954079628e-03
1.218683551996946335e-03
1.202897983603179455e-03
1.175600104033946991e-03
1.155210542492568493e-03
1.155368285253643990e-03
1.150215743109583855e-03
1.144020818173885345e-03
1.134883612394332886e-03
1.122482470236718655e-03
1.099301618523895741e-03
1.068265060894191265e-03
1.041267183609306812e-03
1.025786623358726501e-03
1.013838569633662701e-03
1.003556651994585991e-03
9.922068566083908081e-04
9.804778965190052986e-04
9.666080586612224579e-04
9.471846860833466053e-04
9.382488788105547428e-04
9.237985359504818916e-04
9.037526906467974186e-04
8.756045717746019363e-04
8.522451389580965042e-04
8.221892639994621277e-04
8.043621201068162918e-04
8.462413097731769085e-04
7.948889397084712982e-04
7.840871694497764111e-04
7.657025707885622978e-04
7.508097914978861809e-04
7.380936876870691776e-04
7.244668668136000633e-04
7.119569927453994751e-04
7.125592092052102089e-04
7.056737085804343224e-04
6.973263225518167019e-04
7.025536615401506424e-04
6.919347215443849564e-04
6.867414340376853943e-04
6.844945019111037254e-04
6.817023968324065208e-04
6.808172911405563354e-04
6.798070389777421951e-04
6.784050492569804192e-04
6.761288968846201897e-04
6.705528357997536659e-04
6.678844802081584930e-04
6.628384580835700035e-04
6.595479790121316910e-04
6.571214180439710617e-04
6.553995190188288689e-04
6.530723767355084419e-04
6.504623452201485634e-04
6.465936312451958656e-04
6.406834581866860390e-04
6.340222316794097424e-04
6.233388558030128479e-04
6.104682106524705887e-04
5.948109901510179043e-04
5.876534269191324711e-04
5.840493249706923962e-04
5.779147031717002392e-04
5.746977985836565495e-04
5.718289758078753948e-04
5.700337933376431465e-04
5.690141115337610245e-04
5.678113084286451340e-04
5.672617699019610882e-04
5.669898819178342819e-04
5.667667719535529613e-04
5.662809126079082489e-04
5.658821901306509972e-04
5.655559361912310123e-04
5.653111729770898819e-04
5.650124512612819672e-04
5.644404445774853230e-04
5.695530562661588192e-04
5.635733250528573990e-04
5.621437449008226395e-04
5.579390563070774078e-04
5.622297176159918308e-04
5.562906153500080109e-04
5.534367519430816174e-04
5.418352084234356880e-04
5.285589722916483879e-04
5.184329347684979439e-04
5.076153320260345936e-04
5.069366889074444771e-04
5.039986572228372097e-04
4.990005982108414173e-04
4.916783072985708714e-04
4.860615299548953772e-04
4.810485988855361938e-04
4.760125302709639072e-04
4.749127547256648540e-04
4.723935271613299847e-04
4.713251837529242039e-04
4.705460451077669859e-04
4.698328557424247265e-04
4.691631183959543705e-04
4.688039771281182766e-04
4.686152678914368153e-04
4.683916922658681870e-04
4.682556318584829569e-04
4.679451812990009785e-04
4.674658412113785744e-04
4.658546240534633398e-04
4.646435263566672802e-04
4.620141116902232170e-04
4.580094246193766594e-04
4.505861434154212475e-04
4.431162669789046049e-04
4.482814110815525055e-04
4.406273365020751953e-04
4.349173395894467831e-04
4.294379032216966152e-04
4.227126482874155045e-04
4.202087875455617905e-04
4.183459095656871796e-04
4.176397342234849930e-04
4.157785442657768726e-04
4.143917467445135117e-04
4.121385863982141018e-04
4.101763479411602020e-04
4.096727643627673388e-04
4.077226622030138969e-04
4.074673634022474289e-04
4.069686983712017536e-04
4.065950924996286631e-04
4.062644438818097115e-04
4.073352029081434011e-04
4.060544306412339211e-04
4.057839396409690380e-04
4.054128949064761400e-04
4.049669660162180662e-04
4.044176603201776743e-04
4.031952121295034885e-04
4.009177500847727060e-04
3.958521701861172915e-04
3.867849009111523628e-04
3.748679882846772671e-04
3.599178744480013847e-04
3.527387161739170551e-04
3.494214033707976341e-04
3.457570273894816637e-04
3.481926978565752506e-04
3.396964748390018940e-04
3.353742067702114582e-04
3.311891050543636084e-04
3.244198451284319162e-04
3.202168445568531752e-04
3.173143777530640364e-04
3.147305978927761316e-04
3.108036180492490530e-04
3.058691509068012238e-04
3.031990490853786469e-04
3.004982718266546726e-04
3.003734163939952850e-04
2.992163936141878366e-04
2.991994842886924744e-04
2.982082660309970379e-04
2.968804619740694761e-04
2.959634002763777971e-04
2.952722425106912851e-04
2.943284343928098679e-04
2.936195814982056618e-04
2.928851463366299868e-04
2.919675316661596298e-04
2.905837027356028557e-04
2.888685849029570818e-04
2.873377525247633457e-04
2.860497916117310524e-04
2.853687910828739405e-04
2.849487063940614462e-04
2.843810943886637688e-04
2.841714303940534592e-04
2.836614439729601145e-04
2.834044280461966991e-04
2.829122531693428755e-04
2.822736860252916813e-04
2.820096560753881931e-04
2.816669584717601538e-04
2.814893086906522512e-04
2.810173609759658575e-04
2.808077842928469181e-04
2.804870018735527992e-04
2.802275703288614750e-04
2.798453206196427345e-04
2.794752654153853655e-04
2.791008446365594864e-04
2.788122801575809717e-04
2.784840180538594723e-04
2.781852963380515575e-04
2.775763568934053183e-04
2.763428201433271170e-04
2.743566874414682388e-04
2.719477924983948469e-04
2.711538108997046947e-04
2.689661632757633924e-04
2.685334184207022190e-04
2.679516619537025690e-04
2.666492364369332790e-04
2.641404862515628338e-04
2.669092500582337379e-04
2.618359867483377457e-04
2.575177350081503391e-04
2.538624103181064129e-04
2.631233946885913610e-04
2.509449550416320562e-04
2.894393401220440865e-04
2.485386212356388569e-04
2.461378462612628937e-04
2.466667210683226585e-04
2.433175104670226574e-04
2.419773518340662122e-04
2.395575429545715451e-04
2.375946496613323689e-04
2.349643764318898320e-04
2.316645259270444512e-04
2.302911452716216445e-04
2.270043041789904237e-04
2.243120979983359575e-04
2.209202066296711564e-04
2.184104523621499538e-04
2.154802787117660046e-04
2.138230483978986740e-04
2.120205608662217855e-04
2.099146950058639050e-04
2.094484516419470310e-04
2.072430652333423495e-04
2.065177541226148605e-04
2.058764512185007334e-04
2.039387327386066318e-04
2.022938570007681847e-04
2.002428373089060187e-04
2.046903682639822364e-04
1.995749335037544370e-04
1.982198737096041441e-04
1.971319579752162099e-04
1.962258102139458060e-04
1.951024460140615702e-04
1.914312888402491808e-04
1.876362803159281611e-04
1.856577146099880338e-04
1.838630996644496918e-04
1.830811088439077139e-04
1.811652909964323044e-04
1.803378399927169085e-04
1.796983124222606421e-04
1.790510577848181129e-04
1.778708247002214193e-04
1.764341577654704452e-04
1.746522902976721525e-04
1.721152220852673054e-04
1.704930036794394255e-04
1.694118254818022251e-04
1.679812121437862515e-04
1.667456090217456222e-04
1.651456113904714584e-04
1.636702363612130284e-04
1.625093573238700628e-04
1.616426452528685331e-04
1.609683095011860132e-04
1.605496217962354422e-04
1.603250857442617416e-04
1.599204260855913162e-04
1.595833455212414265e-04
1.593297347426414490e-04
1.587129372637718916e-04
1.585167483426630497e-04
1.582376135047525167e-04
1.580125826876610518e-04
1.576590875629335642e-04
1.574351190356537700e-04
1.570694439578801394e-04
1.567700237501412630e-04
1.566743012517690659e-04
1.566067367093637586e-04
1.563989790156483650e-04
1.561729732202365994e-04
1.557220384711399674e-04
1.552268658997491002e-04
1.554538757773116231e-04
1.550928427604958415e-04
1.548990549053996801e-04
1.547266438137739897e-04
1.545120467199012637e-04
1.541333476779982448e-04
1.536146592115983367e-04
1.527509593870490789e-04
1.517174532637000084e-04
1.528038410469889641e-04
1.512835733592510223e-04
1.506517728557810187e-04
1.502723462181165814e-04
1.500336948083713651e-04
1.496251497883349657e-04
1.484180247643962502e-04
1.473256561439484358e-04
1.459565537516027689e-04
1.435539888916537166e-04
1.414704311173409224e-04
1.402671477990224957e-04
1.396292063873261213e-04
1.391827536281198263e-04
1.386267831549048424e-04
1.378305896650999784e-04
1.376812288071960211e-04
1.371164253214374185e-04
1.368543307762593031e-04
1.361428003292530775e-04
1.346849312540143728e-04
1.326225610682740808e-04
1.303562021348625422e-04
1.268570194952189922e-04
1.243839215021580458e-04
1.246627216460183263e-04
1.228369947057217360e-04
1.213693030877038836e-04
1.195885342895053327e-04
1.187377856695093215e-04
1.179566170321777463e-04
1.170559116872027516e-04
1.172197298728860915e-04
1.166714500868692994e-04
1.160563479061238468e-04
1.153123885160312057e-04
1.147589355241507292e-04
1.143467961810529232e-04
1.141629763878881931e-04
1.140306048910133541e-04
1.136754362960346043e-04
1.132687393692322075e-04
1.129184020101092756e-04
1.125504059018567204e-04
1.122862522606737912e-04
1.120282759075053036e-04
1.118401560233905911e-04
1.116931889555417001e-04
1.114847473218105733e-04
1.111281308112666011e-04
1.106475174310617149e-04
1.104603143176063895e-04
1.100588997360318899e-04
1.095937041100114584e-04
1.092854508897289634e-04
1.088544668164104223e-04
1.084456162061542273e-04
1.081792288459837437e-04
1.079618086805567145e-04
1.077120032277889550e-04
1.075504551408812404e-04
1.075801483239047229e-04
1.074186729965731502e-04
1.072785453288815916e-04
1.070965518010780215e-04
1.070369617082178593e-04
1.069489226210862398e-04
1.068539422703906894e-04
1.066580371116288006e-04
1.064882526407018304e-04
1.061528091668151319e-04
1.056644832715392113e-04
1.052427396643906832e-04
1.048997219186276197e-04
1.046143952407874167e-04
1.043157899403013289e-04
1.040022689267061651e-04
1.038286573020741343e-04
1.035045715980231762e-04
1.033876542351208627e-04
1.032573054544627666e-04
1.031963329296559095e-04
1.031154533848166466e-04
1.031209903885610402e-04
1.030741550493985415e-04
1.030362182063981891e-04
1.029962368193082511e-04
1.029777995427139103e-04
1.028296101139858365e-04
1.026483078021556139e-04
1.023572331178002059e-04
1.018557741190306842e-04
1.012425636872649193e-04
1.006177408271469176e-04
9.966272045858204365e-05
9.925828635459765792e-05
9.789610339794307947e-05
9.682981908554211259e-05
9.557679004501551390e-05
9.450923971598967910e-05
9.264793334295973182e-05
9.066946222446858883e-05
9.092770778806880116e-05
8.999484998639672995e-05
8.885009447112679482e-05
8.840976079227402806e-05
8.765170059632509947e-05
8.721128688193857670e-05
8.687657827977091074e-05
8.674819400766864419e-05
8.670159877510741353e-05
8.663190237712115049e-05
8.654304110677912831e-05
8.645556954434141517e-05
8.635008271085098386e-05
8.618921856395900249e-05
8.605634502600878477e-05
8.596599946031346917e-05
8.581509609939530492e-05
8.573236118536442518e-05
8.564744348404929042e-05
8.555477688787505031e-05
8.541072020307183266e-05
8.522388088749721646e-05
8.510643965564668179e-05
8.498554961988702416e-05
8.482908742735162377e-05
8.466008875984698534e-05
8.432117465417832136e-05
8.402021194342523813e-05
8.391856681555509567e-05
8.370262366952374578e-05
8.315773447975516319e-05
8.308927499456331134e-05
8.274424180854111910e-05
8.184708713088184595e-05
8.123884617816656828e-05
8.024592534638941288e-05
8.072781201917678118e-05
7.997632201295346022e-05
7.969223224790766835e-05
7.943182572489604354e-05
7.916720642242580652e-05
7.897406612755730748e-05
7.875608571339398623e-05
7.853854185668751597e-05
7.825913053238764405e-05
7.783748878864571452e-05
7.769120566081255674e-05
7.707723125349730253e-05
7.675666711293160915e-05
7.628553430549800396e-05
7.779870065860450268e-05
7.599854143336415291e-05
7.570251182187348604e-05
7.551985618192702532e-05
7.531094161095097661e-05
7.495436148019507527e-05
7.463763904524967074e-05
7.415035361191257834e-05
7.428280514432117343e-05
7.374979759333655238e-05
7.294909300981089473e-05
7.242814899655058980e-05
7.187448500189930201e-05
7.158869993872940540e-05
7.137203647289425135e-05
7.119838846847414970e-05
7.102864037733525038e-05
7.079866190906614065e-05
7.079404895193874836e-05
7.066156831569969654e-05
7.054338493617251515e-05
7.040688069537281990e-05
7.025361264823004603e-05
7.004186045378446579e-05
6.993793067522346973e-05
6.982799095567315817e-05
6.978832243476063013e-05
6.974863208597525954e-05
6.970860704313963652e-05
6.968645902816206217e-05
6.966943328734487295e-05
6.964860949665307999e-05
6.961057806620374322e-05
6.957534787943586707e-05
6.953970296308398247e-05
6.947467045392841101e-05
6.939072045497596264e-05
6.919483712408691645e-05
6.903964094817638397e-05
6.879950524307787418e-05
6.860507710371166468e-05
6.842580478405579925e-05
6.830161146353930235e-05
6.819567352067679167e-05
6.812623905716463923e-05
6.807557656429708004e-05
6.803358701290562749e-05
6.800265691708773375e-05
6.795932131353765726e-05
6.789469625800848007e-05
6.781661068089306355e-05
6.774189387215301394e-05
6.766766455257311463e-05
6.761019903933629394e-05
6.757794471923261881e-05
6.752567423973232508e-05
6.744729762431234121e-05
6.738318916177377105e-05
6.730248423991724849e-05
6.714104529237374663e-05
6.695483170915395021e-05
6.684983236482366920e-05
6.685542030027136207e-05
6.677232158835977316e-05
6.669412687188014388e-05
6.661442603217437863e-05
6.657058111159130931e-05
6.643900997005403042e-05
6.630465213675051928e-05
6.618601037189364433e-05
6.612423021579161286e-05
6.603139627259224653e-05
6.592619320144876838e-05
6.582666537724435329e-05
6.569288234459236264e-05
6.553571438416838646e-05
6.535738066304475069e-05
6.503818440251052380e-05
6.440487049985677004e-05
6.371327617671340704e-05
6.294446939136832952e-05
6.223222590051591396e-05
6.136662705102935433e-05
6.023276364430785179e-05
5.932416024734266102e-05
5.836546188220381737e-05
5.799766950076445937e-05
5.783185406471602619e-05
5.755799065809696913e-05
5.724939910578541458e-05
5.682588744093663990e-05
5.645987766911275685e-05
5.625697667710483074e-05
5.604097896139137447e-05
5.583117308560758829e-05
5.555194366024807096e-05
5.567283733398653567e-05
5.545717067434452474e-05
5.531385613721795380e-05
5.517099270946346223e-05
5.504479850060306489e-05
5.494439028552733362e-05
5.488520400831475854e-05
5.482137567014433444e-05
5.477926606545224786e-05
5.471578697324730456e-05
5.463745037559419870e-05
5.457945735543034971e-05
5.453664925880730152e-05
5.451251490740105510e-05
5.449491800391115248e-05
5.445613714982755482e-05
5.443038025987334549e-05
5.440698805614374578e-05
5.439792221295647323e-05
5.435312777990475297e-05
5.433184196590445936e-05
5.428704025689512491e-05
5.423673428595066071e-05
5.416710700956173241e-05
5.407706703408621252e-05
5.398548455559648573e-05
5.384872201830148697e-05
5.361847797757945955e-05
5.321958451531827450e-05
5.314193549565970898e-05
5.297613097354769707e-05
5.256356234895065427e-05
5.212761607253924012e-05
5.181153755984269083e-05
5.147945194039493799e-05
5.127189433551393449e-05
5.123121445649303496e-05
5.096494714962318540e-05
5.071503255749121308e-05
5.049418905400671065e-05
5.024732308811508119e-05
5.014751150156371295e-05
4.999353404855355620e-05
4.975443880539387465e-05
4.934050957672297955e-05
4.952905146637931466e-05
4.894722587778232992e-05
4.851754783885553479e-05
4.821595575776882470e-05
4.809318488696590066e-05
4.793408515979535878e-05
4.783463373314589262e-05
4.765410267282277346e-05
4.749372237711213529e-05
4.733235255116596818e-05
4.707082553068175912e-05
4.685543535742908716e-05
4.663173967855982482e-05
4.647488822229206562e-05
4.629066097550094128e-05
4.590456228470429778e-05
4.565447670756839216e-05
4.522896051639690995e-05
4.495114990277215838e-05
4.462702054297551513e-05
4.443706711754202843e-05
4.422678830451332033e-05
4.411477857502177358e-05
4.395678479340858757e-05
4.384260319056920707e-05
4.372137118480168283e-05
4.358941441751085222e-05
4.344108674558810890e-05
4.332548269303515553e-05
4.324608744354918599e-05
4.319305298849940300e-05
4.311957673053257167e-05
4.301665467210114002e-05
4.291741061024367809e-05
4.282658483134582639e-05
4.275768878869712353e-05
4.269847704563289881e-05
4.262877337168902159e-05
4.254905070411041379e-05
4.251591963111422956e-05
4.250077108736149967e-05
4.244744923198595643e-05
4.242925933795049787e-05
4.239083136781118810e-05
4.236239328747615218e-05
4.233276558807119727e-05
4.229664773447439075e-05
4.225712109473533928e-05
4.224602162139490247e-05
4.216870729578658938e-05
4.211412306176498532e-05
4.205174627713859081e-05
4.200314288027584553e-05
4.194637949694879353e-05
4.188847378827631474e-05
4.184706995147280395e-05
4.179830284556373954e-05
4.175736467004753649e-05
4.170913234702311456e-05
4.167204315308481455e-05
4.163930134382098913e-05
4.161354081588797271e-05
4.159047239227220416e-05
4.157396688242442906e-05
4.155675196670927107e-05
4.152950714342296124e-05
4.149741289438679814e-05
4.145289858570322394e-05
4.141927274758927524e-05
4.136233474127948284e-05
4.132722824579104781e-05
4.130082015763036907e-05
4.128302316530607641e-05
4.126478233956731856e-05
4.124500264879316092e-05
4.122813334106467664e-05
4.121203528484329581e-05
4.120024459552951157e-05
4.118069409742020071e-05
4.115985211683437228e-05
4.113733302801847458e-05
4.110181907890364528e-05
4.107230779482051730e-05
4.102211096324026585e-05
4.096635893802158535e-05
4.091833397978916764e-05
4.088404966751113534e-05
4.085156251676380634e-05
4.080829967278987169e-05
4.074736352777108550e-05
4.092085873708128929e-05
4.070979048265144229e-05
4.063135565957054496e-05
4.048572372994385660e-05
4.037473263451829553e-05
4.021839413326233625e-05
4.005409937235526741e-05
3.985251532867550850e-05
3.957980516133829951e-05
3.924025804735720158e-05
3.860459401039406657e-05
3.806767199421301484e-05
3.770284820348024368e-05
3.746174479601904750e-05
3.714080958161503077e-05
3.678735083667561412e-05
3.651135557447560132e-05
3.628340346040204167e-05
3.597235627239570022e-05
3.568519605323672295e-05
3.538045348250307143e-05
3.515401112963445485e-05
3.489732625894248486e-05
3.447249764576554298e-05
3.429719799896702170e-05
3.386163371033035219e-05
3.354806540301069617e-05
3.327874583192169666e-05
3.262931932113133371e-05
3.200552600901573896e-05
3.119406028417870402e-05
3.095339343417435884e-05
3.044940785912331194e-05
3.038032082258723676e-05
3.008848216268233955e-05
2.997102455992717296e-05
2.983123522426467389e-05
2.954048977699130774e-05
2.931253038696013391e-05
2.911350202339235693e-05
2.894699173339176923e-05
2.888495691877324134e-05
2.876965663745068014e-05
2.868658521038014442e-05
2.859361848095431924e-05
2.847122414095792919e-05
2.832219797710422426e-05
2.814348772517405450e-05
2.792987652355805039e-05
2.769802631519269198e-05
2.763626616797409952e-05
2.758028858806937933e-05
2.753849912551231682e-05
2.748239239735994488e-05
2.741836578934453428e-05
2.734092777245678008e-05
2.722471435845363885e-05
2.717748793656937778e-05
2.692553607630543411e-05
2.672833579708822072e-05
2.653338742675259709e-05
2.641822720761410892e-05
2.632519317558035254e-05
2.621839485072996467e-05
2.612193020468112081e-05
2.604075780254788697e-05
2.598785613372456282e-05
2.590758595033548772e-05
2.584045432740822434e-05
2.578289786470122635e-05
2.572014091128949076e-05
2.567435694800224155e-05
2.564935493865050375e-05
2.561876681284047663e-05
2.559670610935427248e-05
2.557145126047544181e-05
2.554246202635113150e-05
2.550391400291118771e-05
2.547764233895577490e-05
2.543161099310964346e-05
2.540171044529415667e-05
2.538499393267557025e-05
2.537440923333633691e-05
2.535811290726996958e-05
2.533383667469024658e-05
2.542168658692389727e-05
2.532569305913057178e-05
2.530348683649208397e-05
2.528375080146361142e-05
2.527080323488917202e-05
2.525735726521816105e-05
2.524845695006661117e-05
2.522127397242002189e-05
2.521822898415848613e-05
2.518980181775987148e-05
2.517733264539856464e-05
2.516634049243293703e-05
2.515239975764416158e-05
2.513975596230011433e-05
2.512037826818414032e-05
2.510502235963940620e-05
2.510514241294004023e-05
2.508864781702868640e-05
2.505671000108122826e-05
2.503051655367016792e-05
2.499974652891978621e-05
2.496855813660658896e-05
2.491696614015381783e-05
2.479831709933932871e-05
2.469558603479526937e-05
2.454229434079024941e-05
2.445435711706522852e-05
2.440311618556734174e-05
2.434614543744828552e-05
2.425553793727885932e-05
2.419818883936386555e-05
2.416829374851658940e-05
2.413410038570873439e-05
2.410496381344273686e-05
2.407012652838602662e-05
2.401773963356390595e-05
2.396777199464850128e-05
2.391157613601535559e-05
2.383695391472429037e-05
2.376359952904749662e-05
2.365347063459921628e-05
2.349384158151224256e-05
2.327897345821838826e-05
2.309360388608183712e-05
2.309529008925892413e-05
2.303583278262522072e-05
2.295524063811171800e-05
2.290584234287962317e-05
2.287870302097871900e-05
2.285607297380920500e-05
2.283516732859425247e-05
2.282578134327195585e-05
2.281527304148767143e-05
2.280421540490351617e-05
2.279253385495394468e-05
2.278159990964923054e-05
2.276211853313725442e-05
2.274449798278510571e-05
2.271356970595661551e-05
2.267110721732024103e-05
2.261335794173646718e-05
2.253374623251147568e-05
2.245280120405368507e-05
2.237659100501332432e-05
2.234684143331833184e-05
2.231445614597760141e-05
2.226386823167558759e-05
2.234236490039620548e-05
2.224067247880157083e-05
2.220856731582898647e-05
2.218870213255286217e-05
2.217221117462031543e-05
2.215546555817127228e-05
2.214012783952057362e-05
2.213445259258151054e-05
2.212523941125255078e-05
2.211373794125393033e-05
2.209229387517552823e-05
2.207724901381880045e-05
2.206136923632584512e-05
2.202174619014840573e-05
2.197803405579179525e-05
2.186965321016032249e-05
2.175264307879842818e-05
2.249524550279602408e-05
2.171288360841572285e-05
2.163420140277594328e-05
2.155320544261485338e-05
2.149300598830450326e-05
2.134443639079108834e-05
2.113222944899462163e-05
2.102021244354546070e-05
2.103044971590861678e-05
2.096640309900976717e-05
2.092375143547542393e-05
2.086987842631060630e-05
2.083534855046309531e-05
2.079879595839884132e-05
2.094256706186570227e-05
2.077712633763439953e-05
2.074441363220103085e-05
2.071683411486446857e-05
2.068685353151522577e-05
2.064135696855373681e-05
2.059703729173634201e-05
2.055749973806086928e-05
2.051278534054290503e-05
2.043589847744442523e-05
2.033581222349312156e-05
2.022516673605423421e-05
2.010432581300847232e-05
1.998034349526278675e-05
1.988507210626266897e-05
1.984742084459867328e-05
1.981818058993667364e-05
1.979891749215312302e-05
1.976784915314055979e-05
1.970571065612602979e-05
1.964973489521071315e-05
1.960852387128397822e-05
1.958569555426947773e-05
1.956154846993740648e-05
1.954976323759183288e-05
1.953528408193960786e-05
1.952358434209600091e-05
1.951686681422870606e-05
1.951054582605138421e-05
1.950285150087438524e-05
1.949670331669040024e-05
1.949228135345038027e-05
1.948751378222368658e-05
1.947690907400101423e-05
1.946830707311164588e-05
1.945506664924323559e-05
1.944824361999053508e-05
1.943435745488386601e-05
1.942350354511290789e-05
1.941248956427443773e-05
1.939069807121995836e-05
1.935249201778788120e-05
1.930124562932178378e-05
1.921183320519048721e-05
1.917392364703118801e-05
1.899678318295627832e-05
1.889753912109881639e-05
1.881545904325321317e-05
1.878819603007286787e-05
1.875450834631919861e-05
1.872328175522852689e-05
1.869320476544089615e-05
1.866603633970953524e-05
1.864152363850735128e-05
1.862022145360242575e-05
1.858621908468194306e-05
1.854715992521960288e-05
1.851515116868540645e-05
1.857841198216192424e-05
1.849241562013048679e-05
1.848300598794594407e-05
1.845348197093699127e-05
1.843602331064175814e-05
1.842338861024472862e-05
1.840777076722588390e-05
1.838598473113961518e-05
1.837095442169811577e-05
1.835443254094570875e-05
1.832711495808325708e-05
1.825756044127047062e-05
1.821139812818728387e-05
1.817116753954906017e-05
1.813379458326380700e-05
1.807017542887479067e-05
1.800986137823201716e-05
1.795044772734399885e-05
1.789257294149138033e-05
1.784841879270970821e-05
1.779839294613339007e-05
1.776179124135524035e-05
1.772034374880604446e-05
1.766695277183316648e-05
1.760335362632758915e-05
1.751659328874666244e-05
1.745321605994831771e-05
1.742124186421278864e-05
1.738148966978769749e-05
1.734698162181302905e-05
1.730620169837493449e-05
1.723750392557121813e-05
1.721217813610564917e-05
1.717827581160236150e-05
1.711466393317095935e-05
1.708594754745718092e-05
1.704286114545539021e-05
1.701411019894294441e-05
1.698273445072118193e-05
1.695378159638494253e-05
1.691800389380659908e-05
1.684653761913068593e-05
1.680090099398512393e-05
1.677175168879330158e-05
1.674793929851148278e-05
1.672850339673459530e-05
1.670201527304016054e-05
1.668092954787425697e-05
1.664732917561195791e-05
1.663090733927674592e-05
1.662263275648001581e-05
1.661261558183468878e-05
1.660314046603161842e-05
1.659333065617829561e-05
1.658436667639762163e-05
1.657236498431302607e-05
1.656278618611395359e-05
1.655232335906475782e-05
1.654376865189988166e-05
1.653756771702319384e-05
1.653089930186979473e-05
1.652272840146906674e-05
1.651971069804858416e-05
1.651895217946730554e-05
1.651812635827809572e-05
1.651419006520882249e-05
1.651168713578954339e-05
1.650907870498485863e-05
1.650593549129553139e-05
1.650309786782599986e-05
1.650255398999433964e-05
1.649995829211547971e-05
1.649944533710367978e-05
1.649811019888147712e-05
1.649638397793751210e-05
1.649506884859874845e-05
1.649352998356334865e-05
1.649377554713282734e-05
1.649394471314735711e-05
1.649395017011556774e-05
1.649345904297661036e-05
1.649345904297661036e-05
1.649395198910497129e-05
1.649347177590243518e-05
1.649345904297661036e-05
1.649345904297661036e-05
1.649345722398720682e-05
1.649345722398720682e-05
1.659404733800329268e-05
1.649254227231722325e-05
1.649262048886157572e-05
1.649266778258606791e-05
1.649270598136354238e-05
1.649246769375167787e-05
1.649294426897540689e-05
1.649246769375167787e-05
1.649246769375167787e-05
1.649255682423245162e-05
1.649245314183644950e-05
1.649243858992122114e-05
1.649256410019006580e-05
1.649243858992122114e-05
1.649243858992122114e-05
1.649277692195028067e-05
1.649243858992122114e-05
1.649168007133994251e-05
1.649018486205022782e-05
1.649007754167541862e-05
1.648950274102389812e-05
1.648757825023494661e-05
1.648662691877689213e-05
1.648417492106091231e-05
1.648163015488535166e-05
1.647865065024234354e-05
1.647087265155278146e-05
1.646107011765707284e-05
1.644438634684775025e-05
1.641999006096739322e-05
1.639361835259478539e-05
1.637812238186597824e-05
1.636298657103907317e-05
1.635437729419209063e-05
1.634861837374046445e-05
1.634222826396580786e-05
1.633372085052542388e-05
1.631463419471401721e-05
1.637693458178546280e-05
1.629737562325317413e-05
1.627170422580093145e-05
1.619416798348538578e-05
1.621319461264647543e-05
1.616576628293842077e-05
1.611705556570086628e-05
1.597502887307200581e-05
1.593515844433568418e-05
1.585664540471043438e-05
1.580693424330092967e-05
1.572700057295151055e-05
1.567830986459739506e-05
1.560661985422484577e-05
1.549614535178989172e-05
1.537080788693856448e-05
1.529632754682097584e-05
1.516976226412225515e-05
1.506474291090853512e-05
1.499536756455199793e-05
1.491836701461579651e-05
1.486341079726116732e-05
1.481610797782195732e-05
1.478551712352782488e-05
1.474612327001523226e-05
1.469526705477619544e-05
1.463423541281372309e-05
1.456791414966573939e-05
1.450331365049351007e-05
1.453524691896745935e-05
1.447930208087200299e-05
1.433428406016901135e-05
1.421912384103052318e-05
1.418547981302253902e-05
1.416137183696264401e-05
1.412636720488080755e-05
1.408064690622268245e-05
1.400388373440364376e-05
1.392681588185951114e-05
1.383473136229440570e-05
1.385117866448126733e-05
1.377891294396249577e-05
1.372389124298933893e-05
1.364289528282824904e-05
1.359041834803065285e-05
1.355814765702234581e-05
1.361646172881592065e-05
1.350384354736888781e-05
1.342832183581776917e-05
1.336895456915954128e-05
1.330615941697033122e-05
1.330124086962314323e-05
1.326457731920527294e-05
1.324789081991184503e-05
1.322541174886282533e-05
1.321045601798687130e-05
1.319055991189088672e-05
1.317549049417721108e-05
1.315487133979331702e-05
1.312774656980764121e-05
1.310107109020464122e-05
1.307948150497395545e-05
1.306330796069232747e-05
1.305181103816721588e-05
1.303777662542415783e-05
1.302335476793814451e-05
1.300132043979829177e-05
1.307540514972060919e-05
1.299317227676510811e-05
1.296295795327750966e-05
1.289672491111559793e-05
1.286018959945067763e-05
1.295521087740780786e-05
1.283363508264301345e-05
1.281217373616527766e-05
1.280076503462623805e-05
1.279105526919011027e-05
1.278265972359804437e-05
1.277345836570020765e-05
1.276540206163190305e-05
1.275855447602225468e-05
1.275306112802354619e-05
1.274776514037512243e-05
1.274183614441426471e-05
1.273567431780975312e-05
1.272933150175958872e-05
1.272317695111269131e-05
1.271763358090538532e-05
1.271233759325696155e-05
1.271006112801842391e-05
1.270923894480802119e-05
1.270510256290435791e-05
1.270266784558771178e-05
1.269900531042367220e-05
1.269449057872407138e-05
1.269115091417916119e-05
1.268637061002664268e-05
1.268238338525407016e-05
1.267605603061383590e-05
1.266732033400330693e-05
1.272671215701848269e-05
1.266476374439662322e-05
1.265538503503194079e-05
1.264869842998450622e-05
1.264692309632664546e-05
1.264499496755888686e-05
1.264226921193767339e-05
1.264050661120563745e-05
1.263870126422261819e-05
1.263695867237402126e-05
1.263511421711882576e-05
1.263298145204316825e-05
1.262945988855790347e-05
1.262576915905810893e-05
1.262110254174331203e-05
1.261750276171369478e-05
1.261265879293205217e-05
1.260844237549463287e-05
1.260640965483617038e-05
1.260231420019408688e-05
1.260000044567277655e-05
1.259810051124077290e-05
1.259058899449883029e-05
1.258914653590181842e-05
1.258692827832419425e-05
1.258499469258822501e-05
1.258208976651076227e-05
1.258039810636546463e-05
1.257761505257803947e-05
1.257533858733950183e-05
1.257348503713728860e-05
1.257260919373948127e-05
1.256896393897477537e-05
1.256606992683373392e-05
1.256362338608596474e-05
1.255777624464826658e-05
1.255433198821265250e-05
1.254950529983034357e-05
1.254381822946015745e-05
1.253612481377786025e-05
1.253243863175157458e-05
1.252846232091542333e-05
1.252600850421003997e-05
1.252361289516557008e-05
1.252042966370936483e-05
1.251604680874152109e-05
1.251144385605584830e-05
1.250746481673559174e-05
1.250136392627609894e-05
1.249477463716175407e-05
1.253737718798220158e-05
1.249212436960078776e-05
1.248226544703356922e-05
1.247178806806914508e-05
1.246047304448438808e-05
1.244378290721215308e-05
1.241961763298604637e-05
1.263323702005436644e-05
1.241585414391011000e-05
1.239785251527791843e-05
1.239076846104580909e-05
1.238543245563050732e-05
1.238054119312437251e-05
1.237592096003936604e-05
1.237370452145114541e-05
1.236846946994774044e-05
1.236429852724540979e-05
1.235917261510621756e-05
1.235177205671789125e-05
1.234051887877285480e-05
1.232523572980426252e-05
1.233244802278932184e-05
1.231856822414556518e-05
1.230532507179304957e-05
1.229619920195546001e-05
1.229044664796674624e-05
1.228400196850998327e-05
1.227539451065240428e-05
1.226325639436254278e-05
1.225402138516074046e-05
1.224522839038399979e-05
1.223874733113916591e-05
1.222189712279941887e-05
1.220888134412234649e-05
1.219271507579833269e-05
1.217717363033443689e-05
1.216902819578535855e-05
1.215117663377895951e-05
1.214156145579181612e-05
1.212911320180865005e-05
1.211731614603195339e-05
1.210996197187341750e-05
1.208768662763759494e-05
1.207175046147312969e-05
1.205418357130838558e-05
1.204512591357342899e-05
1.203753345180302858e-05
1.202874318551039323e-05
1.202392286359099671e-05
1.201573104481212795e-05
1.201143004436744377e-05
1.200351653096731752e-05
1.199453527078730986e-05
1.198611698782769963e-05
1.197592519019963220e-05
1.197153142129536718e-05
1.195996173919411376e-05
1.195399818243458867e-05
1.194481410493608564e-05
1.193307161884149536e-05
1.191444243886508048e-05
1.204587169922888279e-05
1.190899820358026773e-05
1.189329032058594748e-05
1.188116948469541967e-05
1.187037833005888388e-05
1.185242217616178095e-05
1.183449876407394186e-05
1.181872721645049751e-05
1.179930040962062776e-05
1.178562706627417356e-05
1.176132900582160801e-05
1.174915269075427204e-05
1.173592590930638835e-05
1.172077554656425491e-05
1.170812083728378639e-05
1.167794380307896063e-05
1.168146354757482186e-05
1.166411584563320503e-05
1.166674246633192524e-05
1.165071535069728270e-05
1.163595152320340276e-05
1.161443924502236769e-05
1.161939508165232837e-05
1.160243664344307035e-05
1.158087980002164841e-05
1.156648158939788118e-05
1.154908022726885974e-05
1.153443827206501737e-05
1.150933348981197923e-05
1.149613763118395582e-05
1.147808507084846497e-05
1.146188515122048557e-05
1.143046938523184508e-05
1.139326195698231459e-05
1.134087688114959747e-05
1.131156568590085953e-05
1.127557789004640654e-05
1.125383096223231405e-05
1.125570724980207160e-05
1.124355731008108705e-05
1.123357469623442739e-05
1.120854267355753109e-05
1.118919044529320672e-05
1.115669419959886000e-05
1.125658036471577361e-05
1.114174483518581837e-05
1.112796053348574787e-05
1.111300116463098675e-05
1.109558252210263163e-05
1.106506897485814989e-05
1.103684553527273238e-05
1.101729685615282506e-05
1.099503060686402023e-05
1.096932282962370664e-05
1.093397622753400356e-05
1.090189380192896351e-05
1.087846703740069643e-05
1.084575706045143306e-05
1.083607730834046379e-05
1.079750472854357213e-05
1.078450077329762280e-05
1.075437558029079810e-05
1.073159728548489511e-05
1.069550853571854532e-05
1.065685501089319587e-05
1.063082527252845466e-05
1.061051625583786517e-05
1.058833731804043055e-05
1.055304437613813207e-05
1.052500647347187623e-05
1.049905586114618927e-05
1.046346551447641104e-05
1.042125859385123476e-05
1.039469771058065817e-05
1.037562560668447986e-05
1.035990590025903657e-05
1.033881835610372946e-05
1.031299507303629071e-05
1.028791484714020044e-05
1.027459256874863058e-05
1.026520294544752687e-05
1.025919209496350959e-05
1.025221536110620946e-05
1.024422726914053783e-05
1.023925506160594523e-05
1.023639379127416760e-05
1.023402728606015444e-05
1.023017921397695318e-05
1.022506967274239287e-05
1.021684329316485673e-05
1.020990021061152220e-05
1.020131912810029462e-05
1.019660339807160199e-05
1.019043338601477444e-05
1.018872990243835375e-05
1.018246075545903295e-05
1.017953582049813122e-05
1.017240902001503855e-05
1.016260921460343525e-05
1.015045745589304715e-05
1.014122790365945548e-05
1.013404653349425644e-05
1.013038126984611154e-05
1.012662596622249112e-05
1.012021675705909729e-05
1.011416225082939491e-05
1.010915184451732785e-05
1.010533742373809218e-05
1.010068262985441834e-05
1.010148753266548738e-05
1.009926836559316143e-05
1.009752486424986273e-05
1.009679454000433907e-05
1.009451807476580143e-05
1.009267998597351834e-05
1.009100924420636147e-05
1.009067909762961790e-05
1.009093102766200900e-05
1.009086372505407780e-05
1.009059087664354593e-05
1.009048901323694736e-05
1.009075367619516328e-05
1.009083553071832284e-05
1.009048537525814027e-05
1.009048264677403495e-05
1.009033076115883887e-05
1.009033076115883887e-05
1.009614061331376433e-05
1.009000334306620061e-05
1.009024163067806512e-05
1.009095467452425510e-05
1.009045536193298176e-05
1.008998697216156870e-05
1.008998697216156870e-05
1.009010702546220273e-05
1.008998515317216516e-05
1.008998515317216516e-05
1.009020888886880130e-05
1.008998515317216516e-05
1.008998515317216516e-05
1.009012612485093996e-05
1.008998515317216516e-05
1.008998515317216516e-05
1.009029074339196086e-05
1.008998515317216516e-05
1.008998515317216516e-05
1.009023162623634562e-05
1.008998515317216516e-05
1.008998515317216516e-05
1.009004699881188571e-05
1.008998515317216516e-05
1.008998515317216516e-05
1.009000880003441125e-05
1.008998515317216516e-05
1.008998515317216516e-05
1.009001698548672721e-05
1.008998515317216516e-05
1.008998515317216516e-05
1.009000516205560416e-05
1.008998515317216516e-05
1.008998515317216516e-05
1.008999970508739352e-05
1.008998515317216516e-05
1.008998515317216516e-05
1.008999242912977934e-05
1.008998515317216516e-05
1.008998515317216516e-05
1.008998515317216516e-05
1.008998515317216516e-05
1.008998515317216516e-05
1.008998515317216516e-05
1.008998515317216516e-05
2.029699739068746567e-03
1.270181201107334346e-05
1.009205698210280389e-05
1.008975868899142370e-05
1.008978961181128398e-05
1.008968774840468541e-05
1.008882372843800113e-05
1.008812705549644306e-05
1.008721574180526659e-05
1.008686922432389110e-05
1.008609069685917348e-05
1.008554500003810972e-05
1.008393883239477873e-05
1.008169692795490846e-05
1.008106301014777273e-05
1.007978335110237822e-05
1.007970968203153461e-05
1.007846549327950925e-05
1.007831087918020785e-05
1.007800619845511392e-05
1.007811260933522135e-05
1.007731407298706472e-05
1.007766968541545793e-05
1.007714490697253495e-05
1.007729861157713458e-05
1.007737228064797819e-05
1.007748869596980512e-05
1.007731407298706472e-05
1.007715218293014914e-05
1.007714490697253495e-05
1.007714490697253495e-05
1.007714490697253495e-05
1.007714490697253495e-05
1.007714490697253495e-05
1.007714490697253495e-05
1.007714490697253495e-05
1.007714490697253495e-05
1.007714490697253495e-05
1.007714490697253495e-05
1.007714490697253495e-05
1.007714490697253495e-05
