3.121830701828002930e+00
8.972913026809692383e-01
1.109694123268127441e+00
7.841335535049438477e-01
7.325858473777770996e-01
7.044061422348022461e-01
7.019546031951904297e-01
7.007949352264404297e-01
6.989864110946655273e-01
6.962039470672607422e-01
6.931878924369812012e-01
6.927118301391601562e-01
6.922575235366821289e-01
6.921793818473815918e-01
6.917029619216918945e-01
6.910634636878967285e-01
6.901233792304992676e-01
6.891742348670959473e-01
6.886045932769775391e-01
6.881707906723022461e-01
6.876419186592102051e-01
6.870919466018676758e-01
6.865637302398681641e-01
6.858321428298950195e-01
6.855013966560363770e-01
6.853787302970886230e-01
6.852790117263793945e-01
6.851152181625366211e-01
6.848711371421813965e-01
6.842051148414611816e-01
6.830378770828247070e-01
6.829634308815002441e-01
7.018799185752868652e-01
6.815342307090759277e-01
6.802053451538085938e-01
6.792642474174499512e-01
6.728476285934448242e-01
6.683551073074340820e-01
6.775870323181152344e-01
6.619645357131958008e-01
6.486736536026000977e-01
6.986248493194580078e-01
6.087426543235778809e-01
6.983581781387329102e-01
5.680863857269287109e-01
7.369672060012817383e-01
5.485448241233825684e-01
5.233314633369445801e-01
5.267990827560424805e-01
5.073873996734619141e-01
4.731859564781188965e-01
4.233556389808654785e-01
4.973866939544677734e-01
3.700134158134460449e-01
1.793141603469848633e+00
3.126997053623199463e-01
5.775730013847351074e-01
2.638304829597473145e-01
2.522661089897155762e-01
2.817958295345306396e-01
2.402109503746032715e-01
2.377256602048873901e-01
2.335528880357742310e-01
2.307707816362380981e-01
2.277802377939224243e-01
2.209037691354751587e-01
2.127256393432617188e-01
2.068606764078140259e-01
2.039011865854263306e-01
1.948412358760833740e-01
1.864615082740783691e-01
1.771411150693893433e-01
1.677547395229339600e-01
1.519901752471923828e-01
1.553844660520553589e-01
1.456767320632934570e-01
1.394996643066406250e-01
1.393984407186508179e-01
1.365627944469451904e-01
1.358188837766647339e-01
1.328851431608200073e-01
1.311918795108795166e-01
1.277018487453460693e-01
1.225499659776687622e-01
1.145146712660789490e-01
1.074245944619178772e-01
1.029283627867698669e-01
1.010143756866455078e-01
1.011567115783691406e-01
9.768754243850708008e-02
9.678876399993896484e-02
9.476554393768310547e-02
9.423004835844039917e-02
9.296029806137084961e-02
9.169261902570724487e-02
8.943004906177520752e-02
8.672808110713958740e-02
8.499498665332794189e-02
8.349695056676864624e-02
8.249019831418991089e-02
8.099835366010665894e-02
7.942205667495727539e-02
7.792764902114868164e-02
7.645607739686965942e-02
7.471679896116256714e-02
7.369900494813919067e-02
7.291342318058013916e-02
7.233280688524246216e-02
7.188573479652404785e-02
7.081980258226394653e-02
6.956179440021514893e-02
6.863260269165039062e-02
6.781704723834991455e-02
6.732999533414840698e-02
6.700514256954193115e-02
6.673100590705871582e-02
6.641160696744918823e-02
6.582307070493698120e-02
6.522871553897857666e-02
6.489424407482147217e-02
6.320770084857940674e-02
6.166220456361770630e-02
5.878078937530517578e-02
5.836779251694679260e-02
6.064621359109878540e-02
5.748333409428596497e-02
5.714301392436027527e-02
5.699529126286506653e-02
5.691811814904212952e-02
5.683568865060806274e-02
5.671492964029312134e-02
5.635701492428779602e-02
5.553730204701423645e-02
5.453651398420333862e-02
5.385702475905418396e-02
5.315645039081573486e-02
5.301983654499053955e-02
5.273405835032463074e-02
5.255933851003646851e-02
5.228238552808761597e-02
5.201204866170883179e-02
5.184160172939300537e-02
5.173775181174278259e-02
5.160071700811386108e-02
5.128103494644165039e-02
5.070395022630691528e-02
4.983678460121154785e-02
4.904142767190933228e-02
4.856733232736587524e-02
4.813908040523529053e-02
4.804202169179916382e-02
4.793997108936309814e-02
4.781878739595413208e-02
4.744165390729904175e-02
4.689747095108032227e-02
4.598867893218994141e-02
4.452402889728546143e-02
4.445243626832962036e-02
4.374932870268821716e-02
4.253942519426345825e-02
4.962074011564254761e-02
4.183791205286979675e-02
4.181634634733200073e-02
4.147854819893836975e-02
4.115734994411468506e-02
4.096961766481399536e-02
4.072742909193038940e-02
4.014773666858673096e-02
3.907155990600585938e-02
3.760536015033721924e-02
3.538457676768302917e-02
3.421227633953094482e-02
3.414019569754600525e-02
3.311939537525177002e-02
3.351163491606712341e-02
3.261799365282058716e-02
3.202468901872634888e-02
3.134012967348098755e-02
3.075106069445610046e-02
3.054468519985675812e-02
3.038664907217025757e-02
3.024140186607837677e-02
3.005253523588180542e-02
2.959854155778884888e-02
2.915570512413978577e-02
2.869778499007225037e-02
2.791602164506912231e-02
2.695820480585098267e-02
2.662953548133373260e-02
2.637999132275581360e-02
2.626704424619674683e-02
2.614923007786273956e-02
2.597553655505180359e-02
2.586177736520767212e-02
2.573335915803909302e-02
2.562431618571281433e-02
2.533911913633346558e-02
2.492500469088554382e-02
2.435980737209320068e-02
2.397590503096580505e-02
2.384776249527931213e-02
2.373692393302917480e-02
2.365767210721969604e-02
2.356604859232902527e-02
2.347734756767749786e-02
2.340906485915184021e-02
2.336208894848823547e-02
2.328219264745712280e-02
2.310833707451820374e-02
2.277239598333835602e-02
2.237191051244735718e-02
2.193427830934524536e-02
2.155440114438533783e-02
2.148485369980335236e-02
2.139208465814590454e-02
2.134421281516551971e-02
2.120998129248619080e-02
2.099652960896492004e-02
2.051362022757530212e-02
1.986637338995933533e-02
1.902115345001220703e-02
1.858709752559661865e-02
1.835044473409652710e-02
1.825235225260257721e-02
1.818329095840454102e-02
1.813177578151226044e-02
1.806288771331310272e-02
1.799049787223339081e-02
1.789601705968379974e-02
1.775228232145309448e-02
1.745035499334335327e-02
1.708657294511795044e-02
1.665300689637660980e-02
1.635236665606498718e-02
1.593921333551406860e-02
1.580812595784664154e-02
1.568029634654521942e-02
1.561195030808448792e-02
1.554539613425731659e-02
1.543168723583221436e-02
1.536807324737310410e-02
1.527084782719612122e-02
1.517411880195140839e-02
1.501512341201305389e-02
1.488369703292846680e-02
1.472279801964759827e-02
1.446800120174884796e-02
1.435736194252967834e-02
1.416846644133329391e-02
1.405171677470207214e-02
1.393082737922668457e-02
1.382247172296047211e-02
1.374198310077190399e-02
1.363825239241123199e-02
1.351614668965339661e-02
1.342540048062801361e-02
1.337602455168962479e-02
1.331760548055171967e-02
1.326945424079895020e-02
1.319367624819278717e-02
1.303842756897211075e-02
1.273810304701328278e-02
1.305489055812358856e-02
1.257997006177902222e-02
1.232437789440155029e-02
1.210997067391872406e-02
1.193778216838836670e-02
1.176497153937816620e-02
1.163190044462680817e-02
1.151386089622974396e-02
1.144052390009164810e-02
1.136729121208190918e-02
1.129066012799739838e-02
1.119201257824897766e-02
1.105233374983072281e-02
1.086486130952835083e-02
1.078206486999988556e-02
1.067402027547359467e-02
1.060616038739681244e-02
1.052178069949150085e-02
1.042971573770046234e-02
1.034204754978418350e-02
1.025514490902423859e-02
1.013761106878519058e-02
1.005953829735517502e-02
9.915253147482872009e-03
9.788460098206996918e-03
9.641610085964202881e-03
9.425727650523185730e-03
9.312214329838752747e-03
9.246703237295150757e-03
9.197907522320747375e-03
9.145573712885379791e-03
9.095369838178157806e-03
9.032452479004859924e-03
8.953159675002098083e-03
8.883895352482795715e-03
8.809490129351615906e-03
8.774683810770511627e-03
8.747898042201995850e-03
8.724214509129524231e-03
8.680161088705062866e-03
8.578793145716190338e-03
8.470483124256134033e-03
8.315796032547950745e-03
8.167972788214683533e-03
7.989393547177314758e-03
7.839503698050975800e-03
7.971446961164474487e-03
7.739707827568054199e-03
7.597740739583969116e-03
7.481142878532409668e-03
7.423347793519496918e-03
7.375506684184074402e-03
7.305573672056198120e-03
7.198660168796777725e-03
7.047230377793312073e-03
6.849082652479410172e-03
6.570541299879550934e-03
6.400735117495059967e-03
6.373732350766658783e-03
6.229184567928314209e-03
6.086513400077819824e-03
5.897646304219961166e-03
5.780171602964401245e-03
5.679252557456493378e-03
5.596612580120563507e-03
5.546502303332090378e-03
5.485078319907188416e-03
5.441249813884496689e-03
5.486431997269392014e-03
5.428293254226446152e-03
5.405480042099952698e-03
5.377260968089103699e-03
5.353956483304500580e-03
5.332145374268293381e-03
5.284082610160112381e-03
5.171685013920068741e-03
5.055258050560951233e-03
4.983512219041585922e-03
4.930173978209495544e-03
4.889751318842172623e-03
4.867618903517723083e-03
4.847875330597162247e-03
4.834170453250408173e-03
4.818685818463563919e-03
4.795266315340995789e-03
4.770662169903516769e-03
4.747031722217798233e-03
4.727930296212434769e-03
4.711941815912723541e-03
4.692217335104942322e-03
4.661147017031908035e-03
4.625068046152591705e-03
4.599628970026969910e-03
4.572982434183359146e-03
4.557796753942966461e-03
4.540804307907819748e-03
4.513537976890802383e-03
4.468138329684734344e-03
4.422353114932775497e-03
4.377853590995073318e-03
4.303262569010257721e-03
4.222799092531204224e-03
4.120304249227046967e-03
4.032494034618139267e-03
4.007402807474136353e-03
4.038166254758834839e-03
3.972700331360101700e-03
3.949463833123445511e-03
3.930956590920686722e-03
3.916274290531873703e-03
3.906854428350925446e-03
3.893055487424135208e-03
3.879734780639410019e-03
3.863097866997122765e-03
3.822589991614222527e-03
3.795315977185964584e-03
3.762371372431516647e-03
3.728470299392938614e-03
3.688337979838252068e-03
3.658736590296030045e-03
3.634582040831446648e-03
3.598134266212582588e-03
3.568743355572223663e-03
3.542237682268023491e-03
3.516561817377805710e-03
3.481507301330566406e-03
3.424917347729206085e-03
3.354710061103105545e-03
3.288596170023083687e-03
3.206599038094282150e-03
3.145484253764152527e-03
3.093331819400191307e-03
3.061773953959345818e-03
3.036934882402420044e-03
3.025528043508529663e-03
3.003589808940887451e-03
2.992841182276606560e-03
2.973087597638368607e-03
2.954215276986360550e-03
2.936532953754067421e-03
2.922274405136704445e-03
2.906067995354533195e-03
2.881716471165418625e-03
2.868487499654293060e-03
2.858680440112948418e-03
2.851723227649927139e-03
2.843123627826571465e-03
2.847698749974370003e-03
2.833390142768621445e-03
2.810640493407845497e-03
2.778721740469336510e-03
2.749674487859010696e-03
2.715973416343331337e-03
2.656889613717794418e-03
2.607355359941720963e-03
2.577631501480937004e-03
2.541732508689165115e-03
2.523374278098344803e-03
2.504628617316484451e-03
2.475180197507143021e-03
2.452409360557794571e-03
2.433740999549627304e-03
2.411520108580589294e-03
2.392611699178814888e-03
2.378827892243862152e-03
2.363814273849129677e-03
2.350250259041786194e-03
2.337103709578514099e-03
2.321568317711353302e-03
2.305962610989809036e-03
2.290085423737764359e-03
2.279586857184767723e-03
2.264798153191804886e-03
2.254220424219965935e-03
2.246151678264141083e-03
2.236947882920503616e-03
2.223700284957885742e-03
2.197507768869400024e-03
2.179944422096014023e-03
2.152930013835430145e-03
2.135285641998052597e-03
2.121677156537771225e-03
2.113224938511848450e-03
2.102212049067020416e-03
2.094869501888751984e-03
2.084596082568168640e-03
2.074154792353510857e-03
2.065960783511400223e-03
2.058954909443855286e-03
2.052357653155922890e-03
2.043244661763310432e-03
2.028914168477058411e-03
2.028569346293807030e-03
2.022262662649154663e-03
2.016837708652019501e-03
2.009933348745107651e-03
1.999510917812585831e-03
1.983982045203447342e-03
1.964130438864231110e-03
1.937401713803410530e-03
1.905117183923721313e-03
1.866963575594127178e-03
1.853475463576614857e-03
1.838653581216931343e-03
1.830562832765281200e-03
1.820213627070188522e-03
1.811391208320856094e-03
1.799569930881261826e-03
1.787085202522575855e-03
1.774828997440636158e-03
1.767734531313180923e-03
1.759656937792897224e-03
1.752576790750026703e-03
1.744140638038516045e-03
1.755616860464215279e-03
1.739033497869968414e-03
1.726273680105805397e-03
1.713894307613372803e-03
1.706180395558476448e-03
1.693678554147481918e-03
1.681851921603083611e-03
1.678955042734742165e-03
1.648348406888544559e-03
1.625955221243202686e-03
1.600354327820241451e-03
1.584452809765934944e-03
1.566086662933230400e-03
1.556500559672713280e-03
1.548716682009398937e-03
1.538208220154047012e-03
1.528856344521045685e-03
1.517858356237411499e-03
1.507085748016834259e-03
1.500741927884519100e-03
1.492295181378722191e-03
1.484157983213663101e-03
1.476139994338154793e-03
1.469361595809459686e-03
1.463207532651722431e-03
1.455703051760792732e-03
1.444147783331573009e-03
1.440761960111558437e-03
1.423305948264896870e-03
1.416182261891663074e-03
1.407557632774114609e-03
1.397529384121298790e-03
1.385322306305170059e-03
1.372348167933523655e-03
1.361629343591630459e-03
1.356163294985890388e-03
1.351881073787808418e-03
1.345968921668827534e-03
1.338153495453298092e-03
1.333609456196427345e-03
1.326415338553488255e-03
1.316135050728917122e-03
1.303471392020583153e-03
1.288039609789848328e-03
1.273323432542383671e-03
1.267918618395924568e-03
1.256539486348628998e-03
1.253174734301865101e-03
1.249159104190766811e-03
1.247761189006268978e-03
1.245212159119546413e-03
1.243268023245036602e-03
1.241583027876913548e-03
1.239821780472993851e-03
1.238094060681760311e-03
1.235439442098140717e-03
1.229688758030533791e-03
1.223910134285688400e-03
1.212797127664089203e-03
1.201095292344689369e-03
1.194077660329639912e-03
1.183644169941544533e-03
1.177992322482168674e-03
1.171305775642395020e-03
1.166157540865242481e-03
1.159280771389603615e-03
1.228645909577608109e-03
1.156760379672050476e-03
1.146892667748034000e-03
1.130252378061413765e-03
1.112197525799274445e-03
1.098120934329926968e-03
1.093963743187487125e-03
1.083817216567695141e-03
1.078543835319578648e-03
1.073011429980397224e-03
1.061266288161277771e-03
1.051251310855150223e-03
1.030915998853743076e-03
1.016660942696034908e-03
1.017293077893555164e-03
1.010392559692263603e-03
9.979683673009276390e-04
9.939623996615409851e-04
9.886501356959342957e-04
9.860814316198229790e-04
9.839818812906742096e-04
9.811432100832462311e-04
9.762521367520093918e-04
9.705635020509362221e-04
9.699086076579988003e-04
9.671418229117989540e-04
9.633583249524235725e-04
9.590836125425994396e-04
9.540051687508821487e-04
9.466270566917955875e-04
9.411500650458037853e-04
9.347008308395743370e-04
9.295954369008541107e-04
9.247309062629938126e-04
9.201146895065903664e-04
9.171179844997823238e-04
9.148489334620535374e-04
9.103309712372720242e-04
9.107335936278104782e-04
9.071730310097336769e-04
9.024192113429307938e-04
8.990486967377364635e-04
8.964098524302244186e-04
8.940809057094156742e-04
8.910994511097669601e-04
8.882788242772221565e-04
8.843406103551387787e-04
8.795752073638141155e-04
8.718501776456832886e-04
8.583316230215132236e-04
8.512120111845433712e-04
8.451226167380809784e-04
8.426966378465294838e-04
8.407470304518938065e-04
8.378078928217291832e-04
8.334686863236129284e-04
8.296312298625707626e-04
8.263974450528621674e-04
8.224712801165878773e-04
8.164833998307585716e-04
8.066743030212819576e-04
8.013913175091147423e-04
8.004026021808385849e-04
7.900914060883224010e-04
7.800812600180506706e-04
7.677010726183652878e-04
7.642793352715671062e-04
7.554114563390612602e-04
7.488484843634068966e-04
7.437281310558319092e-04
7.376644643954932690e-04
7.355171255767345428e-04
7.334013935178518295e-04
7.300711004063487053e-04
7.282128790393471718e-04
7.303663296625018120e-04
7.263880106620490551e-04
7.231634226627647877e-04
7.204547291621565819e-04
7.190312026068568230e-04
7.173248450271785259e-04
7.138831424526870251e-04
7.076033507473766804e-04
6.957017467357218266e-04
7.382101030088961124e-04
6.924258777871727943e-04
6.823947187513113022e-04
6.806401070207357407e-04
6.756342481821775436e-04
6.739805685356259346e-04
6.706194253638386726e-04
6.669654394499957561e-04
6.681836675852537155e-04
6.644994136877357960e-04
6.611312273889780045e-04
6.589858676306903362e-04
6.571053527295589447e-04
6.541990442201495171e-04
6.506535573862493038e-04
6.465211627073585987e-04
6.454299436882138252e-04
6.351018091663718224e-04
6.286635762080550194e-04
6.211028667166829109e-04
6.126940716058015823e-04
6.068614311516284943e-04
6.028242059983313084e-04
5.996538093313574791e-04
5.956112290732562542e-04
5.919967079535126686e-04
5.867658182978630066e-04
5.807464476674795151e-04
5.734113510698080063e-04
5.663650226779282093e-04
5.623539327643811703e-04
5.593891837634146214e-04
5.568319465965032578e-04
5.523567670024931431e-04
5.513489595614373684e-04
5.472378106787800789e-04
5.455908831208944321e-04
5.431654280982911587e-04
5.411171005107462406e-04
5.384851829148828983e-04
5.359044880606234074e-04
5.308751133270561695e-04
5.268331733532249928e-04
5.239829770289361477e-04
5.204282351769506931e-04
5.191969685256481171e-04
5.166266928426921368e-04
5.151832010596990585e-04
5.124741583131253719e-04
5.230205715633928776e-04
5.119619891047477722e-04
5.103474832139909267e-04
5.089451442472636700e-04
5.074209766462445259e-04
5.053144996054470539e-04
5.029942840337753296e-04
5.027376464568078518e-04
5.010355962440371513e-04
5.003160913474857807e-04
4.992997855879366398e-04
4.982693353667855263e-04
4.958186182193458080e-04
4.933793097734451294e-04
4.896500613540410995e-04
4.833739658351987600e-04
4.782607720699161291e-04
4.735300317406654358e-04
4.685281601268798113e-04
4.656622477341443300e-04
4.620830295607447624e-04
4.580099484883248806e-04
4.547920834738761187e-04
4.540943773463368416e-04
4.517510242294520140e-04
4.508438287302851677e-04
4.491975996643304825e-04
4.469519481062889099e-04
4.447957908269017935e-04
4.432508139871060848e-04
4.407624364830553532e-04
4.394105344545096159e-04
4.386618384160101414e-04
4.375515272840857506e-04
4.358312289696186781e-04
4.425723454914987087e-04
4.349380615167319775e-04
4.334180557634681463e-04
4.314941179472953081e-04
4.298356361687183380e-04
4.276261897757649422e-04
4.261315916664898396e-04
4.237638204358518124e-04
4.229792684782296419e-04
4.221753915771842003e-04
4.213984357193112373e-04
4.198852693662047386e-04
4.172805056441575289e-04
4.147185827605426311e-04
4.109099390916526318e-04
4.090302390977740288e-04
4.038901824969798326e-04
4.018862382508814335e-04
4.002170753665268421e-04
3.986375231761485338e-04
3.968571254517883062e-04
3.943666233681142330e-04
3.928559599444270134e-04
3.912695683538913727e-04
3.894831170327961445e-04
3.882043529301881790e-04
3.854918759316205978e-04
3.830979112535715103e-04
3.810231282841414213e-04
3.793704963754862547e-04
3.773479547817260027e-04
3.752151678781956434e-04
3.739394305739551783e-04
3.730476892087608576e-04
3.721484972629696131e-04
3.715448838192969561e-04
3.705625131260603666e-04
3.695552877616137266e-04
3.688599390443414450e-04
3.680960217025130987e-04
3.666048287414014339e-04
3.648272249847650528e-04
3.629775019362568855e-04
3.612478321883827448e-04
3.592905122786760330e-04
3.562449710443615913e-04
3.541396872606128454e-04
3.522323095239698887e-04
3.509219677653163671e-04
3.495965793263167143e-04
3.475782577879726887e-04
3.463042667135596275e-04
3.451353695709258318e-04
3.455373225733637810e-04
3.442577435635030270e-04
3.432151279412209988e-04
3.414591774344444275e-04
3.395895764697343111e-04
3.358880931045860052e-04
3.338692476972937584e-04
3.309570602141320705e-04
3.289844898972660303e-04
3.274051414337009192e-04
3.254185430705547333e-04
3.240103542339056730e-04
3.235261247027665377e-04
3.232555463910102844e-04
3.229861613363027573e-04
3.223102539777755737e-04
3.215266624465584755e-04
3.210544236935675144e-04
4.863344656769186258e-04
3.204162057954818010e-04
3.197657933924347162e-04
3.191582509316504002e-04
3.183629014529287815e-04
3.177446778863668442e-04
3.167020913679152727e-04
3.165349771734327078e-04
3.148232935927808285e-04
3.140599001199007034e-04
3.132102428935468197e-04
3.122713533230125904e-04
3.113121201749891043e-04
3.101783222518861294e-04
3.099746536463499069e-04
3.091683029197156429e-04
3.089171077590435743e-04
3.082053153775632381e-04
3.068949736189097166e-04
3.066361532546579838e-04
3.050190862268209457e-04
3.044370969291776419e-04
3.039903531316667795e-04
3.035562986042350531e-04
3.031470696441829205e-04
3.028883947990834713e-04
3.026147605851292610e-04
3.022462478838860989e-04
3.015773254446685314e-04
3.026128979399800301e-04
3.014002286363393068e-04
3.009518841281533241e-04
3.006821207236498594e-04
3.003969904966652393e-04
3.000048454850912094e-04
2.994241949636489153e-04
2.990007051266729832e-04
2.986995386891067028e-04
2.984809398185461760e-04
2.983222948387265205e-04
2.980951394420117140e-04
2.978552947752177715e-04
2.973642840515822172e-04
2.966364845633506775e-04
2.968376502394676208e-04
2.961343852803111076e-04
2.951292262878268957e-04
2.943313447758555412e-04
2.930546179413795471e-04
2.923778665717691183e-04
2.913569041993469000e-04
2.901139960158616304e-04
2.895088109653443098e-04
2.888664603233337402e-04
2.879406383726745844e-04
2.864099806174635887e-04
2.848876756615936756e-04
2.830968878697603941e-04
2.816450432874262333e-04
2.800142101477831602e-04
2.791227307170629501e-04
2.786838449537754059e-04
2.782890805974602699e-04
2.778706548269838095e-04
2.770816208794713020e-04
2.775857574306428432e-04
2.767013211268931627e-04
2.760888892225921154e-04
2.755863533820956945e-04
2.752213622443377972e-04
2.748754050116986036e-04
2.745356177911162376e-04
2.741483913268893957e-04
2.736820606514811516e-04
2.730719861574470997e-04
2.723358047660440207e-04
2.715521841309964657e-04
2.708708343561738729e-04
2.701404737308621407e-04
2.695774892345070839e-04
2.691035624593496323e-04
2.687736414372920990e-04
2.685738145373761654e-04
2.683789352886378765e-04
2.681897312868386507e-04
2.679422614164650440e-04
2.676392614375799894e-04
2.672845730558037758e-04
2.666469081304967403e-04
2.658845623955130577e-04
2.654377894941717386e-04
2.650762617122381926e-04
2.645662752911448479e-04
2.641675237100571394e-04
2.637129509821534157e-04
2.634667616803199053e-04
2.631013048812747002e-04
2.626066852826625109e-04
2.616922720335423946e-04
2.606197376735508442e-04
2.595853875391185284e-04
2.588061033748090267e-04
2.583336608950048685e-04
2.579820575192570686e-04
2.576810366008430719e-04
2.572911616880446672e-04
2.570754440966993570e-04
2.566961338743567467e-04
2.564026508480310440e-04
2.560426946729421616e-04
2.556743274908512831e-04
2.552414662204682827e-04
2.546892210375517607e-04
2.540122368372976780e-04
2.532360085751861334e-04
2.527319593355059624e-04
2.524054143577814102e-04
2.519792760722339153e-04
2.512590435799211264e-04
2.502914576325565577e-04
2.488775062374770641e-04
2.475120418239384890e-04
2.459473034832626581e-04
2.441471733618527651e-04
2.430421445751562715e-04
2.418156655039638281e-04
2.409433654975146055e-04
2.402723475825041533e-04
2.397034841123968363e-04
2.393665781710296869e-04
2.380761579843237996e-04
2.374220639467239380e-04
2.367033739574253559e-04
2.361994556849822402e-04
2.357589692110195756e-04
2.350544964428991079e-04
2.344304666621610522e-04
2.351696603000164032e-04
2.339156490052118897e-04
2.332196308998391032e-04
2.321355277672410011e-04
2.317288017366081476e-04
2.311803400516510010e-04
2.307691174792125821e-04
2.302134817000478506e-04
2.296557795489206910e-04
2.289486001245677471e-04
2.286046510562300682e-04
2.280353510286659002e-04
2.277045714436098933e-04
2.272949495818465948e-04
2.268531534355133772e-04
2.261777844978496432e-04
2.256727020721882582e-04
2.251730038551613688e-04
2.248818927910178900e-04
2.246041840407997370e-04
2.243483613710850477e-04
2.241229231003671885e-04
2.239184395875781775e-04
2.236305736005306244e-04
2.233019768027588725e-04
2.231288963230326772e-04
2.227735094493255019e-04
2.226340875495225191e-04
2.223807532573118806e-04
2.222046023234724998e-04
2.219478337792679667e-04
2.217633591499179602e-04
2.215884596807882190e-04
2.214502310380339622e-04
2.211771789006888866e-04
2.210281090810894966e-04
2.207145735155791044e-04
2.203423646278679371e-04
2.201004826929420233e-04
2.199503069277852774e-04
2.197707071900367737e-04
2.196129353251308203e-04
2.194757398683577776e-04
2.192209358327090740e-04
2.187709033023566008e-04
2.185488410759717226e-04
2.178791037295013666e-04
2.175192930735647678e-04
2.171191008528694510e-04
2.168885257560759783e-04
2.166012127418071032e-04
2.163220488000661135e-04
2.162142773158848286e-04
2.160595176974311471e-04
2.160791773349046707e-04
2.159735595341771841e-04
2.158424176741391420e-04
2.156088012270629406e-04
2.154090034309774637e-04
2.150252403225749731e-04
2.153505629394203424e-04
2.148760249838232994e-04
2.145765756722539663e-04
2.143788005923852324e-04
2.141599252354353666e-04
2.138064737664535642e-04
2.133646485162898898e-04
2.128816122421994805e-04
2.129511558450758457e-04
2.126287290593609214e-04
2.123803424183279276e-04
2.120871795341372490e-04
2.118089760188013315e-04
2.113481314154341817e-04
2.119943092111498117e-04
2.111954527208581567e-04
2.109213091898709536e-04
2.106419706251472235e-04
2.103014558088034391e-04
2.099904086207970977e-04
2.120083227055147290e-04
2.096721727866679430e-04
2.093209186568856239e-04
2.088400651700794697e-04
2.085699961753562093e-04
2.080812118947505951e-04
2.075437805615365505e-04
2.067793247988447547e-04
2.062283310806378722e-04
2.059040998574346304e-04
2.055040240520611405e-04
2.051729534287005663e-04
2.047498419415205717e-04
2.045187138719484210e-04
2.042702981270849705e-04
2.040235558524727821e-04
2.037684898823499680e-04
2.034844801528379321e-04
2.036480291280895472e-04
2.033128985203802586e-04
2.030937175732105970e-04
2.026787842623889446e-04
2.024496643571183085e-04
2.019390085479244590e-04
2.012002805713564157e-04
2.007970906561240554e-04
2.007949078688398004e-04
2.006462018471211195e-04
2.004782727453857660e-04
2.002814871957525611e-04
2.000722452066838741e-04
1.997852959902957082e-04
1.994369231397286057e-04
1.989672600757330656e-04
1.984447881113737822e-04
1.977819483727216721e-04
1.968887081602588296e-04
1.957444619620218873e-04
1.950425503309816122e-04
1.946994016179814935e-04
1.943621027749031782e-04
1.938678324222564697e-04
1.931404549395665526e-04
1.923554227687418461e-04
1.936532498802989721e-04
1.916832843562588096e-04
1.902475196402519941e-04
1.888042315840721130e-04
1.878684997791424394e-04
1.873145520221441984e-04
1.867928076535463333e-04
1.861609925981611013e-04
1.853886933531612158e-04
1.846788800321519375e-04
1.876357564469799399e-04
1.845211809268221259e-04
1.839634642237797379e-04
1.832426205510273576e-04
1.821801561163738370e-04
1.824246137402951717e-04
1.816234143916517496e-04
1.807234366424381733e-04
1.796211872715502977e-04
1.787193614291027188e-04
1.777436991687864065e-04
1.767771900631487370e-04
1.760831510182470083e-04
1.753863180056214333e-04
1.748966897139325738e-04
1.745290646795183420e-04
1.742550521157681942e-04
1.737146230880171061e-04
1.733541139401495457e-04
1.728873030515387654e-04
1.726737682474777102e-04
1.723629975458607078e-04
1.718014682410284877e-04
1.713402161840349436e-04
1.705668983049690723e-04
1.701963919913396239e-04
1.696746912784874439e-04
1.693050435278564692e-04
1.687935146037489176e-04
1.681572175584733486e-04
1.676371175562962890e-04
1.674057275522500277e-04
1.671937643550336361e-04
1.670059864409267902e-04
1.668092445470392704e-04
1.665907329879701138e-04
1.665249874349683523e-04
1.664737792452797294e-04
1.663885050220414996e-04
1.663073926465585828e-04
1.661160058574751019e-04
1.658459077589213848e-04
1.658311666687950492e-04
1.656449021538719535e-04
1.653630170039832592e-04
1.650955673540011048e-04
1.649217883823439479e-04
1.646449964027851820e-04
1.643764262553304434e-04
1.641663402551785111e-04
1.640772243263199925e-04
1.638888497836887836e-04
1.635619701119139791e-04
1.632566272746771574e-04
1.629449689062312245e-04
1.625272852834314108e-04
1.621160481590777636e-04
1.616374793229624629e-04
1.614881621208041906e-04
1.610651670489460230e-04
1.608952006790786982e-04
1.607988087926059961e-04
1.607312879059463739e-04
1.606920413905754685e-04
1.605950965313240886e-04
1.605126890353858471e-04
1.605983416084200144e-04
1.604781427886337042e-04
1.604078861419111490e-04
1.603136188350617886e-04
1.601625262992456555e-04
1.599356473889201880e-04
1.597642840351909399e-04
1.595569337951019406e-04
1.593624328961595893e-04
1.591981272213160992e-04
1.589715830050408840e-04
1.589089079061523080e-04
1.586250727996230125e-04
1.585730060469359159e-04
1.584815327078104019e-04
1.584354031365364790e-04
1.583676057634875178e-04
1.582397526362910867e-04
1.580081589054316282e-04
1.576224312884733081e-04
1.570577296661213040e-04
1.563932310091331601e-04
1.556866918690502644e-04
1.548483269289135933e-04
1.541466335766017437e-04
1.541317033115774393e-04
1.538398792035877705e-04
1.535144256195053458e-04
1.530474401079118252e-04
1.527427084511145949e-04
1.523633400211110711e-04
1.520837540738284588e-04
1.517977943876758218e-04
1.517444761702790856e-04
1.514783216407522559e-04
1.513534371042624116e-04
1.511029549874365330e-04
1.507895649410784245e-04
1.503304374637082219e-04
1.499185600550845265e-04
1.495037286076694727e-04
1.489306014264002442e-04
1.482623338233679533e-04
1.478129270253702998e-04
1.476278266636654735e-04
1.475015451433137059e-04
1.472791918786242604e-04
1.470329007133841515e-04
1.468645059503614902e-04
1.466076209908351302e-04
1.464298984501510859e-04
1.462306972825899720e-04
1.461258943891152740e-04
1.460351049900054932e-04
1.459541526855900884e-04
1.457991893403232098e-04
1.456368045182898641e-04
1.454467856092378497e-04
1.453151635359972715e-04
1.451367861591279507e-04
1.450010167900472879e-04
1.447855320293456316e-04
1.445846137357875705e-04
1.443937362637370825e-04
1.441538188373669982e-04
1.438625913579016924e-04
1.434321457054466009e-04
1.430886914022266865e-04
1.428313407814130187e-04
1.426478556822985411e-04
1.424721704097464681e-04
1.423358335159718990e-04
1.420328480890020728e-04
1.435963058611378074e-04
1.419314212398603559e-04
1.415902079315856099e-04
1.412394340150058270e-04
1.410148979630321264e-04
1.408979296684265137e-04
1.407672243658453226e-04
1.406095252605155110e-04
1.404130016453564167e-04
1.402401394443586469e-04
1.399922184646129608e-04
1.396953011862933636e-04
1.396034786012023687e-04
1.392797421431168914e-04
1.391999685438349843e-04
1.391090918332338333e-04
1.390464312862604856e-04
1.389731623930856586e-04
1.388346427120268345e-04
1.387205265928059816e-04
1.385604409733787179e-04
1.384165516356006265e-04
1.383052585879340768e-04
1.382336922688409686e-04
1.381743641104549170e-04
1.381400506943464279e-04
1.380812755087390542e-04
1.379801833536475897e-04
1.379032764816656709e-04
1.377636217512190342e-04
1.375506399199366570e-04
1.400301553076133132e-04
1.374707935610786080e-04
1.372884289594367146e-04
1.371372636640444398e-04
1.370523386867716908e-04
1.369080564472824335e-04
1.367913500871509314e-04
1.366482465527951717e-04
1.364912750432267785e-04
1.363292685709893703e-04
1.361652684863656759e-04
1.359931920887902379e-04
1.358589943265542388e-04
1.357433211524039507e-04
1.356148713966831565e-04
1.358981680823490024e-04
1.355301792500540614e-04
1.353715779259800911e-04
1.352055405732244253e-04
1.351229439023882151e-04
1.350095262750983238e-04
1.348562509519979358e-04
1.345548516837880015e-04
1.343270996585488319e-04
1.341926254099234939e-04
1.339757291134446859e-04
1.337709545623511076e-04
1.335236302111297846e-04
1.331654202658683062e-04
1.329317019553855062e-04
1.328014914179220796e-04
1.327013451373204589e-04
1.325646735494956374e-04
1.324860641034319997e-04
1.324006152572110295e-04
1.323302421951666474e-04
1.322405150858685374e-04
1.321499003097414970e-04
1.320644660154357553e-04
1.319704315392300487e-04
1.318533322773873806e-04
1.317975693382322788e-04
1.313940301770344377e-04
1.311394444201141596e-04
1.308350183535367250e-04
1.306243648286908865e-04
1.306617486989125609e-04
1.304751349380239844e-04
1.302341406699270010e-04
1.300593430642038584e-04
1.299426949117332697e-04
1.298562128795310855e-04
1.297159760724753141e-04
1.294866815442219377e-04
1.292177621508017182e-04
1.297403359785676003e-04
1.291076187044382095e-04
1.289160718442872167e-04
1.286932383663952351e-04
1.284906757064163685e-04
1.283050223719328642e-04
1.282112207263708115e-04
1.281435252167284489e-04
1.280754950130358338e-04
1.280112774111330509e-04
1.279184216400608420e-04
1.277921837754547596e-04
1.276290568057447672e-04
1.275418035220354795e-04
1.273138623218983412e-04
1.271118380827829242e-04
1.269263448193669319e-04
1.269057538593187928e-04
1.267542102141305804e-04
1.267106999875977635e-04
1.266528124688193202e-04
1.266045146621763706e-04
1.265357568627223372e-04
1.264098245883360505e-04
1.262163859792053699e-04
1.260592543985694647e-04
1.259330310858786106e-04
1.261568104382604361e-04
1.258495613001286983e-04
1.257386174984276295e-04
1.255688257515430450e-04
1.267996558453887701e-04
1.255425304407253861e-04
1.254559610970318317e-04
1.253543887287378311e-04
1.252667570952326059e-04
1.250713248737156391e-04
1.247240870725363493e-04
1.244760496774688363e-04
1.241285353899002075e-04
1.240511483047157526e-04
1.238326949533075094e-04
1.237789983861148357e-04
1.236968528246507049e-04
1.236355456057935953e-04
1.246416504727676511e-04
1.236020907526835799e-04
1.234978117281571031e-04
1.233887305716052651e-04
1.232588256243616343e-04
1.230701309395954013e-04
1.229338959092274308e-04
1.226707972818985581e-04
1.224735024152323604e-04
1.222815189976245165e-04
1.220601843670010567e-04
1.218177640112116933e-04
1.216529781231656671e-04
1.215116135426796973e-04
1.214405274367891252e-04
1.213795912917703390e-04
1.213078794535249472e-04
1.212024362757802010e-04
1.210764457937330008e-04
1.210448754136450589e-04
1.208483736263588071e-04
1.207636232720687985e-04
1.206664237543009222e-04
1.205818844027817249e-04
1.204047293867915869e-04
1.201797495014034212e-04
1.199949620058760047e-04
1.198441095766611397e-04
1.198838217533193529e-04
1.197929741465486586e-04
1.196663433802314103e-04
1.195686054416000843e-04
1.194463839055970311e-04
1.193381904158741236e-04
1.191765040857717395e-04
1.190256080008111894e-04
1.188828900922089815e-04
1.187810485134832561e-04
1.185713845188729465e-04
1.183344575110822916e-04
1.181006227852776647e-04
1.178469537990167737e-04
1.176786608994007111e-04
1.175001962110400200e-04
1.172593620140105486e-04
1.169171518995426595e-04
1.166214569821022451e-04
1.172404008684679866e-04
1.165109933936037123e-04
1.163063861895352602e-04
1.161370892077684402e-04
1.160128740593791008e-04
1.160662650363519788e-04
1.159213716164231300e-04
1.157574661192484200e-04
1.155752252088859677e-04
1.153441262431442738e-04
1.171442709164693952e-04
1.152260156231932342e-04
1.150562602560967207e-04
1.146840513683855534e-04
1.143938279710710049e-04
1.149825839092954993e-04
1.142439068644307554e-04
1.140388922067359090e-04
1.139144951594062150e-04
1.138127190642990172e-04
1.136522696469910443e-04
1.136314022005535662e-04
1.134315170929767191e-04
1.133326295530423522e-04
1.131694807554595172e-04
1.130427044699899852e-04
1.128449293901212513e-04
1.126869246945716441e-04
1.125058333855122328e-04
1.123285110224969685e-04
1.121406239690259099e-04
1.121308014262467623e-04
1.120381057262420654e-04
1.119387306971475482e-04
1.118447762564755976e-04
1.117200081353075802e-04
1.116526836995035410e-04
1.115608902182430029e-04
1.114738770411349833e-04
1.114016049541532993e-04
1.113304315367713571e-04
1.112213940359652042e-04
1.111282763304188848e-04
1.110277808038517833e-04
1.114651386160403490e-04
1.109863587771542370e-04
1.109327859012410045e-04
1.108713549911044538e-04
1.108275537262670696e-04
1.107441494241356850e-04
1.106789713958278298e-04
1.106174458982422948e-04
1.105152841773815453e-04
1.103741305996663868e-04
1.101942034438252449e-04
1.099823857657611370e-04
1.097642525564879179e-04
1.096103223972022533e-04
1.094924737117253244e-04
1.094370090868324041e-04
1.093627870432101190e-04
1.092963211704045534e-04
1.091821322916075587e-04
1.090697769541293383e-04
1.089475554181262851e-04
1.088329445337876678e-04
1.086417396436445415e-04
1.084780597011558712e-04
1.083350070985034108e-04
1.081971495295874774e-04
1.086670963559299707e-04
1.081537702702917159e-04
1.080794827430509031e-04
1.079308931366540492e-04
1.077943452401086688e-04
1.076453627320006490e-04
1.073203238775022328e-04
1.068533892976120114e-04
1.065191754605621099e-04
1.063141971826553345e-04
1.062048249877989292e-04
1.061004149960353971e-04
1.058779889717698097e-04
1.057091503753326833e-04
1.055000029737129807e-04
1.053619998856447637e-04
1.051405124599114060e-04
1.051077124429866672e-04
1.048597914632409811e-04
1.054020976880565286e-04
1.047633850248530507e-04
1.046442193910479546e-04
1.044185482896864414e-04
1.043111187755130231e-04
1.041609430103562772e-04
1.041229552356526256e-04
1.038865666487254202e-04
1.037229158100672066e-04
1.034232773235999048e-04
1.031132269417867064e-04
1.028526094160042703e-04
1.026876489049755037e-04
1.025793899316340685e-04
1.024683442665264010e-04
1.023890727083198726e-04
1.021986317937262356e-04
1.020194467855617404e-04
1.018200709950178862e-04
1.016320165945217013e-04
1.013417568174190819e-04
1.010743726510554552e-04
1.008162507787346840e-04
1.004510195343755186e-04
1.001398850348778069e-04
9.991477418225258589e-05
9.933202818501740694e-05
9.908177889883518219e-05
9.877227421384304762e-05
9.850882634054869413e-05
9.826221503317356110e-05
9.809937910176813602e-05
9.799137478694319725e-05
9.788072202354669571e-05
9.783238783711567521e-05
9.774577483767643571e-05
9.769715688889846206e-05
9.764655987964943051e-05
9.753807535162195563e-05
9.738757944433018565e-05
9.725925337988883257e-05
9.713118197396397591e-05
9.703903924673795700e-05
9.687279816716909409e-05
9.669274732004851103e-05
9.916834824252873659e-05
9.665163088357076049e-05
9.648688137531280518e-05
9.633029549149796367e-05
9.619203046895563602e-05
9.598593896953389049e-05
9.572690760251134634e-05
9.555902215652167797e-05
9.545973443891853094e-05
9.523739572614431381e-05
9.512096585240215063e-05
9.497022983850911260e-05
9.484773181611672044e-05
9.475499973632395267e-05
9.465290349908173084e-05
9.456333646085113287e-05
9.434269304620102048e-05
9.423754090676084161e-05
9.413063526153564453e-05
9.401656279806047678e-05
9.394247899763286114e-05
9.385822340846061707e-05
9.373362263431772590e-05
9.361903357785195112e-05
9.354703070130199194e-05
9.345266880700364709e-05
9.339025564258918166e-05
9.333211346529424191e-05
9.328982559964060783e-05
9.324763959739357233e-05
9.320328535977751017e-05
9.318593947682529688e-05
9.316595242125913501e-05
9.314445196650922298e-05
9.311681060353294015e-05
9.308244625572115183e-05
9.304805280407890677e-05
9.301154204877093434e-05
9.297080396208912134e-05
9.288393630413338542e-05
9.281847451347857714e-05
9.280248195864260197e-05
9.274745389120653272e-05
9.271994349546730518e-05
9.273285832023248076e-05
9.270136797567829490e-05
9.265085100196301937e-05
9.259955550078302622e-05
9.300887177232652903e-05
9.255669283447787166e-05
9.244070679415017366e-05
9.233759192284196615e-05
9.221780783263966441e-05
9.216063335770741105e-05
9.212818986270576715e-05
9.210698044626042247e-05
9.208281699102371931e-05
9.205592505168169737e-05
9.204319212585687637e-05
9.201468492392450571e-05
9.197879262501373887e-05
9.193731966661289334e-05
9.226238034898415208e-05
9.191453136736527085e-05
9.185339149553328753e-05
9.182577196042984724e-05
9.179628250421956182e-05
9.174318984150886536e-05
9.168030373984947801e-05
9.164183575194329023e-05
9.158344619208946824e-05
9.155096631729975343e-05
9.153089195024222136e-05
9.149896504823118448e-05
9.145707736024633050e-05
9.141809277934953570e-05
9.137769666267558932e-05
9.136828884948045015e-05
9.130939724855124950e-05
9.129537647822871804e-05
9.127253724727779627e-05
9.125191718339920044e-05
9.122561459662392735e-05
9.119391324929893017e-05
9.115638385992497206e-05
9.112415864365175366e-05
9.102976764552295208e-05
9.098066220758482814e-05
9.086855425266548991e-05
9.079300798475742340e-05
9.068788494914770126e-05
9.058122668648138642e-05
9.039837459567934275e-05
9.021849837154150009e-05
9.005577885545790195e-05
8.996142423711717129e-05
8.991161303129047155e-05
8.985977183328941464e-05
8.979994163382798433e-05
8.964693552115932107e-05
8.954766963142901659e-05
8.945352601585909724e-05
8.936373342294245958e-05
8.929215982789173722e-05
8.922757115215063095e-05
8.914592035580426455e-05
8.904293645173311234e-05
8.890565368346869946e-05
8.879489905666559935e-05
8.876925130607560277e-05
8.868479926604777575e-05
8.864710980560630560e-05
8.860293019097298384e-05
8.856860949890688062e-05
8.852832979755476117e-05
8.848751167533919215e-05
8.844706462696194649e-05
8.842596434988081455e-05
8.839727524900808930e-05
8.836178312776610255e-05
8.844352123560383916e-05
8.833279571263119578e-05
8.828746649669483304e-05
8.825337135931476951e-05
8.822315430734306574e-05
8.815083128865808249e-05
8.804836397757753730e-05
8.793593588052317500e-05
8.785532554611563683e-05
8.779936615610495210e-05
8.776479808147996664e-05
8.773034642217680812e-05
8.769817941356450319e-05
8.763868390815332532e-05
8.760260243434458971e-05
8.758022886468097568e-05
8.756662282394245267e-05
8.753327711019665003e-05
8.747822721488773823e-05
8.743740909267216921e-05
8.738550241105258465e-05
8.737621828913688660e-05
8.726644591661170125e-05
8.720506593817844987e-05
8.709043322596698999e-05
8.699030877323821187e-05
8.687213994562625885e-05
8.689185779076069593e-05
8.682488987687975168e-05
8.677007281221449375e-05
8.670357055962085724e-05
8.664447523187845945e-05
8.656759746372699738e-05
8.652111864648759365e-05
8.645012712804600596e-05
8.638682629680261016e-05
8.633307152194902301e-05
8.619818254373967648e-05
8.605782932136207819e-05
8.635493577457964420e-05
8.594062819611281157e-05
8.578638517064973712e-05
8.567298937123268843e-05
8.559573325328528881e-05
8.547155448468402028e-05
8.541385614080354571e-05
8.534979860996827483e-05
8.530417835572734475e-05
8.522780990460887551e-05
8.510139014106243849e-05
8.526156307198107243e-05
8.503090066369622946e-05
8.485223224852234125e-05
8.476364018861204386e-05
8.470249304082244635e-05
8.464600250590592623e-05
8.456900104647502303e-05
8.449994493275880814e-05
8.446373976767063141e-05
8.443038677796721458e-05
8.439629891654476523e-05
8.431489550275728106e-05
8.428785076830536127e-05
8.421015081694349647e-05
8.412394527113065124e-05
8.401824743486940861e-05
8.392804738832637668e-05
8.386348054045811296e-05
8.385260298382490873e-05
8.383343083551153541e-05
8.381959196412935853e-05
8.380503277294337749e-05
8.378262282349169254e-05
8.374698518309742212e-05
8.368767885258421302e-05
8.360452193301171064e-05
8.347981929546222091e-05
8.335462189279496670e-05
8.315641753142699599e-05
8.300963236251845956e-05
8.288056415040045977e-05
8.276848529931157827e-05
8.266579243354499340e-05
8.250115206465125084e-05
8.232970139943063259e-05
8.221108146244660020e-05
8.211830572690814734e-05
8.201927994377911091e-05
8.185028855223208666e-05
8.184507169062271714e-05
8.171123045030981302e-05
8.156489639077335596e-05
8.144207095028832555e-05
8.139146666508167982e-05
8.125771273626014590e-05
8.122474537231028080e-05
8.114591037156060338e-05
8.110159251373261213e-05
8.103247819235548377e-05
8.092920324997976422e-05
8.084344881353899837e-05
8.076789526967331767e-05
8.073486969806253910e-05
8.070759213296696544e-05
8.066137525020167232e-05
8.062796405283734202e-05
8.058839739533141255e-05
8.055057696765288711e-05
8.050249016378074884e-05
8.041239925660192966e-05
8.033282938413321972e-05
8.376911137020215392e-05
8.031794277485460043e-05
8.025980059755966067e-05
8.011082536540925503e-05
8.000982779776677489e-05
7.981076487340033054e-05
7.964565156726166606e-05
7.940220530144870281e-05
7.927876140456646681e-05
7.918970368336886168e-05
7.912162254797294736e-05
7.936879410408437252e-05
7.908045517979189754e-05
7.896581519162282348e-05
7.890525012044236064e-05
7.875332084950059652e-05
7.870556146372109652e-05
7.861045742174610496e-05
7.851362897781655192e-05
7.843152707209810615e-05
7.831295806681737304e-05
7.985214324435219169e-05
7.826834917068481445e-05
7.814453419996425509e-05
7.795941201038658619e-05
7.781984459143131971e-05
7.770407682983204722e-05
7.758672290947288275e-05
7.749941869406029582e-05
7.740547152934595942e-05
7.731123332632705569e-05
7.724705210421234369e-05
7.719905988778918982e-05
7.714630191912874579e-05
7.710384670644998550e-05
7.702095899730920792e-05
7.707092299824580550e-05
7.697299588471651077e-05
7.686264871153980494e-05
7.670700870221480727e-05
7.660218398086726665e-05
7.647150778211653233e-05
7.627337618032470345e-05
7.612091576447710395e-05
7.597426883876323700e-05
7.585085404571145773e-05
7.572463073302060366e-05
7.557281787740066648e-05
7.539855141658335924e-05
7.550879672635346651e-05
7.526297122240066528e-05
7.516477489843964577e-05
7.510929572163149714e-05
7.506288238801062107e-05
7.497231126762926579e-05
7.482671207981184125e-05
7.533538155257701874e-05
7.475711754523217678e-05
7.448597170878201723e-05
7.421591726597398520e-05
7.394751446554437280e-05
7.376182475127279758e-05
7.365716010099276900e-05
7.348403596552088857e-05
7.333664689213037491e-05
7.319945143535733223e-05
7.309042848646640778e-05
7.300602737814188004e-05
7.291749352589249611e-05
7.284829916898161173e-05
7.278072735061869025e-05
7.266498141689226031e-05
7.252213981701061130e-05
7.243456639116629958e-05
7.219796680146828294e-05
7.206363079603761435e-05
7.192738121375441551e-05
7.183324487414211035e-05
7.164532871684059501e-05
7.151353202061727643e-05
7.140576053643599153e-05
7.129617733880877495e-05
7.120320515241473913e-05
7.101978553691878915e-05
7.087048288667574525e-05
7.121614180505275726e-05
7.082401862135156989e-05
7.069248385960236192e-05
7.063262455631047487e-05
7.050856947898864746e-05
7.044594531180337071e-05
7.034478767309337854e-05
7.024736987659707665e-05
7.008528336882591248e-05
6.985200161579996347e-05
6.967496301513165236e-05
6.951483373995870352e-05
6.942104664631187916e-05
6.936612044228240848e-05
6.929392111487686634e-05
6.923704495420679450e-05
6.916165875736624002e-05
6.911075615789741278e-05
6.906833732500672340e-05
6.902631866978481412e-05
6.898805440869182348e-05
6.892641249578446150e-05
6.905932968948036432e-05
6.887518975418061018e-05
6.882070738356560469e-05
6.874994141981005669e-05
6.872705853311344981e-05
6.869214848848059773e-05
6.866555486340075731e-05
6.863055023131892085e-05
6.860345456516370177e-05
6.855255196569487453e-05
6.851565558463335037e-05
6.846497853985056281e-05
6.841475260443985462e-05
6.834964733570814133e-05
6.829253834439441562e-05
6.823416333645582199e-05
6.817238318035379052e-05
6.809285696363076568e-05
6.795238004997372627e-05
6.785185541957616806e-05
6.780553667340427637e-05
6.776655209250748158e-05
6.767343438696116209e-05
6.759486859664320946e-05
6.753876368748024106e-05
6.751180626451969147e-05
6.746361032128334045e-05
6.741699326084926724e-05
6.736711657140403986e-05
6.732559268129989505e-05
6.728321750415489078e-05
6.723070691805332899e-05
6.718836812069639564e-05
6.715457857353612781e-05
6.711800961056724191e-05
6.707618013024330139e-05
6.702437531203031540e-05
6.698202196275815368e-05
6.694139301544055343e-05
6.686897540930658579e-05
6.677917554043233395e-05
6.685981497867032886e-05
6.675947952317073941e-05
6.671688606729730964e-05
6.670843868050724268e-05
6.662490341113880277e-05
6.659663631580770016e-05
6.654711614828556776e-05
6.650949217146262527e-05
6.646288966294378042e-05
6.643123197136446834e-05
6.640092760790139437e-05
6.637127808062359691e-05
6.634469173150137067e-05
6.632660370087251067e-05
6.633385783061385155e-05
6.631194992223754525e-05
6.628843402722850442e-05
6.627841503359377384e-05
6.626500544371083379e-05
6.624677189392969012e-05
6.621474312851205468e-05
6.617659528274089098e-05
6.619220221182331443e-05
6.616060272790491581e-05
6.613952427869662642e-05
6.613227014895528555e-05
6.611910066567361355e-05
6.610227865166962147e-05
6.608176045119762421e-05
6.605444650631397963e-05
6.603138899663463235e-05
6.600037158932536840e-05
6.596748426090925932e-05
6.595024024136364460e-05
6.592672434635460377e-05
6.591146666323766112e-05
6.588772521354258060e-05
6.585130904568359256e-05
6.580336776096373796e-05
6.575106817763298750e-05
6.571147241629660130e-05
6.565204967046156526e-05
6.560752808582037687e-05
6.553527782671153545e-05
6.550552643602713943e-05
6.547116208821535110e-05
6.544352072523906827e-05
6.541213224409148097e-05
6.537013541674241424e-05
6.534658314194530249e-05
6.538176239700987935e-05
6.533051055157557130e-05
6.530983955599367619e-05
6.528021913254633546e-05
6.524370110128074884e-05
6.521369505207985640e-05
6.514985579997301102e-05
6.510423554573208094e-05
6.505828059744089842e-05
6.502828910015523434e-05
6.501790630863979459e-05
6.496919377241283655e-05
6.493624823633581400e-05
6.487684731837362051e-05
6.482766912085935473e-05
6.475950794992968440e-05
6.470133666880428791e-05
6.457828567363321781e-05
6.447998748626559973e-05
6.440688594011589885e-05
6.432442023651674390e-05
6.422375008696690202e-05
6.414235394913703203e-05
6.400877464329823852e-05
6.384852895280346274e-05
6.369537732098251581e-05
6.368775211740285158e-05
6.358737300615757704e-05
6.354593642754480243e-05
6.348565511871129274e-05
6.344724533846601844e-05
6.341685366351157427e-05
6.344046414596959949e-05
6.339207175187766552e-05
6.336458318401128054e-05
6.328313611447811127e-05
6.323363777482882142e-05
6.321938417386263609e-05
6.311935430858284235e-05
6.306756404228508472e-05
6.294821650953963399e-05
6.284788105404004455e-05
6.272089376579970121e-05
6.261825183173641562e-05
6.256662163650617003e-05
6.248355202842503786e-05
6.243518873816356063e-05
6.239419599296525121e-05
6.234097236301749945e-05
6.226553523447364569e-05
6.216617475729435682e-05
6.208165723364800215e-05
6.200376810738816857e-05
6.194441084517166018e-05
6.183855293784290552e-05
6.286387360887601972e-05
6.180457421578466892e-05
6.169369589770212770e-05
6.161308556329458952e-05
6.154097354738041759e-05
6.147185195004567504e-05
6.156035669846460223e-05
6.143903738120570779e-05
6.134899740573018789e-05
6.129399844212457538e-05
6.124850187916308641e-05
6.122254126239567995e-05
6.117807788541540504e-05
6.113664858276024461e-05
6.110777030698955059e-05
6.107326044002547860e-05
6.103327905293554068e-05
6.098045560065656900e-05
6.095047865528613329e-05
6.089947419241070747e-05
6.091181785450316966e-05
6.086477151256985962e-05
6.080911407480016351e-05
6.068362563382834196e-05
6.059052975615486503e-05
6.050112278899177909e-05
6.043649409548379481e-05
6.039422441972419620e-05
6.036880949977785349e-05
6.032808596501126885e-05
6.026032860972918570e-05
6.018175554345361888e-05
6.006741023156791925e-05
6.001010842737741768e-05
5.998145570629276335e-05
5.995664105284959078e-05
5.993181912344880402e-05
5.988204065943136811e-05
5.981048161629587412e-05
5.977232285658828914e-05
5.963526200503110886e-05
5.951567072770558298e-05
5.941379276919178665e-05
5.936251909588463604e-05
5.932234853389672935e-05
5.928324389969930053e-05
5.923502249061129987e-05
5.920299736317247152e-05
5.915190558880567551e-05
5.953895743004977703e-05
5.913826316827908158e-05
5.909736137255094945e-05
5.900026008021086454e-05
5.887058796361088753e-05
5.877166040590964258e-05
5.874474300071597099e-05
5.869016604265198112e-05
5.866765786777250469e-05
5.863433761987835169e-05
5.859695738763548434e-05
5.855550261912867427e-05
5.848396540386602283e-05
5.841242091264575720e-05
5.832599708810448647e-05
5.820403384859673679e-05
5.799668360850773752e-05
5.780134233646094799e-05
5.754367157351225615e-05
5.732802310376428068e-05
5.724615039071068168e-05
5.714374128729104996e-05
5.709919787477701902e-05
5.706955198547802866e-05
5.702541966456919909e-05
5.696326843462884426e-05
5.689400859409943223e-05
5.682019400410354137e-05
5.675277498085051775e-05
5.671027611242607236e-05
5.666725337505340576e-05
5.661039176629856229e-05
5.651903848047368228e-05
5.642183532472699881e-05
5.634774424834176898e-05
5.629415318253450096e-05
5.626019265037029982e-05
5.624198456644080579e-05
5.626512938761152327e-05
5.622423486784100533e-05
5.618087743641808629e-05
5.610808511846698821e-05
5.603680619969964027e-05
5.598912684945389628e-05
5.590433647739700973e-05
5.588781641563400626e-05
5.585370672633871436e-05
5.582493031397461891e-05
5.575326940743252635e-05
5.572150621446780860e-05
5.567618791246786714e-05
5.563750164583325386e-05
5.567467815126292408e-05
5.560690260608680546e-05
5.556507676374167204e-05
5.547752880374900997e-05
5.541629798244684935e-05
5.533932562684640288e-05
5.526519817067310214e-05
5.516635792446322739e-05
5.506946763489395380e-05
5.503232387127354741e-05
5.499968028743751347e-05
5.495519144460558891e-05
5.489474278874695301e-05
5.482586493599228561e-05
5.489188333740457892e-05
5.478214370668865740e-05
5.473340570461004972e-05
5.465889989864081144e-05
5.461099135573022068e-05
5.453660924104042351e-05
5.448769661597907543e-05
5.443946429295465350e-05
5.439017695607617497e-05
5.435801358544267714e-05
5.430984310805797577e-05
5.426059942692518234e-05
5.422365575213916600e-05
5.418117871158756316e-05
5.412021710071712732e-05
5.403287650551646948e-05
5.397040877141989768e-05
5.389483339968137443e-05
5.385171971283853054e-05
5.380052971304394305e-05
5.391571176005527377e-05
5.378505375119857490e-05
5.375164619181305170e-05
5.372978557716123760e-05
5.369843347580172122e-05
5.362730735214427114e-05
5.356419205782003701e-05
5.349643834051676095e-05
5.345098543330095708e-05
5.340282950783148408e-05
5.337822585715912282e-05
5.333653825800865889e-05
5.331382999429479241e-05
5.327482358552515507e-05
5.323957520886324346e-05
5.317875547916628420e-05
5.310163032845593989e-05
5.357768168323673308e-05
5.306613456923514605e-05
5.295367373037151992e-05
5.269675602903589606e-05
5.247725130175240338e-05
5.239185338723473251e-05
5.226900975685566664e-05
5.221955507295206189e-05
5.214543125475756824e-05
5.205560592003166676e-05
5.198942744755186141e-05
5.194962795940227807e-05
5.191712989471852779e-05
5.186603448237292469e-05
5.183555549592711031e-05
5.178778883418999612e-05
5.176465492695569992e-05
5.174238322069868445e-05
5.172864257474429905e-05
5.166127812117338181e-05
5.160238288226537406e-05
5.155431426828727126e-05
5.152314042788930237e-05
5.149798380443826318e-05
5.147347837919369340e-05
5.144705937709659338e-05
5.139639688422903419e-05
5.136079562362283468e-05
5.132188744028098881e-05
5.126083487994037569e-05
5.125105599290691316e-05
5.114933810546062887e-05
5.107898323331028223e-05
5.102455179439857602e-05
5.099548434372991323e-05
5.096602399135008454e-05
5.093547952128574252e-05
5.091485945740714669e-05
5.089380283607169986e-05
5.087393583380617201e-05
5.084858275949954987e-05
5.081690687802620232e-05
5.079376205685548484e-05
5.076122397440485656e-05
5.073651482234708965e-05
5.066406811238266528e-05
5.061757838120684028e-05
5.067592428531497717e-05
5.059230898041278124e-05
5.056690497440285981e-05
5.055108704254962504e-05
5.053901259088888764e-05
5.051450716564431787e-05
5.047862214269116521e-05
5.045053694630041718e-05
5.040401811129413545e-05
5.037382288719527423e-05
5.033663182985037565e-05
5.029982276028022170e-05
5.065649747848510742e-05
5.029044041293673217e-05
5.026103463023900986e-05
5.024746133130975068e-05
5.023253106628544629e-05
5.021813922212459147e-05
5.020810931455343962e-05
5.019256423111073673e-05
5.018021329306066036e-05
5.015229544369503856e-05
5.012050314689986408e-05
5.035538197262212634e-05
5.010401218896731734e-05
5.005641287425532937e-05
5.001739918952807784e-05
4.999424345442093909e-05
4.997394717065617442e-05
4.995485141989775002e-05
4.994024129700846970e-05
4.992565663997083902e-05
4.991809328203089535e-05
4.989137596567161381e-05
4.985433042747899890e-05
4.980870653525926173e-05
4.976901618647389114e-05
4.972844180883839726e-05
4.971400267095305026e-05
4.969934525433927774e-05
4.968753273715265095e-05
4.967848144588060677e-05
4.965205516782589257e-05
4.962964885635301471e-05
4.961132071912288666e-05
4.958536737831309438e-05
4.956661359756253660e-05
4.955537951900623739e-05
4.951886512571945786e-05
4.950516449753195047e-05
4.949326103087514639e-05
4.948239075019955635e-05
4.947766865370795131e-05
4.947077104588970542e-05
4.946281478623859584e-05
4.946581975673325360e-05
4.945520777255296707e-05
4.944442844134755433e-05
4.943545354763045907e-05
4.941745646647177637e-05
4.940516373608261347e-05
4.938209895044565201e-05
4.936468758387491107e-05
4.934468597639352083e-05
4.931632065563462675e-05
4.926585825160145760e-05
4.922330481349490583e-05
4.918956619803793728e-05
4.915977478958666325e-05
4.914234159514307976e-05
4.908803020953200758e-05
4.904184243059717119e-05
4.895624078926630318e-05
4.889659612672403455e-05
4.882776556769385934e-05
4.878667459706775844e-05
4.871602868661284447e-05
4.862737114308401942e-05
4.857208114117383957e-05
4.844144496018998325e-05
4.833927960135042667e-05
4.825929863727651536e-05
4.829596582567319274e-05
4.823576091439463198e-05
4.820366666535846889e-05
4.816719592781737447e-05
4.812704719370231032e-05
4.808574522030539811e-05
4.811244070879183710e-05
4.807158620678819716e-05
4.804551645065657794e-05
4.800677561433985829e-05
4.796442954102531075e-05
4.792252366314642131e-05
4.786055797012522817e-05
4.780398012371733785e-05
4.776971400133334100e-05
4.775067645823583007e-05
4.773385444423183799e-05
4.770096347783692181e-05
4.767141945194453001e-05
4.763897959492169321e-05
4.758609429700300097e-05
4.755487680085934699e-05
4.749330400954931974e-05
4.743068348034285009e-05
4.741744851344265044e-05
4.737626295536756516e-05
4.736114351544529200e-05
4.733930472866632044e-05
4.741529846796765924e-05
4.733017703983932734e-05
4.730532964458689094e-05
4.724941027234308422e-05
4.721799268736504018e-05
4.718371201306581497e-05
4.714908936875872314e-05
4.713293310487642884e-05
4.708189590019173920e-05
4.705516403191722929e-05
4.703761078417301178e-05
4.700940553448162973e-05
4.700652789324522018e-05
4.698184056906029582e-05
4.693153823609463871e-05
4.690265268436633050e-05
4.687608088715933263e-05
4.689908018917776644e-05
4.686662941821850836e-05
4.685437670559622347e-05
4.683667430072091520e-05
4.682582220993936062e-05
4.686633474193513393e-05
4.681328573497012258e-05
4.679175617638975382e-05
4.676838943851180375e-05
4.673747753258794546e-05
4.669376357924193144e-05
4.664132575271651149e-05
4.659916521632112563e-05
4.656412056647241116e-05
4.652999632526189089e-05
4.648676258511841297e-05
4.645366789191029966e-05
4.640916449716314673e-05
4.635991717805154622e-05
4.630151670426130295e-05
4.626267400453798473e-05
4.623947825166396797e-05
4.622919732355512679e-05
4.621741754817776382e-05
4.619706305675208569e-05
4.617077865987084806e-05
4.634265496861189604e-05
4.616149817593395710e-05
4.613214696291834116e-05
4.609740790328942239e-05
4.607642040355131030e-05
4.604701825883239508e-05
4.600265310727991164e-05
4.595830978360027075e-05
4.590474054566584527e-05
4.585227725328877568e-05
4.576222272589802742e-05
4.589189120451919734e-05
4.572069155983626842e-05
4.563873881124891341e-05
4.556652856990695000e-05
4.552047175820916891e-05
4.545714546111412346e-05
4.531128070084378123e-05
4.543030809145420790e-05
4.526266275206580758e-05
4.517964407568797469e-05
4.510966391535475850e-05
4.507141420617699623e-05
4.502139199757948518e-05
4.497793634072877467e-05
4.492969310376793146e-05
4.482995063881389797e-05
4.474245724850334227e-05
4.469914347282610834e-05
4.457269824342802167e-05
4.452258872333914042e-05
4.444209844223223627e-05
4.437397728906944394e-05
4.429120599525049329e-05
4.424696817295625806e-05
4.422440179041586816e-05
4.419957258505746722e-05
4.417339732754044235e-05
4.411791815073229373e-05
4.408012682688422501e-05
4.402707781991921365e-05
4.395683572511188686e-05
4.387537774164229631e-05
4.376937067718245089e-05
4.360267485026270151e-05
4.350109520601108670e-05
4.344267654232680798e-05
4.339187216828577220e-05
4.336960410000756383e-05
4.327713759266771376e-05
4.322635504649952054e-05
4.317990169511176646e-05
4.314325997256673872e-05
4.311325028538703918e-05
4.321639789850451052e-05
4.309575888328254223e-05
4.307178096496500075e-05
4.305080801714211702e-05
4.303026071283966303e-05
4.299952342989854515e-05
4.296877159504219890e-05
4.293490565032698214e-05
4.290278229746036232e-05
4.287281990400515497e-05
4.285083196009509265e-05
4.282577356207184494e-05
4.277818516129627824e-05
4.272932710591703653e-05
4.267914482625201344e-05
4.262544098310172558e-05
4.259538764017634094e-05
4.257047839928418398e-05
4.254502709954977036e-05
4.250451820553280413e-05
4.247401375323534012e-05
4.245018499204888940e-05
4.242331851855851710e-05
4.238213659846223891e-05
4.234915104461833835e-05
4.231044295011088252e-05
4.227441240800544620e-05
4.225131851853802800e-05
4.220561459078453481e-05
4.215927037876099348e-05
4.209774124319665134e-05
4.204961805953644216e-05
4.201025149086490273e-05
4.197540692985057831e-05
4.194928624201565981e-05
4.190754043520428240e-05
4.194258872303180397e-05
4.188130333204753697e-05
4.184278077445924282e-05
4.177213850198313594e-05
4.169754902250133455e-05
4.159300806350074708e-05
4.156671639066189528e-05
4.151728717260994017e-05
4.150021777604706585e-05
4.145994898863136768e-05
4.137868745601736009e-05
4.131449895794503391e-05
4.124888437218032777e-05
4.121610982110723853e-05
4.119065124541521072e-05
4.114544572075828910e-05
4.121259553357958794e-05
4.112268652534112334e-05
4.108492794330231845e-05
4.105989137315191329e-05
4.103968240087851882e-05
4.101709055248647928e-05
4.098606950719840825e-05
4.093975803698413074e-05
4.090932998224161565e-05
4.085969703737646341e-05
4.083053499925881624e-05
4.080266808159649372e-05
4.081624865648336709e-05
4.078566416865214705e-05
4.076569894095882773e-05
4.074237949680536985e-05
4.072791853104718029e-05
4.069669739692471921e-05
4.079850259586237371e-05
4.068181078764609993e-05
4.064385575475171208e-05
4.061328945681452751e-05
4.059361526742577553e-05
4.057425394421443343e-05
4.054111923323944211e-05
4.049432391184382141e-05
4.052891017636284232e-05
4.047161201015114784e-05
4.042407817905768752e-05
4.038821134599857032e-05
4.035273013869300485e-05
4.032399010611698031e-05
4.031991920783184469e-05
4.030212585348635912e-05
4.026932947454042733e-05
4.022146094939671457e-05
4.015975355287082493e-05
4.012392309959977865e-05
4.008714313386008143e-05
4.007042298326268792e-05
4.005169103038497269e-05
4.002760397270321846e-05
3.999676846433430910e-05
3.994699000031687319e-05
4.000246553914621472e-05
3.993097925558686256e-05
3.990420736954547465e-05
3.986087540397420526e-05
3.982300404459238052e-05
3.977304731961339712e-05
3.974889114033430815e-05
3.965637733926996589e-05
3.962036134907975793e-05
3.959860987379215658e-05
3.958160959882661700e-05
3.955822103307582438e-05
3.953053601435385644e-05
3.952061524614691734e-05
3.948224912164732814e-05
3.945575735997408628e-05
3.942753755836747587e-05
3.939422094845212996e-05
3.933289190172217786e-05
3.926431963918730617e-05
3.921402822015807033e-05
3.916895366273820400e-05
3.913306500180624425e-05
3.911229941877536476e-05
3.908210055669769645e-05
3.906219717464409769e-05
3.904620825778692961e-05
3.901998206856660545e-05
3.901242598658427596e-05
3.899364673998206854e-05
3.898222348652780056e-05
3.897165879607200623e-05
3.896185808116570115e-05
3.895156260114163160e-05
3.894018664141185582e-05
3.892856329912319779e-05
3.890634980052709579e-05
3.889705840265378356e-05
3.886769263772293925e-05
3.884351463057100773e-05
3.882215969497337937e-05
3.880056829075329006e-05
3.876823029713705182e-05
3.874352114507928491e-05
3.872771048918366432e-05
3.870248474413529038e-05
3.868599014822393656e-05
3.866453698719851673e-05
3.864721657009795308e-05
3.863287565764039755e-05
3.861945515382103622e-05
3.858984200633130968e-05
3.856995681417174637e-05
3.854255191981792450e-05
3.851187284453772008e-05
3.847003972623497248e-05
3.844522143481299281e-05
3.841099533019587398e-05
3.839766577584668994e-05
3.838760312646627426e-05
3.838100019493140280e-05
3.835792813333682716e-05
3.833844311884604394e-05
3.832939182757399976e-05
3.829850174952298403e-05
3.828460830845870078e-05
3.825841849902644753e-05
3.823997030849568546e-05
3.849631320917978883e-05
3.822959479293785989e-05
3.818943878286518157e-05
3.816178650595247746e-05
3.815400486928410828e-05
3.814107913058251143e-05
3.813672083197161555e-05
3.813472721958532929e-05
3.813020884990692139e-05
3.812833529082126915e-05
3.812200884567573667e-05
3.811718488577753305e-05
3.810793714364990592e-05
3.809914778685197234e-05
3.809083500527776778e-05
3.808056499110534787e-05
3.806944005191326141e-05
3.805664164246991277e-05
3.804681182373315096e-05
3.808666951954364777e-05
3.804127481998875737e-05
3.803455911111086607e-05
3.801526327151805162e-05
3.800510967266745865e-05
3.798833495238795877e-05
3.798087709583342075e-05
3.796641976805403829e-05
3.795786687987856567e-05
3.795116936089470983e-05
3.794630538322962821e-05
3.793836367549374700e-05
3.792700954363681376e-05
3.791503331740386784e-05
3.790283517446368933e-05
3.789296533796004951e-05
3.788718822761438787e-05
3.788001777138561010e-05
3.787507739616557956e-05
3.787054811255075037e-05
3.786504385061562061e-05
3.785377339227125049e-05
3.784568252740427852e-05
3.783322608796879649e-05
3.787427340284921229e-05
3.782770363613963127e-05
3.781286068260669708e-05
3.779970211326144636e-05
3.778346217586658895e-05
3.776704397751018405e-05
3.773888238356448710e-05
3.772278796532191336e-05
3.770954936044290662e-05
3.769499016925692558e-05
3.767047019209712744e-05
3.764551729545928538e-05
3.761801781365647912e-05
3.763311178772710264e-05
3.760263280128128827e-05
3.758676757570356131e-05
3.757246304303407669e-05
3.756248042918741703e-05
3.754380304599180818e-05
3.752768679987639189e-05
3.751372059923596680e-05
3.751003896468318999e-05
3.750178439076989889e-05
3.748670496861450374e-05
3.746730726561509073e-05
3.743092020158655941e-05
3.739853127626702189e-05
3.737348743015900254e-05
3.732501136255450547e-05
3.730059688678011298e-05
3.727500734385102987e-05
3.723788177012465894e-05
3.727169314515776932e-05
3.722347173606976867e-05
3.719675805768929422e-05
3.717658546520397067e-05
3.716515129781328142e-05
3.714187914738431573e-05
3.711122917593456805e-05
3.707870928337797523e-05
3.704254413605667651e-05
3.702252797666005790e-05
3.700693559949286282e-05
3.699790977407246828e-05
3.698149885167367756e-05
3.697236024891026318e-05
3.695761552080512047e-05
3.694355109473690391e-05
3.693253165693022311e-05
3.694927727337926626e-05
3.692959580803290009e-05
3.692279642564244568e-05
3.691819074447266757e-05
3.690948869916610420e-05
3.689680670504458249e-05
3.687480784719809890e-05
3.687355638248845935e-05
3.686450145323760808e-05
3.685422416310757399e-05
3.684746843646280468e-05
3.683848626678809524e-05
3.682668102555908263e-05
3.681121597765013576e-05
3.680374356918036938e-05
3.679524525068700314e-05
3.678804205264896154e-05
3.678333814605139196e-05
3.676806954899802804e-05
3.675272819236852229e-05
3.674988329294137657e-05
3.673736136988736689e-05
3.673341416288167238e-05
3.672843376989476383e-05
3.672320599434897304e-05
3.671561353257857263e-05
3.670927981147542596e-05
3.669965735753066838e-05
3.671154263429343700e-05
3.669496436486952007e-05
3.668548743007704616e-05
3.667241981020197272e-05
3.665617259684950113e-05
3.664220275823026896e-05
3.662671224446967244e-05
3.660293077700771391e-05
3.658065543277189136e-05
3.654084866866469383e-05
3.652724990388378501e-05
3.647503399406559765e-05
3.646094774012453854e-05
3.644571916083805263e-05
3.643144373199902475e-05
3.641800503828562796e-05
3.639497299445793033e-05
3.639605711214244366e-05
3.638894850155338645e-05
3.638521229731850326e-05
3.637534246081486344e-05
3.636645124061033130e-05
3.635541361290961504e-05
3.634543463704176247e-05
3.633935921243391931e-05
3.632276639109477401e-05
3.631416620919480920e-05
3.630415449151769280e-05
3.630354331107810140e-05
3.629883212852291763e-05
3.629580169217661023e-05
3.629035199992358685e-05
3.628509512054733932e-05
3.627430123742669821e-05
3.626514080679044127e-05
3.625766112236306071e-05
3.625119279604405165e-05
3.624617966124787927e-05
3.624052624218165874e-05
3.622795338742434978e-05
3.621434007072821259e-05
3.649788413895294070e-05
3.621072028181515634e-05
3.619980998337268829e-05
3.617872789618559182e-05
3.613877197494730353e-05
3.608879342209547758e-05
3.608643601182848215e-05
3.606182508519850671e-05
3.603394361562095582e-05
3.602144352043978870e-05
3.601157732191495597e-05
3.600128184189088643e-05
3.598208786570467055e-05
3.596298483898863196e-05
3.594372537918388844e-05
3.591420681914314628e-05
3.590249252738431096e-05
3.588787149055860937e-05
3.587273386074230075e-05
3.585295780794695020e-05
3.583524085115641356e-05
3.581664350349456072e-05
3.579803524189628661e-05
3.578381074476055801e-05
3.577248571673408151e-05
3.575812661438249052e-05
3.574445509002543986e-05
3.572195419110357761e-05
3.569421824067831039e-05
3.566077793948352337e-05
3.564307553460821509e-05
3.563268910511396825e-05
3.561903577065095305e-05
3.560892218956723809e-05
3.559161996236070991e-05
3.558247044566087425e-05
3.557738818926736712e-05
3.557481613825075328e-05
3.557319359970279038e-05
3.556760930223390460e-05
3.555930379661731422e-05
3.555188959580846131e-05
3.554182330844923854e-05
3.553643546183593571e-05
3.552885755198076367e-05
3.552332054823637009e-05
3.551517875166609883e-05
3.551261761458590627e-05
3.550230758264660835e-05
3.549107714206911623e-05
3.547732922015711665e-05
3.545633080648258328e-05
3.540673060342669487e-05
3.547694723238237202e-05
3.538383316481485963e-05
3.533668859745375812e-05
3.527632725308649242e-05
3.522362749208696187e-05
3.519835445331409574e-05
3.515664866426959634e-05
3.517265577102079988e-05
3.514309355523437262e-05
3.512311013764701784e-05
3.510486203595064580e-05
3.509313319227658212e-05
3.507967994664795697e-05
3.519889651215635240e-05
3.506623761495575309e-05
3.504932828946039081e-05
3.502961408230476081e-05
3.501708852127194405e-05
3.501314131426624954e-05
3.500721140881069005e-05
3.499964077491313219e-05
3.499637386994436383e-05
3.499177182675339282e-05
3.499852027744054794e-05
3.498920705169439316e-05
3.498545629554428160e-05
3.497314537526108325e-05
3.495162309263832867e-05
3.492448013275861740e-05
3.488892616587691009e-05
3.487959838821552694e-05
3.484788612695410848e-05
3.483699401840567589e-05
3.483313412289135158e-05
3.482443935354240239e-05
3.482060128590092063e-05
3.481417297734878957e-05
3.480825762380845845e-05
3.479865699773654342e-05
3.479850784060545266e-05
3.479227234493009746e-05
3.478340295259840786e-05
3.476546771707944572e-05
3.475611083558760583e-05
3.473096512607298791e-05
3.470569208730012178e-05
3.479647784843109548e-05
3.469813236733898520e-05
3.467001806711778045e-05
3.465022382442839444e-05
3.463054599706083536e-05
3.461228334344923496e-05
3.458483115537092090e-05
3.455379919614642859e-05
3.452863165875896811e-05
3.449152427492663264e-05
3.446311166044324636e-05
3.442713932599872351e-05
3.439612919464707375e-05
3.437203486100770533e-05
3.435958205955103040e-05
3.433806341490708292e-05
3.432426092331297696e-05
3.431187360547482967e-05
3.431406366871669888e-05
3.430599099374376237e-05
3.429179923841729760e-05
3.426910552661865950e-05
3.425604882068000734e-05
3.423822272452525795e-05
3.420729262870736420e-05
3.447266863076947629e-05
3.418056439841166139e-05
3.413742888369597495e-05
3.405405004741623998e-05
3.405611278139986098e-05
3.403758455533534288e-05
3.399252091185189784e-05
3.393309452803805470e-05
3.387350443517789245e-05
3.382010618224740028e-05
3.381965507287532091e-05
3.378346445970237255e-05
3.374590960447676480e-05
3.371425918885506690e-05
3.369756086613051593e-05
3.367320459801703691e-05
3.364412987139075994e-05
3.361331255291588604e-05
3.358813410159200430e-05
3.355333319632336497e-05
3.352648491272702813e-05
3.350731276441365480e-05
3.348440077388659120e-05
3.345894947415217757e-05
3.344644574099220335e-05
3.342173295095562935e-05
3.342278068885207176e-05
3.341074989293701947e-05
3.339686372783035040e-05
3.338943861308507621e-05
3.338237365824170411e-05
3.336837835377082229e-05
3.335795190650969744e-05
3.333162021590396762e-05
3.331885818624868989e-05
3.330124673084355891e-05
3.331035986775532365e-05
3.329676837893202901e-05
3.328912134747952223e-05
3.327887316117994487e-05
3.327328886371105909e-05
3.326388468849472702e-05
3.325526267872191966e-05
3.323870259919203818e-05
3.321880649309605360e-05
3.320414180052466691e-05
3.317030495963990688e-05
3.311219552415423095e-05
3.322984048281796277e-05
3.309388193883933127e-05
3.306248981971293688e-05
3.304818892502225935e-05
3.303661287645809352e-05
3.301575634395703673e-05
3.297045986982993782e-05
3.291885877843014896e-05
3.287571598775684834e-05
3.282417310401797295e-05
3.276472125435248017e-05
3.266721978434361517e-05
3.282650868641212583e-05
3.263089092797599733e-05
3.254848343203775585e-05
3.246518099331296980e-05
3.240777732571586967e-05
3.236530028516426682e-05
3.232070957892574370e-05
3.228534114896319807e-05
3.225898763048462570e-05
3.223236126359552145e-05
3.220859434804879129e-05
3.219274003640748560e-05
3.217787161702290177e-05
3.215992910554632545e-05
3.213817035430110991e-05
3.211331932106986642e-05
3.209368878742679954e-05
3.207874760846607387e-05
3.205945176887325943e-05
3.203853339073248208e-05
3.202504740329459310e-05
3.200719584128819406e-05
3.199438287992961705e-05
3.197610203642398119e-05
3.195947283529676497e-05
3.194963210262358189e-05
3.193301381543278694e-05
3.190802817698568106e-05
3.188620758010074496e-05
3.186382309650070965e-05
3.182978616678155959e-05
3.181432111887261271e-05
3.191187352058477700e-05
3.180206113029271364e-05
3.178566839778795838e-05
3.176730751874856651e-05
3.174226003466174006e-05
3.170166746713221073e-05
3.167085378663614392e-05
3.166623719152994454e-05
3.161709173582494259e-05
3.159570405841805041e-05
3.156517414026893675e-05
3.155774538754485548e-05
3.148733958369120955e-05
3.144109723507426679e-05
3.139605178148485720e-05
3.137773455819115043e-05
3.134248618152923882e-05
3.132662823190912604e-05
3.130301047349348664e-05
3.127643140032887459e-05
3.124416980426758528e-05
3.121480403933674097e-05
3.119054599665105343e-05
3.117620872217230499e-05
3.115802974207326770e-05
3.114077480859123170e-05
3.112725971732288599e-05
3.112156628048978746e-05
3.109579847659915686e-05
3.108347664237953722e-05
3.105385258095338941e-05
3.101639958913438022e-05
3.098345041507855058e-05
3.094274870818480849e-05
3.092161568929441273e-05
3.091176040470600128e-05
3.089637175435200334e-05
3.088375888182781637e-05
3.086996002821251750e-05
3.085571006522513926e-05
3.084012496401555836e-05
3.081222530454397202e-05
3.078200825257226825e-05
3.076949360547587276e-05
3.074992855545133352e-05
3.073575862799771130e-05
3.071900209761224687e-05
3.069771264563314617e-05
3.065810960833914578e-05
3.064664997509680688e-05
3.061531242565251887e-05
3.060030940105207264e-05
3.058468428207561374e-05
3.056649802601896226e-05
3.055997876799665391e-05
3.054005719604901969e-05
3.053283580811694264e-05
3.051506428164429963e-05
3.049716178793460131e-05
3.047702739422675222e-05
3.063816984649747610e-05
3.047475001949351281e-05
3.046216806978918612e-05
3.044921686523593962e-05
3.043713149963878095e-05
3.042659591301344335e-05
3.041464879061095417e-05
3.040378942387178540e-05
3.039034163521137089e-05
3.037736860278528184e-05
3.037811256945133209e-05
3.037176065845414996e-05
3.036188354599289596e-05
3.035026020370423794e-05
3.033960274478886276e-05
3.034527435374911875e-05
3.033227949345018715e-05
3.032449785678181797e-05
3.033355460502207279e-05
3.031751657545100898e-05
3.030807420145720243e-05
3.029851905012037605e-05
3.028548781003337353e-05
3.027356979146134108e-05
3.025995101779699326e-05
3.024879697477445006e-05
3.024018042196985334e-05
3.023070348717737943e-05
3.022219971171580255e-05
3.020620533789042383e-05
3.018608185811899602e-05
3.022530654561705887e-05
3.017780545633286238e-05
3.016261689481325448e-05
3.013183777511585504e-05
3.010685395565815270e-05
3.007494524354115129e-05
3.002145967911928892e-05
2.999709249706938863e-05
2.995621434820350260e-05
2.993476482515688986e-05
2.992275585711468011e-05
2.992272857227362692e-05
2.991521250805817544e-05
2.990319808304775506e-05
2.988999949593562633e-05
2.987320658576209098e-05
2.985238461405970156e-05
2.982775731652509421e-05
2.980315912282094359e-05
2.977559415739960968e-05
2.975279312522616237e-05
2.974757808260619640e-05
2.976253745146095753e-05
2.974463495775125921e-05
2.974035669467411935e-05
2.973527807625941932e-05
2.972897891595494002e-05
2.971973299281671643e-05
2.970884816022589803e-05
2.969785600726027042e-05
2.968849912576843053e-05
2.967759792227298021e-05
2.966527063108514994e-05
2.964962368423584849e-05
2.963673614431172609e-05
2.961908103316091001e-05
2.959725497930776328e-05
2.958063487312756479e-05
2.956563366751652211e-05
2.955529089376796037e-05
2.954310548375360668e-05
2.953268085548188537e-05
2.951866554212756455e-05
2.952007889689411968e-05
2.951199530798476189e-05
2.950338603113777936e-05
2.949133886431809515e-05
2.948648580058943480e-05
2.948136898339726031e-05
2.947896973637398332e-05
2.947078428405802697e-05
2.946308268292341381e-05
2.945629421446938068e-05
2.945190135505981743e-05
2.944579500763211399e-05
2.944003063021227717e-05
2.944098196167033166e-05
2.943531217169947922e-05
2.942669379990547895e-05
2.941821730928495526e-05
2.941274215118028224e-05
2.940596823464147747e-05
2.939679507107939571e-05
2.938683974207378924e-05
2.937491444754414260e-05
2.936547753051854670e-05
2.935026714112609625e-05
2.934141048172023147e-05
2.932122697529848665e-05
2.930968912551179528e-05
2.928991489170584828e-05
2.927942114183679223e-05
2.926246452261693776e-05
2.924983164120931178e-05
2.923498686868697405e-05
2.922783642134163529e-05
2.922976455010939389e-05
2.921803934441413730e-05
2.920879705925472081e-05
2.920306360465474427e-05
2.919699363701511174e-05
2.919023609138093889e-05
2.918266727647278458e-05
2.917374513344839215e-05
2.916666380770038813e-05
2.915765071520581841e-05
2.915091135946568102e-05
2.914093784056603909e-05
2.913321441155858338e-05
2.912538366217631847e-05
2.911622868850827217e-05
2.910685725510120392e-05
2.909278555307537317e-05
2.908280293922871351e-05
2.906778536271303892e-05
2.905644214479252696e-05
2.904962639149744064e-05
2.908146234403830022e-05
2.904641587520018220e-05
2.903950735344551504e-05
2.903400127252098173e-05
2.902941014326643199e-05
2.902296000684145838e-05
2.901428160839714110e-05
2.900579602282959968e-05
2.899591345340013504e-05
2.898911770898848772e-05
2.897820922953542322e-05
2.896849946409929544e-05
2.894870340242050588e-05
2.899397622968535870e-05
2.894218960136640817e-05
2.892321390390861779e-05
2.890319592552259564e-05
2.889181268983520567e-05
2.887767186621204019e-05
2.885790127038490027e-05
2.883776869566645473e-05
2.882329135900363326e-05
2.880935426219366491e-05
2.879764906538184732e-05
2.878448867704719305e-05
2.876873622881248593e-05
2.874086021620314568e-05
2.872224831662606448e-05
2.872287950594909489e-05
2.870628668460994959e-05
2.868889714591205120e-05
2.867492003133520484e-05
2.866920476662926376e-05
2.866171053028665483e-05
2.865428177756257355e-05
2.864335147023666650e-05
2.863138615794014186e-05
2.861729626602027565e-05
2.860126915038563311e-05
2.858368316083215177e-05
2.866188151529058814e-05
2.857836989278439432e-05
2.856264836736954749e-05
2.855267666745930910e-05
2.854371814464684576e-05
2.853697696991730481e-05
2.852881334547419101e-05
2.852311445167288184e-05
