3.083124876022338867e+00
7.754027843475341797e-01
1.094895362854003906e+00
7.169092893600463867e-01
7.112441062927246094e-01
7.038764357566833496e-01
7.026611566543579102e-01
7.010968327522277832e-01
6.987189054489135742e-01
6.972966194152832031e-01
6.962597966194152832e-01
6.959022879600524902e-01
6.956195831298828125e-01
6.951433420181274414e-01
6.939520239830017090e-01
6.924334168434143066e-01
6.910858154296875000e-01
6.910203695297241211e-01
6.906865835189819336e-01
6.905447840690612793e-01
6.905413866043090820e-01
6.905167102813720703e-01
6.904814839363098145e-01
6.902962327003479004e-01
6.901478767395019531e-01
6.899831891059875488e-01
6.901891827583312988e-01
6.898511052131652832e-01
6.896003484725952148e-01
6.898022294044494629e-01
6.893401741981506348e-01
6.892741322517395020e-01
6.891732811927795410e-01
6.889982223510742188e-01
6.881850361824035645e-01
6.875252723693847656e-01
6.867945194244384766e-01
6.864783167839050293e-01
6.853874921798706055e-01
6.852747201919555664e-01
6.851638555526733398e-01
6.849405765533447266e-01
6.843361854553222656e-01
6.828403472900390625e-01
6.802645921707153320e-01
6.762124896049499512e-01
6.661729216575622559e-01
6.648878455162048340e-01
1.990311050415039062e+01
6.598499417304992676e-01
6.542008519172668457e-01
6.890005469322204590e-01
6.416699290275573730e-01
6.275351643562316895e-01
6.077675819396972656e-01
5.587047338485717773e-01
6.374127268791198730e-01
5.344822406768798828e-01
5.037438273429870605e-01
4.562715888023376465e-01
5.389419794082641602e-01
4.225553870201110840e-01
5.359665751457214355e-01
4.010867774486541748e-01
3.954738974571228027e-01
4.242474436759948730e-01
3.661344647407531738e-01
3.532194495201110840e-01
3.408643603324890137e-01
3.330100476741790771e-01
3.238467872142791748e-01
2.940359115600585938e-01
2.783633470535278320e-01
2.714659869670867920e-01
2.644395530223846436e-01
2.572993636131286621e-01
2.549695372581481934e-01
2.473886311054229736e-01
2.459752261638641357e-01
2.445186674594879150e-01
2.422729730606079102e-01
2.355780601501464844e-01
2.228180170059204102e-01
2.294414937496185303e-01
2.153259366750717163e-01
2.045074999332427979e-01
1.973159015178680420e-01
2.412594705820083618e-01
1.929631233215332031e-01
2.084022164344787598e-01
1.850310564041137695e-01
1.816945970058441162e-01
1.758394539356231689e-01
1.731814593076705933e-01
1.712595224380493164e-01
1.684813201427459717e-01
1.667246371507644653e-01
1.658825129270553589e-01
1.643252074718475342e-01
1.620384156703948975e-01
1.574633121490478516e-01
1.541417688131332397e-01
1.515843719244003296e-01
1.492019146680831909e-01
1.516561508178710938e-01
1.481139808893203735e-01
1.461443603038787842e-01
1.447814404964447021e-01
1.437521427869796753e-01
1.417492777109146118e-01
1.402521133422851562e-01
1.403943002223968506e-01
1.389639526605606079e-01
1.381101459264755249e-01
1.369293332099914551e-01
1.328896433115005493e-01
1.319258511066436768e-01
1.381318122148513794e-01
1.273932307958602905e-01
1.250215023756027222e-01
1.216221004724502563e-01
1.183122619986534119e-01
1.134486272931098938e-01
1.124157011508941650e-01
1.105448678135871887e-01
1.110327914357185364e-01
1.100677102804183960e-01
1.096510440111160278e-01
1.093312948942184448e-01
1.089956834912300110e-01
1.084391847252845764e-01
1.074425131082534790e-01
1.048504859209060669e-01
9.992866218090057373e-02
9.598390758037567139e-02
9.314659237861633301e-02
9.186927974224090576e-02
9.101956337690353394e-02
8.980933576822280884e-02
8.797366917133331299e-02
8.519659936428070068e-02
8.379804342985153198e-02
8.239784836769104004e-02
8.179556578397750854e-02
8.147429674863815308e-02
8.082433789968490601e-02
7.973288744688034058e-02
7.772406935691833496e-02
7.539593428373336792e-02
7.386942207813262939e-02
7.298455387353897095e-02
7.221876084804534912e-02
7.211484014987945557e-02
7.174925506114959717e-02
7.156465202569961548e-02
7.129125297069549561e-02
7.102175801992416382e-02
7.068055868148803711e-02
7.016330212354660034e-02
6.976184248924255371e-02
6.940704584121704102e-02
6.902775913476943970e-02
6.832913309335708618e-02
6.765826791524887085e-02
6.689631193876266479e-02
6.590207666158676147e-02
6.488537788391113281e-02
6.406836211681365967e-02
6.366856396198272705e-02
6.310261785984039307e-02
6.281071156263351440e-02
6.263832747936248779e-02
6.266286969184875488e-02
6.257032603025436401e-02
6.252105534076690674e-02
6.240916252136230469e-02
6.203188747167587280e-02
6.145856529474258423e-02
6.050436943769454956e-02
5.974001437425613403e-02
5.928702652454376221e-02
5.913921818137168884e-02
5.908802151679992676e-02
5.902590602636337280e-02
5.896322056651115417e-02
5.884011089801788330e-02
5.858645588159561157e-02
5.826453119516372681e-02
5.846246331930160522e-02
5.797965824604034424e-02
5.750356614589691162e-02
5.728587880730628967e-02
5.719681084156036377e-02
5.708914995193481445e-02
5.699534714221954346e-02
5.685431137681007385e-02
5.666124075651168823e-02
5.653472244739532471e-02
5.645649135112762451e-02
5.643042549490928650e-02
5.641864612698554993e-02
5.640410259366035461e-02
5.637925863265991211e-02
5.634269118309020996e-02
5.628170818090438843e-02
5.614281818270683289e-02
5.595190823078155518e-02
5.576000735163688660e-02
5.579502135515213013e-02
5.563002079725265503e-02
5.543486028909683228e-02
5.538549274206161499e-02
5.532365664839744568e-02
5.531620979309082031e-02
5.526574701070785522e-02
5.524737015366554260e-02
5.521492660045623779e-02
5.510730296373367310e-02
5.485331267118453979e-02
5.510678142309188843e-02
5.441626906394958496e-02
5.371219664812088013e-02
5.264340713620185852e-02
9.660802781581878662e-02
5.144691839814186096e-02
1.091734543442726135e-01
4.965871572494506836e-02
6.228985637426376343e-02
4.883600771427154541e-02
4.762991517782211304e-02
4.615890234708786011e-02
5.197168141603469849e-02
4.559884220361709595e-02
4.482245445251464844e-02
4.368717223405838013e-02
4.452423006296157837e-02
4.321385547518730164e-02
4.280806705355644226e-02
4.222377762198448181e-02
4.217291623353958130e-02
4.196298122406005859e-02
4.177781194448471069e-02
4.155395179986953735e-02
4.137528687715530396e-02
4.102058708667755127e-02
4.082764685153961182e-02
4.061957448720932007e-02
4.045562073588371277e-02
4.023119807243347168e-02
4.000110179185867310e-02
3.955608606338500977e-02
3.942651301622390747e-02
3.913825005292892456e-02
3.901107609272003174e-02
3.884438052773475647e-02
3.854615241289138794e-02
3.835102915763854980e-02
3.808642178773880005e-02
3.781619668006896973e-02
3.757227212190628052e-02
3.735851496458053589e-02
3.707757592201232910e-02
3.664375469088554382e-02
3.618008643388748169e-02
3.591158986091613770e-02
3.574512898921966553e-02
3.552312403917312622e-02
3.529868274927139282e-02
3.501201421022415161e-02
3.468364849686622620e-02
3.427267819643020630e-02
3.389119356870651245e-02
3.349447995424270630e-02
3.314047306776046753e-02
3.287837281823158264e-02
3.264486789703369141e-02
3.249216079711914062e-02
3.239099681377410889e-02
3.226141259074211121e-02
3.215729072690010071e-02
3.207381069660186768e-02
3.200244531035423279e-02
3.188930451869964600e-02
3.172312304377555847e-02
3.148317709565162659e-02
3.117265552282333374e-02
3.087138570845127106e-02
3.025962412357330322e-02
2.927727624773979187e-02
2.821039780974388123e-02
2.837455645203590393e-02
2.776553109288215637e-02
2.766364999115467072e-02
2.752569317817687988e-02
2.752687782049179077e-02
2.738147042691707611e-02
2.735939621925354004e-02
2.726262062788009644e-02
2.720984444022178650e-02
2.714448794722557068e-02
2.705796994268894196e-02
2.697964757680892944e-02
2.688050083816051483e-02
2.659232541918754578e-02
2.629171870648860931e-02
2.609714306890964508e-02
2.598655596375465393e-02
2.563579566776752472e-02
2.538519166409969330e-02
2.517579868435859680e-02
2.500928938388824463e-02
2.483934164047241211e-02
2.464416623115539551e-02
2.452445961534976959e-02
2.448658458888530731e-02
2.446841821074485779e-02
2.443986013531684875e-02
2.441254816949367523e-02
2.436822839081287384e-02
2.427916415035724640e-02
2.420683763921260834e-02
2.415669895708560944e-02
2.413707226514816284e-02
2.407876029610633850e-02
2.401452139019966125e-02
2.393485233187675476e-02
2.381943911314010620e-02
2.377103269100189209e-02
2.357872202992439270e-02
2.347936108708381653e-02
2.336196042597293854e-02
2.311444655060768127e-02
2.300090715289115906e-02
2.290452644228935242e-02
2.283999696373939514e-02
2.276238054037094116e-02
2.272360213100910187e-02
2.270131185650825500e-02
2.268495410680770874e-02
2.265235409140586853e-02
2.261484600603580475e-02
2.253817021846771240e-02
2.239804714918136597e-02
2.218399383127689362e-02
2.187342196702957153e-02
2.226123586297035217e-02
2.153417281806468964e-02
2.113462239503860474e-02
2.170694991946220398e-02
2.069962583482265472e-02
2.048041298985481262e-02
2.055379375815391541e-02
2.034603804349899292e-02
2.019631862640380859e-02
2.000163123011589050e-02
1.987539418041706085e-02
1.976887136697769165e-02
1.975203305482864380e-02
1.965356431901454926e-02
1.959779672324657440e-02
1.951346918940544128e-02
1.940900646150112152e-02
1.937930658459663391e-02
1.927403360605239868e-02
1.921219006180763245e-02
1.908328756690025330e-02
1.883283257484436035e-02
1.852111145853996277e-02
1.808238029479980469e-02
1.779337972402572632e-02
1.748115010559558868e-02
1.730804517865180969e-02
1.717507839202880859e-02
1.710345596075057983e-02
1.702819019556045532e-02
1.691972836852073669e-02
1.680201478302478790e-02
1.711763441562652588e-02
1.672751083970069885e-02
1.654666662216186523e-02
1.640736497938632965e-02
1.621682941913604736e-02
1.608334854245185852e-02
1.604555547237396240e-02
1.594476401805877686e-02
1.589668914675712585e-02
1.586260646581649780e-02
1.582522317767143250e-02
1.576904207468032837e-02
1.564425788819789886e-02
1.548488624393939972e-02
1.529986783862113953e-02
1.517530344426631927e-02
1.510510407388210297e-02
1.502037327736616135e-02
1.497989986091852188e-02
1.493915542960166931e-02
1.491346396505832672e-02
1.488376129418611526e-02
1.486077532172203064e-02
1.484047528356313705e-02
1.482422370463609695e-02
1.479912549257278442e-02
1.478535309433937073e-02
1.477029174566268921e-02
1.479851268231868744e-02
1.476234942674636841e-02
1.474456302821636200e-02
1.472693681716918945e-02
1.471230387687683105e-02
1.469418499618768692e-02
1.467424444854259491e-02
1.465747319161891937e-02
1.462142355740070343e-02
1.456006802618503571e-02
1.481284759938716888e-02
1.451899111270904541e-02
1.440501306205987930e-02
1.445559412240982056e-02
1.434393040835857391e-02
1.426446903496980667e-02
1.419095508754253387e-02
1.413601078093051910e-02
1.410773955285549164e-02
1.406528986990451813e-02
1.599280536174774170e-02
1.404647156596183777e-02
1.396262552589178085e-02
1.378730870783329010e-02
1.369020529091358185e-02
1.366124674677848816e-02
1.358703523874282837e-02
1.357398368418216705e-02
1.354653201997280121e-02
1.362380851060152054e-02
1.352516561746597290e-02
1.347867865115404129e-02
1.343997195363044739e-02
1.337569300085306168e-02
1.333430316299200058e-02
1.323834713548421860e-02
1.319712586700916290e-02
1.316110976040363312e-02
1.314285211265087128e-02
1.311954949051141739e-02
1.308579277247190475e-02
1.304936688393354416e-02
1.300950720906257629e-02
1.295867189764976501e-02
1.290630828589200974e-02
1.286281552165746689e-02
1.281296275556087494e-02
1.274507585912942886e-02
1.263013109564781189e-02
1.250221766531467438e-02
1.233530510216951370e-02
1.222880184650421143e-02
1.213132310658693314e-02
1.206784788519144058e-02
1.200702041387557983e-02
1.194882206618785858e-02
1.190029364079236984e-02
1.184673979878425598e-02
1.181144732981920242e-02
1.178090833127498627e-02
1.174922846257686615e-02
1.172443758696317673e-02
1.170042157173156738e-02
1.167729869484901428e-02
1.162527594715356827e-02
1.157880760729312897e-02
1.150710694491863251e-02
1.145273260772228241e-02
1.293735392391681671e-02
1.139964163303375244e-02
1.133566349744796753e-02
1.127838063985109329e-02
1.121799368411302567e-02
1.113472133874893188e-02
1.103878300637006760e-02
1.090479828417301178e-02
1.080733537673950195e-02
1.074379589408636093e-02
1.066060457378625870e-02
1.062083709985017776e-02
1.057508215308189392e-02
1.051507517695426941e-02
1.042665820568799973e-02
1.028274372220039368e-02
1.014604326337575912e-02
1.005491055548191071e-02
9.979382157325744629e-03
9.863524697721004486e-03
9.811753407120704651e-03
9.736550971865653992e-03
9.683326818048954010e-03
9.622767567634582520e-03
9.580260142683982849e-03
9.556395933032035828e-03
9.538478218019008636e-03
9.518638253211975098e-03
9.487340226769447327e-03
9.446681477129459381e-03
9.392574429512023926e-03
9.323317557573318481e-03
9.281918406486511230e-03
9.242701344192028046e-03
9.215553291141986847e-03
9.197382256388664246e-03
9.181380271911621094e-03
9.162586182355880737e-03
9.144216775894165039e-03
9.124232456088066101e-03
9.103061631321907043e-03
9.089848957955837250e-03
9.075619280338287354e-03
9.056422859430313110e-03
9.033037349581718445e-03
9.004252962768077850e-03
8.975046686828136444e-03
8.962074294686317444e-03
8.950015529990196228e-03
8.936650119721889496e-03
8.909890428185462952e-03
8.858728222548961639e-03
9.065866470336914062e-03
8.838100358843803406e-03
8.777064271271228790e-03
8.748488500714302063e-03
8.734099566936492920e-03
8.721523918211460114e-03
8.701018989086151123e-03
8.680290542542934418e-03
8.668469265103340149e-03
8.655235171318054199e-03
8.644033223390579224e-03
8.632233366370201111e-03
8.614239282906055450e-03
8.596473373472690582e-03
8.580062538385391235e-03
8.565482683479785919e-03
8.547978475689888000e-03
8.532531559467315674e-03
8.491709828376770020e-03
8.572862483561038971e-03
8.482360281050205231e-03
8.455323055386543274e-03
8.485103026032447815e-03
8.429847657680511475e-03
8.399910293519496918e-03
8.374162018299102783e-03
8.344840258359909058e-03
8.326198905706405640e-03
8.317268453538417816e-03
8.305529132485389709e-03
8.291560225188732147e-03
8.273391053080558777e-03
8.264788426458835602e-03
8.254053071141242981e-03
8.244209922850131989e-03
8.228201419115066528e-03
8.212892338633537292e-03
8.195905946195125580e-03
8.177516050636768341e-03
8.163830265402793884e-03
8.151892572641372681e-03
8.127748966217041016e-03
8.106190711259841919e-03
8.077193982899188995e-03
8.045874536037445068e-03
8.020104840397834778e-03
7.986571639776229858e-03
7.949281483888626099e-03
7.865371182560920715e-03
8.075816556811332703e-03
7.831388153135776520e-03
7.795655168592929840e-03
7.758856751024723053e-03
7.738548796623945236e-03
7.665676064789295197e-03
7.633244618773460388e-03
7.600180804729461670e-03
7.582186721265316010e-03
7.566923275589942932e-03
7.543861865997314453e-03
7.520280778408050537e-03
7.493802346289157867e-03
7.473252713680267334e-03
7.448476739227771759e-03
7.420332171022891998e-03
7.379318587481975555e-03
7.333815097808837891e-03
7.280465215444564819e-03
8.955011144280433655e-03
7.268317043781280518e-03
7.243242114782333374e-03
7.225126028060913086e-03
7.209519855678081512e-03
7.197410333901643753e-03
7.181572727859020233e-03
7.165774703025817871e-03
7.149931509047746658e-03
7.132391445338726044e-03
7.118321023881435394e-03
7.108887657523155212e-03
7.094731088727712631e-03
7.087993435561656952e-03
7.083370350301265717e-03
7.071873173117637634e-03
7.049869280308485031e-03
7.020396646112203598e-03
6.987557746469974518e-03
6.993415299803018570e-03
6.980190984904766083e-03
6.964722648262977600e-03
6.952201947569847107e-03
6.938009988516569138e-03
6.916516926139593124e-03
6.897271610796451569e-03
6.881277076900005341e-03
6.871846038848161697e-03
6.857866421341896057e-03
6.847764365375041962e-03
6.840170361101627350e-03
6.832146085798740387e-03
6.824973970651626587e-03
6.817501038312911987e-03
6.810936611145734787e-03
6.806493736803531647e-03
6.802418269217014313e-03
6.799191702157258987e-03
6.793252192437648773e-03
6.791290827095508575e-03
6.787901744246482849e-03
6.781403906643390656e-03
6.777773611247539520e-03
6.772440392524003983e-03
6.765413098037242889e-03
6.758670322597026825e-03
6.754387635737657547e-03
6.752422079443931580e-03
6.750582251697778702e-03
6.748955231159925461e-03
6.746758706867694855e-03
6.744675338268280029e-03
6.742444355040788651e-03
6.739187985658645630e-03
6.736309267580509186e-03
6.728117354214191437e-03
6.716246251016855240e-03
6.695962976664304733e-03
6.667782552540302277e-03
6.662417203187942505e-03
6.619505584239959717e-03
6.600403226912021637e-03
6.575481500476598740e-03
6.553675048053264618e-03
6.539402529597282410e-03
6.528285332024097443e-03
6.522913463413715363e-03
6.511380430310964584e-03
6.504525896161794662e-03
6.499106064438819885e-03
6.493647582828998566e-03
6.485213525593280792e-03
6.472506094723939896e-03
6.496339105069637299e-03
6.466138176620006561e-03
6.452097557485103607e-03
6.439051125198602676e-03
6.429567001760005951e-03
6.420409306883811951e-03
6.409022957086563110e-03
6.398030556738376617e-03
6.388780660927295685e-03
6.383914500474929810e-03
6.377225276082754135e-03
6.359300110489130020e-03
6.354555487632751465e-03
6.346855312585830688e-03
6.342560984194278717e-03
6.327734328806400299e-03
6.310331635177135468e-03
6.283500697463750839e-03
6.260186433792114258e-03
6.252196617424488068e-03
6.241425871849060059e-03
6.220665760338306427e-03
6.200845818966627121e-03
6.172454915940761566e-03
6.128041539341211319e-03
6.093246862292289734e-03
6.066794507205486298e-03
6.082454230636358261e-03
6.052430253475904465e-03
6.066840142011642456e-03
6.035461090505123138e-03
6.023787427693605423e-03
6.002219393849372864e-03
6.014878861606121063e-03
5.991217680275440216e-03
5.958775524049997330e-03
5.941535811871290207e-03
5.917947739362716675e-03
5.907327868044376373e-03
5.888981744647026062e-03
5.874248221516609192e-03
5.856676027178764343e-03
5.844606552273035049e-03
5.835958756506443024e-03
5.828258581459522247e-03
5.815455224364995956e-03
5.810278467833995819e-03
5.779181607067584991e-03
5.760438740253448486e-03
5.736326798796653748e-03
5.724120885133743286e-03
5.712426267564296722e-03
5.708459764719009399e-03
5.705013871192932129e-03
5.702405702322721481e-03
5.700153764337301254e-03
5.697490647435188293e-03
5.694949999451637268e-03
5.690988153219223022e-03
5.687714554369449615e-03
5.683726165443658829e-03
5.680263042449951172e-03
5.677910521626472473e-03
5.672042258083820343e-03
5.662375129759311676e-03
5.653055850416421890e-03
5.644507706165313721e-03
5.636272020637989044e-03
5.630701780319213867e-03
5.627242848277091980e-03
5.621884018182754517e-03
5.618358030915260315e-03
5.614769179373979568e-03
5.610660649836063385e-03
5.602970253676176071e-03
5.597895476967096329e-03
5.586267448961734772e-03
5.576557014137506485e-03
5.569118075072765350e-03
5.561362020671367645e-03
5.552477203309535980e-03
5.545169580727815628e-03
5.536868702620267868e-03
5.530898459255695343e-03
5.544831044971942902e-03
5.526053253561258316e-03
5.515760276466608047e-03
5.487868562340736389e-03
5.475007463246583939e-03
5.447608884423971176e-03
5.422065034508705139e-03
5.377701483666896820e-03
5.360848270356655121e-03
5.353099200874567032e-03
5.338221322745084763e-03
5.328821018338203430e-03
5.313781090080738068e-03
5.295606330037117004e-03
5.291455890983343124e-03
5.274217110127210617e-03
5.264734849333763123e-03
5.248291417956352234e-03
5.237136967480182648e-03
5.230991635471582413e-03
5.221007391810417175e-03
5.216034594923257828e-03
5.213967058807611465e-03
5.206429399549961090e-03
5.201452877372503281e-03
5.196651443839073181e-03
5.189404822885990143e-03
5.183564033359289169e-03
5.179298575967550278e-03
5.171893164515495300e-03
5.167801864445209503e-03
5.163104739040136337e-03
5.158614367246627808e-03
5.153398960828781128e-03
5.148014519363641739e-03
5.144129041582345963e-03
5.140084307640790939e-03
5.136854015290737152e-03
5.133813247084617615e-03
5.130161065608263016e-03
5.124832037836313248e-03
5.120427347719669342e-03
5.117035470902919769e-03
5.114025436341762543e-03
5.110149271786212921e-03
5.103473551571369171e-03
5.097901448607444763e-03
5.090000107884407043e-03
5.083371419459581375e-03
5.070657003670930862e-03
5.057167261838912964e-03
5.050301551818847656e-03
5.043957382440567017e-03
5.037887953221797943e-03
5.031071603298187256e-03
5.023597739636898041e-03
5.018622148782014847e-03
5.008537787944078445e-03
4.994588904082775116e-03
4.980394151061773300e-03
4.978338722139596939e-03
4.971785936504602432e-03
4.960843361914157867e-03
4.953240975737571716e-03
4.939518868923187256e-03
4.926175344735383987e-03
4.910339135676622391e-03
4.900681786239147186e-03
4.893722943961620331e-03
4.887183196842670441e-03
4.880392923951148987e-03
4.872537218034267426e-03
4.864428192377090454e-03
4.856421612203121185e-03
4.849921446293592453e-03
4.840044304728507996e-03
4.834877792745828629e-03
4.831807687878608704e-03
4.828801378607749939e-03
4.823680967092514038e-03
4.837423097342252731e-03
4.818635527044534683e-03
4.807990044355392456e-03
4.797180648893117905e-03
4.789258819073438644e-03
4.779989831149578094e-03
4.770425148308277130e-03
4.760473500937223434e-03
4.752997774630784988e-03
4.747207742184400558e-03
4.736752249300479889e-03
4.724087193608283997e-03
4.710620734840631485e-03
4.702151753008365631e-03
4.695850424468517303e-03
4.693401511758565903e-03
4.691337235271930695e-03
4.687538836151361465e-03
4.684223327785730362e-03
4.678811877965927124e-03
4.672050010412931442e-03
4.664005711674690247e-03
4.652712494134902954e-03
4.632102325558662415e-03
4.613583907485008240e-03
4.586161114275455475e-03
4.567313939332962036e-03
4.541631788015365601e-03
4.520652815699577332e-03
4.512173589318990707e-03
4.504122771322727203e-03
4.497580230236053467e-03
4.490154329687356949e-03
4.483744502067565918e-03
4.483118653297424316e-03
4.476432688534259796e-03
4.474146757274866104e-03
4.470675718039274216e-03
4.463982768356800079e-03
4.491379950195550919e-03
4.462190903723239899e-03
4.458097275346517563e-03
4.451704677194356918e-03
4.448655061423778534e-03
4.444622900336980820e-03
4.441246390342712402e-03
4.438966978341341019e-03
4.435813985764980316e-03
4.430153407156467438e-03
4.424904938787221909e-03
4.418832249939441681e-03
4.414492286741733551e-03
4.409840330481529236e-03
4.407943226397037506e-03
4.402799997478723526e-03
4.399388097226619720e-03
4.395772702991962433e-03
4.392932169139385223e-03
4.389454144984483719e-03
4.387149587273597717e-03
4.384967032819986343e-03
4.382009152323007584e-03
4.380004480481147766e-03
4.375991877168416977e-03
4.367753397673368454e-03
4.361291415989398956e-03
4.349354654550552368e-03
4.339297302067279816e-03
4.329382441937923431e-03
4.328603390604257584e-03
4.314176272600889206e-03
4.290566779673099518e-03
4.262911155819892883e-03
4.256664775311946869e-03
4.252368584275245667e-03
4.248352721333503723e-03
4.242170602083206177e-03
4.236253444105386734e-03
4.232232458889484406e-03
4.228407051414251328e-03
4.225231707096099854e-03
4.222764633595943451e-03
4.220288246870040894e-03
4.217068664729595184e-03
4.214081913232803345e-03
4.210280720144510269e-03
4.208138212561607361e-03
4.203083924949169159e-03
4.198001231998205185e-03
4.194413311779499054e-03
4.190789535641670227e-03
4.187898710370063782e-03
4.186123143881559372e-03
4.184156656265258789e-03
4.182327073067426682e-03
4.180600866675376892e-03
4.179213661700487137e-03
4.177977330982685089e-03
4.176737740635871887e-03
4.174277186393737793e-03
4.169177729636430740e-03
4.163362085819244385e-03
4.164119716733694077e-03
4.158474504947662354e-03
4.148390144109725952e-03
4.137152805924415588e-03
4.124702420085668564e-03
4.117764532566070557e-03
4.102429375052452087e-03
4.093789029866456985e-03
4.099521785974502563e-03
4.088134039193391800e-03
4.109530709683895111e-03
4.082323983311653137e-03
4.075984470546245575e-03
4.069894552230834961e-03
4.066404886543750763e-03
4.063132684677839279e-03
4.059439059346914291e-03
4.056965932250022888e-03
4.055103287100791931e-03
4.052593838423490524e-03
4.050966352224349976e-03
4.051015246659517288e-03
4.049682058393955231e-03
4.047976341098546982e-03
4.046520683914422989e-03
4.044071771204471588e-03
4.041925072669982910e-03
4.039539024233818054e-03
4.037085454910993576e-03
4.035071469843387604e-03
4.032615572214126587e-03
4.030107054859399796e-03
4.027870483696460724e-03
4.025103524327278137e-03
4.022811539471149445e-03
4.019826650619506836e-03
4.015964455902576447e-03
4.010529723018407822e-03
4.005161114037036896e-03
3.999318927526473999e-03
3.993757534772157669e-03
3.989818971604108810e-03
3.986327908933162689e-03
3.981059882789850235e-03
3.963753581047058105e-03
3.945718985050916672e-03
3.927003592252731323e-03
3.919848706573247910e-03
3.906762227416038513e-03
3.898349124938249588e-03
3.890413325279951096e-03
3.880933858454227448e-03
3.868630155920982361e-03
3.852000227198004723e-03
3.833368187770247459e-03
3.808977548032999039e-03
3.787442110478878021e-03
3.778302576392889023e-03
3.766274778172373772e-03
3.762362292036414146e-03
3.756541758775711060e-03
3.749364754185080528e-03
3.738181898370385170e-03
3.754766192287206650e-03
3.729918273165822029e-03
3.708617528900504112e-03
3.686426440253853798e-03
3.671919461339712143e-03
3.661800175905227661e-03
3.686420619487762451e-03
3.656137268990278244e-03
3.645021468400955200e-03
3.631849307566881180e-03
3.624766832217574120e-03
3.619016148149967194e-03
3.615714609622955322e-03
3.611816093325614929e-03
3.607909893617033958e-03
3.601741977035999298e-03
3.590290201827883720e-03
3.583271522074937820e-03
3.575775539502501488e-03
3.568671876564621925e-03
3.562105819582939148e-03
3.558765631169080734e-03
3.556828945875167847e-03
3.554652212187647820e-03
3.550266847014427185e-03
3.544417209923267365e-03
3.540712408721446991e-03
3.536978270858526230e-03
3.531918395310640335e-03
3.525113221257925034e-03
3.521548351272940636e-03
3.515926189720630646e-03
3.512635361403226852e-03
3.509481437504291534e-03
3.505351021885871887e-03
3.499903250485658646e-03
3.495273645967245102e-03
3.489733207970857620e-03
3.492781892418861389e-03
3.486974164843559265e-03
3.483255393803119659e-03
3.479242324829101562e-03
3.475275821983814240e-03
3.470810130238533020e-03
3.468333743512630463e-03
3.465024055913090706e-03
3.465008921921253204e-03
3.462969791144132614e-03
3.459828672930598259e-03
3.458090126514434814e-03
3.456522710621356964e-03
3.455413971096277237e-03
3.454316873103380203e-03
3.452915232628583908e-03
3.450491232797503471e-03
3.449085634201765060e-03
3.445885609835386276e-03
3.444108646363019943e-03
3.441648092120885849e-03
3.439054125919938087e-03
3.434805665165185928e-03
3.429851960390806198e-03
3.424944356083869934e-03
3.421477507799863815e-03
3.419537562876939774e-03
3.414735198020935059e-03
3.410028293728828430e-03
3.407137468457221985e-03
3.404903225600719452e-03
3.393233055248856544e-03
3.382755210623145103e-03
3.374662948772311211e-03
3.368336241692304611e-03
3.362687537446618080e-03
3.353390377014875412e-03
3.350937739014625549e-03
3.343644551932811737e-03
3.326054662466049194e-03
3.309477586299180984e-03
3.287090454250574112e-03
3.289396641775965691e-03
3.271459601819515228e-03
3.255750518292188644e-03
3.240102436393499374e-03
3.229295369237661362e-03
3.221005434170365334e-03
3.214696422219276428e-03
3.206943627446889877e-03
3.200493752956390381e-03
3.197509329766035080e-03
3.216883167624473572e-03
3.194654360413551331e-03
3.187933936715126038e-03
3.184261731803417206e-03
3.180763218551874161e-03
3.178168088197708130e-03
3.174446988850831985e-03
3.170501906424760818e-03
3.169031115248799324e-03
3.197532845661044121e-03
3.164107678458094597e-03
3.157544415444135666e-03
3.156176302582025528e-03
3.148420015349984169e-03
3.141469787806272507e-03
3.136377083137631416e-03
3.132860641926527023e-03
3.130037104710936546e-03
3.128315322101116180e-03
3.126464318484067917e-03
3.124726004898548126e-03
3.122861031442880630e-03
3.119208849966526031e-03
3.115015570074319839e-03
3.108677919954061508e-03
3.098984714597463608e-03
3.093550447374582291e-03
3.084561089053750038e-03
3.081401577219367027e-03
3.079319838434457779e-03
3.075392683967947960e-03
3.067682031542062759e-03
3.055421635508537292e-03
3.044568933546543121e-03
3.034315770491957664e-03
3.025197191163897514e-03
3.014622256159782410e-03
3.001668490469455719e-03
2.985597122460603714e-03
2.976289018988609314e-03
2.969268942251801491e-03
2.960935235023498535e-03
2.952074166387319565e-03
2.944251755252480507e-03
2.939012367278337479e-03
2.932929201051592827e-03
2.925476990640163422e-03
2.917387755587697029e-03
2.909658243879675865e-03
2.904126420617103577e-03
2.899393904954195023e-03
2.896764315664768219e-03
2.892810385674238205e-03
2.982564736157655716e-03
2.891166135668754578e-03
2.885651774704456329e-03
2.880084328353404999e-03
2.874637255445122719e-03
2.869434654712677002e-03
2.865161746740341187e-03
2.860987791791558266e-03
2.855537692084908485e-03
2.850049873813986778e-03
2.842319430783390999e-03
2.835210878401994705e-03
2.838831627741456032e-03
2.832437399774789810e-03
2.828015247359871864e-03
2.823390765115618706e-03
2.818792592734098434e-03
2.814862178638577461e-03
2.822433365508913994e-03
2.811636310070753098e-03
2.808268880471587181e-03
2.804902847856283188e-03
2.801230642944574356e-03
2.796955406665802002e-03
2.792527433484792709e-03
2.788353711366653442e-03
2.785684540867805481e-03
2.784100128337740898e-03
2.783295232802629471e-03
2.782548777759075165e-03
2.781328745186328888e-03
2.779549686238169670e-03
2.776192268356680870e-03
2.772049512714147568e-03
2.786377677693963051e-03
2.770452527329325676e-03
2.766970079392194748e-03
2.762558404356241226e-03
2.759021008387207985e-03
2.756279893219470978e-03
2.752517350018024445e-03
2.747996244579553604e-03
2.742999931797385216e-03
2.738642273470759392e-03
2.735892310738563538e-03
2.732768654823303223e-03
2.728784689679741859e-03
2.722966717556118965e-03
2.720426535233855247e-03
2.716263988986611366e-03
2.711009234189987183e-03
2.703236415982246399e-03
2.699867356568574905e-03
2.697641728445887566e-03
2.696126466616988182e-03
2.694412833079695702e-03
2.691208384931087494e-03
2.701423363760113716e-03
2.690092893317341805e-03
2.686586696654558182e-03
2.681836951524019241e-03
2.673676703125238419e-03
2.664747647941112518e-03
2.658289857208728790e-03
2.653507282957434654e-03
2.650502603501081467e-03
2.646124223247170448e-03
2.641738159582018852e-03
2.635326236486434937e-03
2.678133314475417137e-03
2.633260097354650497e-03
2.629633992910385132e-03
2.626970410346984863e-03
2.624452114105224609e-03
2.621214836835861206e-03
2.613317221403121948e-03
2.608489245176315308e-03
2.605632878839969635e-03
2.604195382446050644e-03
2.602256601676344872e-03
2.600498963147401810e-03
2.597854472696781158e-03
2.594314515590667725e-03
2.586683025583624840e-03
2.578277606517076492e-03
2.565698232501745224e-03
2.546718111261725426e-03
2.537583932280540466e-03
2.522701397538185120e-03
2.507865196093916893e-03
2.500780858099460602e-03
2.477949718013405800e-03
2.467089798301458359e-03
2.451220061630010605e-03
2.436868380755186081e-03
2.428680192679166794e-03
2.423237310722470284e-03
2.420183271169662476e-03
2.415098017081618309e-03
2.410665620118379593e-03
2.400882774963974953e-03
2.401542617008090019e-03
2.397226635366678238e-03
2.399125602096319199e-03
2.393399830907583237e-03
2.389456145465373993e-03
2.387361368164420128e-03
2.384754596278071404e-03
2.380111487582325935e-03
2.373698633164167404e-03
2.371736103668808937e-03
2.362386789172887802e-03
2.358535304665565491e-03
2.354403259232640266e-03
2.349491929635405540e-03
2.422435907647013664e-03
2.346375491470098495e-03
2.342621795833110809e-03
2.338855527341365814e-03
2.333618933334946632e-03
2.324379514902830124e-03
2.314938697963953018e-03
2.304777270182967186e-03
2.294904319569468498e-03
2.284490969032049179e-03
2.281019464135169983e-03
2.270538359880447388e-03
2.263155998662114143e-03
2.255997853353619576e-03
2.253702376037836075e-03
2.242984250187873840e-03
2.238025655969977379e-03
2.237225649878382683e-03
2.230375073850154877e-03
2.227996708825230598e-03
2.224862575531005859e-03
2.221412491053342819e-03
2.218693494796752930e-03
2.234134357422590256e-03
2.214098814874887466e-03
2.210195409134030342e-03
2.207949524745345116e-03
2.206334145739674568e-03
2.204643096774816513e-03
2.210923004895448685e-03
2.203806536272168159e-03
2.202378585934638977e-03
2.199421869590878487e-03
2.196868415921926498e-03
2.193508669734001160e-03
2.190271625295281410e-03
2.186539117246866226e-03
2.183312550187110901e-03
2.179118571802973747e-03
2.178013790398836136e-03
2.172247506678104401e-03
2.168582752346992493e-03
2.164123114198446274e-03
2.163039520382881165e-03
2.160997129976749420e-03
2.155871829017996788e-03
2.153664128854870796e-03
2.149702981114387512e-03
2.145424485206604004e-03
2.143077086657285690e-03
2.136412076652050018e-03
2.131137065589427948e-03
2.123961225152015686e-03
2.115143928676843643e-03
2.113264519721269608e-03
2.102814149111509323e-03
2.095227362588047981e-03
2.087919972836971283e-03
2.079334110021591187e-03
2.073390875011682510e-03
2.063721884042024612e-03
2.058602636680006981e-03
2.055071294307708740e-03
2.051221672445535660e-03
2.048139693215489388e-03
2.044398803263902664e-03
2.041677711531519890e-03
2.040155231952667236e-03
2.038020407781004906e-03
2.033281605690717697e-03
2.028060844168066978e-03
2.021728781983256340e-03
2.017186488956212997e-03
2.013264689594507217e-03
2.007941715419292450e-03
2.005782676860690117e-03
2.003485802561044693e-03
1.995787024497985840e-03
1.989356940612196922e-03
1.976488390937447548e-03
1.966637093573808670e-03
1.956603256985545158e-03
1.947724027559161186e-03
1.942170085385441780e-03
1.940177287906408310e-03
1.934976316988468170e-03
1.930512487888336182e-03
1.926417462527751923e-03
1.921252114698290825e-03
1.915265340358018875e-03
1.910728984512388706e-03
1.905000535771250725e-03
1.901912968605756760e-03
1.908373786136507988e-03
1.900543575175106525e-03
1.898332266137003899e-03
1.896864967420697212e-03
1.895780791528522968e-03
1.894606975838541985e-03
1.893401029519736767e-03
1.892813947051763535e-03
1.891629537567496300e-03
1.891661668196320534e-03
1.890741754323244095e-03
1.889128005132079124e-03
1.888053957372903824e-03
1.886881655082106590e-03
1.885619480162858963e-03
1.884303987026214600e-03
1.882744720205664635e-03
1.881327480077743530e-03
1.880092546343803406e-03
1.878716866485774517e-03
1.877618255093693733e-03
1.876568188890814781e-03
1.875111367553472519e-03
1.873870380222797394e-03
1.871694927103817463e-03
1.870708772912621498e-03
1.869467319920659065e-03
1.868070336058735847e-03
1.868831459432840347e-03
1.867062412202358246e-03
1.864109770394861698e-03
1.860626973211765289e-03
1.856766291894018650e-03
1.863716635853052139e-03
1.855255104601383209e-03
1.852344837971031666e-03
1.850717002525925636e-03
1.848976360633969307e-03
1.846648636274039745e-03
1.848916872404515743e-03
1.845874823629856110e-03
1.842641271650791168e-03
1.840561977587640285e-03
1.837963005527853966e-03
1.836624462157487869e-03
1.834420952945947647e-03
1.832864712923765182e-03
1.830896362662315369e-03
1.828087493777275085e-03
1.824708189815282822e-03
1.820673933252692223e-03
1.813581911846995354e-03
1.805196166969835758e-03
1.801495440304279327e-03
1.792278373613953590e-03
1.788859604857861996e-03
1.785494387149810791e-03
1.781786559149622917e-03
1.777391880750656128e-03
1.772083924151957035e-03
1.769619761034846306e-03
1.767370384186506271e-03
1.765587367117404938e-03
1.764685148373246193e-03
1.763121690601110458e-03
1.760134240612387657e-03
1.757485792040824890e-03
1.765837194398045540e-03
1.755363075062632561e-03
1.752921729348599911e-03
1.749495277181267738e-03
1.747988862916827202e-03
1.744896173477172852e-03
1.741329790093004704e-03
1.739388564601540565e-03
1.735449302941560745e-03
1.733501674607396126e-03
1.731536816805601120e-03
1.729278708808124065e-03
1.726399874314665794e-03
1.721727661788463593e-03
1.713446457870304585e-03
1.719220075756311417e-03
1.709694974124431610e-03
1.701320055872201920e-03
1.693104975856840611e-03
1.690007513388991356e-03
1.687589217908680439e-03
1.685012481175363064e-03
1.682661706581711769e-03
1.680701272562146187e-03
1.678684493526816368e-03
1.676670857705175877e-03
1.673536607995629311e-03
1.667896052822470665e-03
1.659828005358576775e-03
1.650735735893249512e-03
1.640991307795047760e-03
1.637805486097931862e-03
1.624299678951501846e-03
1.617781468667089939e-03
1.612299121916294098e-03
1.606168108992278576e-03
1.601035823114216328e-03
1.594448578543961048e-03
1.596394227817654610e-03
1.591379987075924873e-03
1.587526639923453331e-03
1.585036050528287888e-03
1.582438591867685318e-03
1.578435767441987991e-03
1.574575668200850487e-03
1.571260974742472172e-03
1.569594489410519600e-03
1.566928694956004620e-03
1.563599216751754284e-03
1.560838078148663044e-03
1.558630494400858879e-03
1.556600444018840790e-03
1.553416019305586815e-03
1.548343570902943611e-03
1.548040541820228100e-03
1.544808270409703255e-03
1.538609154522418976e-03
1.533943228423595428e-03
1.529008266516029835e-03
1.524283783510327339e-03
1.519904006272554398e-03
1.515637151896953583e-03
1.512268441729247570e-03
1.509791123680770397e-03
1.506997272372245789e-03
1.503156614489853382e-03
1.500345533713698387e-03
1.502395141869783401e-03
1.498448778875172138e-03
1.495483564212918282e-03
1.492653740569949150e-03
1.490417635068297386e-03
1.486085122451186180e-03
1.482530380599200726e-03
1.479515223763883114e-03
1.477281912229955196e-03
1.474871532991528511e-03
1.472208881750702858e-03
1.469100592657923698e-03
1.465974724851548672e-03
1.463058637455105782e-03
1.460209721699357033e-03
1.457974081858992577e-03
1.456424593925476074e-03
1.454003038816154003e-03
1.451203599572181702e-03
1.447801478207111359e-03
1.445886911824345589e-03
1.443300163373351097e-03
1.442534616217017174e-03
1.441386179067194462e-03
1.439433428458869457e-03
1.437278464436531067e-03
1.434934907592833042e-03
1.432360615581274033e-03
1.430714735761284828e-03
1.429267460480332375e-03
1.428398303687572479e-03
1.426959293894469738e-03
1.425688969902694225e-03
1.427138457074761391e-03
1.424790592864155769e-03
1.423469278961420059e-03
1.422547618858516216e-03
1.418787520378828049e-03
1.416469458490610123e-03
1.412953017279505730e-03
1.410421915352344513e-03
1.411040313541889191e-03
1.409035874530673027e-03
1.408121548593044281e-03
1.407077535986900330e-03
1.405923161655664444e-03
1.404301729053258896e-03
1.402602298185229301e-03
1.399820786900818348e-03
1.396818319335579872e-03
1.394397695548832417e-03
1.393275451846420765e-03
1.391669618897140026e-03
1.388319535180926323e-03
1.384343602694571018e-03
1.379786990582942963e-03
1.376244705170392990e-03
1.372643979266285896e-03
1.371545949950814247e-03
1.369971781969070435e-03
1.368490047752857208e-03
1.366635086014866829e-03
1.364353462122380733e-03
1.363951712846755981e-03
1.361795351840555668e-03
1.360996160656213760e-03
1.359580666758120060e-03
1.358067500405013561e-03
1.356314169242978096e-03
1.355096581391990185e-03
1.353214494884014130e-03
1.352314488030970097e-03
1.351107843220233917e-03
1.349439844489097595e-03
1.351128215901553631e-03
1.348375342786312103e-03
1.346264733001589775e-03
1.344168209470808506e-03
1.341996132396161556e-03
1.339059788733720779e-03
1.335853477939963341e-03
1.336948946118354797e-03
1.334958360530436039e-03
1.334019936621189117e-03
1.333120046183466911e-03
1.331884181126952171e-03
1.330117811448872089e-03
1.340277842245995998e-03
1.329441322013735771e-03
1.327526988461613655e-03
1.326348632574081421e-03
1.323358039371669292e-03
1.321195624768733978e-03
1.318841706961393356e-03
1.316048321314156055e-03
1.315123052336275578e-03
1.311857951804995537e-03
1.310185296460986137e-03
1.308125210925936699e-03
1.306159421801567078e-03
1.304333796724677086e-03
1.302936696447432041e-03
1.302024582400918007e-03
1.301477313973009586e-03
1.301007345318794250e-03
1.300333300605416298e-03
1.299374620430171490e-03
1.298066228628158569e-03
1.296747708693146706e-03
1.294815912842750549e-03
1.291695865802466869e-03
1.287175691686570644e-03
1.282416400499641895e-03
1.277917297556996346e-03
1.273347297683358192e-03
1.268212217837572098e-03
1.261948375031352043e-03
1.281734788790345192e-03
1.259558717720210552e-03
1.252894056960940361e-03
1.248097745701670647e-03
1.244883984327316284e-03
1.243186648935079575e-03
1.241369638592004776e-03
1.242868951521813869e-03
1.240580226294696331e-03
1.239356701262295246e-03
1.238339347764849663e-03
1.237164484336972237e-03
1.236031996086239815e-03
1.237968448549509048e-03
1.235644798725843430e-03
1.234829076565802097e-03
1.233740127645432949e-03
1.233081333339214325e-03
1.232210430316627026e-03
1.231346861459314823e-03
1.231000176630914211e-03
1.232050359249114990e-03
1.230431720614433289e-03
1.229972578585147858e-03
1.229366404004395008e-03
1.228674314916133881e-03
1.227949629537761211e-03
1.227070111781358719e-03
1.226252992637455463e-03
1.224761130288243294e-03
1.223405590280890465e-03
1.223759027197957039e-03
1.222720951773226261e-03
1.220724079757928848e-03
1.218752935528755188e-03
1.215978758409619331e-03
1.215372583828866482e-03
1.214765012264251709e-03
1.214348943904042244e-03
1.213976182043552399e-03
1.213420880958437920e-03
1.213183742947876453e-03
1.212626229971647263e-03
1.212402945384383202e-03
1.212254748679697514e-03
1.212093047797679901e-03
1.211873721331357956e-03
1.211549271829426289e-03
1.211150898598134518e-03
1.210477435961365700e-03
1.209487672895193100e-03
1.216637087054550648e-03
1.209088950417935848e-03
1.207755296491086483e-03
1.206061686389148235e-03
1.205414882861077785e-03
1.203981228172779083e-03
1.202879473567008972e-03
1.201457343995571136e-03
1.199516467750072479e-03
1.197203528136014938e-03
1.197103643789887428e-03
1.195859513245522976e-03
1.193742267787456512e-03
1.192847266793251038e-03
1.192155061289668083e-03
1.191409304738044739e-03
1.190737122669816017e-03
1.190067501738667488e-03
1.189651549793779850e-03
1.188941067084670067e-03
1.188576105050742626e-03
1.188069698400795460e-03
1.187730696983635426e-03
1.187205314636230469e-03
1.186592853628098965e-03
1.185800763778388500e-03
1.187502872198820114e-03
1.185404486022889614e-03
1.184449880383908749e-03
1.183416345156729221e-03
1.182720065116882324e-03
1.181834144517779350e-03
1.181059749796986580e-03
1.180350431241095066e-03
1.179971965029835701e-03
1.179670332930982113e-03
1.179066486656665802e-03
1.178207690827548504e-03
1.176567515358328819e-03
1.175482058897614479e-03
1.174484612420201302e-03
1.176271005533635616e-03
1.173856086097657681e-03
1.172563759610056877e-03
1.170700183138251305e-03
1.168797491118311882e-03
1.167481299489736557e-03
1.165827736258506775e-03
1.164320856332778931e-03
1.162952394224703312e-03
1.161698717623949051e-03
1.160292420536279678e-03
1.158419065177440643e-03
1.156740356236696243e-03
1.154729165136814117e-03
1.152046374045312405e-03
1.149558345787227154e-03
1.146615133620798588e-03
1.143510919064283371e-03
1.141172135248780251e-03
1.139633473940193653e-03
1.137768966145813465e-03
1.135501894168555737e-03
1.142395893111824989e-03
1.133725862018764019e-03
1.129440730437636375e-03
1.125240698456764221e-03
1.122528454288840294e-03
1.119942287914454937e-03
1.117976848036050797e-03
1.117247622460126877e-03
1.116601284593343735e-03
1.115820137783885002e-03
1.114639220759272575e-03
1.113940263167023659e-03
1.116958213970065117e-03
1.113608246669173241e-03
1.112749450840055943e-03
1.111896359361708164e-03
1.110710785724222660e-03
1.109429402276873589e-03
1.107223681174218655e-03
1.104349736124277115e-03
1.101110712625086308e-03
1.098344335332512856e-03
1.096236053854227066e-03
1.093529281206429005e-03
1.091437647119164467e-03
1.088592107407748699e-03
1.086588948965072632e-03
1.084914663806557655e-03
1.083002192899584770e-03
1.081109396182000637e-03
1.078483997844159603e-03
1.075922162272036076e-03
1.073616440407931805e-03
1.071181730367243290e-03
1.069526304490864277e-03
1.067626173608005047e-03
1.065584365278482437e-03
1.063631847500801086e-03
1.062279334291815758e-03
1.061703078448772430e-03
1.059958012774586678e-03
1.058931229636073112e-03
1.057680929079651833e-03
1.055925153195858002e-03
1.053569372743368149e-03
1.051576342433691025e-03
1.049810438416898251e-03
1.048343023285269737e-03
1.046735793352127075e-03
1.044075237587094307e-03
1.043042284436523914e-03
1.041118754073977470e-03
1.039813971146941185e-03
1.038419432006776333e-03
1.037452369928359985e-03
1.036485540680587292e-03
1.035559806041419506e-03
1.034537563100457191e-03
1.033484935760498047e-03
1.032450818456709385e-03
1.031244755722582340e-03
1.029641833156347275e-03
1.027803518809378147e-03
1.025632023811340332e-03
1.021554693579673767e-03
1.017352566123008728e-03
1.025867764838039875e-03
1.015181303955614567e-03
1.009513274766504765e-03
1.004067948088049889e-03
9.990744292736053467e-04
9.959575254470109940e-04
9.930883534252643585e-04
9.901430457830429077e-04
9.971117833629250526e-04
9.887043852359056473e-04
9.864107705652713776e-04
9.827625472098588943e-04
9.790782351046800613e-04
9.750796016305685043e-04
9.734655031934380531e-04
9.682762902230024338e-04
9.664556710049510002e-04
9.647430852055549622e-04
9.626374230720102787e-04
9.606686653569340706e-04
9.603431099094450474e-04
9.591290727257728577e-04
9.579339530318975449e-04
9.577326709404587746e-04
9.574777213856577873e-04
9.572219569236040115e-04
9.570163674652576447e-04
9.566942462697625160e-04
9.562941268086433411e-04
9.555435972288250923e-04
9.550208342261612415e-04
9.543502237647771835e-04
9.550286922603845596e-04
9.540030732750892639e-04
9.535211720503866673e-04
9.530829265713691711e-04
9.567158995196223259e-04
9.527916554361581802e-04
9.520830353721976280e-04
9.516288992017507553e-04
9.511021198704838753e-04
9.503986802883446217e-04
9.496118291281163692e-04
9.499338339082896709e-04
9.489268995821475983e-04
9.484627516940236092e-04
9.478561696596443653e-04
9.474584367126226425e-04
9.466514457017183304e-04
9.490104857832193375e-04
9.460108121857047081e-04
9.449130157008767128e-04
9.429687634110450745e-04
9.431100334040820599e-04
9.425317985005676746e-04
9.419140405952930450e-04
9.403680451214313507e-04
9.400522103533148766e-04
9.389854967594146729e-04
9.381890995427966118e-04
9.374764049425721169e-04
9.365634759888052940e-04
9.355780202895402908e-04
9.340476244688034058e-04
9.324770071543753147e-04
9.309679735451936722e-04
9.301520767621695995e-04
9.292237809859216213e-04
9.283933322876691818e-04
9.273159084841609001e-04
9.266927954740822315e-04
9.259921498596668243e-04
9.253165917471051216e-04
9.247369598597288132e-04
9.246489498764276505e-04
9.243137319572269917e-04
9.241963271051645279e-04
9.240092476829886436e-04
9.237640770152211189e-04
9.234441677108407021e-04
9.231448639184236526e-04
9.228705894201993942e-04
9.225268149748444557e-04
9.222523076459765434e-04
9.214687161147594452e-04
9.216963080689311028e-04
9.211053838953375816e-04
9.202860528603196144e-04
9.194854646921157837e-04
9.186314418911933899e-04
9.179144399240612984e-04
9.170206030830740929e-04
9.168977849185466766e-04
9.157001040875911713e-04
9.150822879746556282e-04
9.136457229033112526e-04
9.336790535598993301e-04
9.129929239861667156e-04
9.115703869611024857e-04
9.096541325561702251e-04
9.087164653465151787e-04
9.077792637981474400e-04
9.066095808520913124e-04
9.054770926013588905e-04
9.015312534756958485e-04
8.991164504550397396e-04
9.021636797115206718e-04
8.975067758001387119e-04
8.951117051765322685e-04
8.939339895732700825e-04
8.934286888688802719e-04
8.926973678171634674e-04
8.921391563490033150e-04
8.915560320019721985e-04
8.909683674573898315e-04
8.905074209906160831e-04
8.902648696675896645e-04
8.899749373085796833e-04
8.895993232727050781e-04
8.888952434062957764e-04
8.882252732291817665e-04
8.877253858372569084e-04
8.875438943505287170e-04
8.873441256582736969e-04
8.870735182426869869e-04
8.867011638358235359e-04
8.862983668223023415e-04
8.857956272549927235e-04
8.849436417222023010e-04
8.841577218845486641e-04
8.834839100018143654e-04
8.832265157252550125e-04
8.822183590382337570e-04
8.817024063318967819e-04
8.810661383904516697e-04
8.804833050817251205e-04
8.811528095975518227e-04
8.801199146546423435e-04
8.794429013505578041e-04
8.784597739577293396e-04
8.775204187259078026e-04
8.763932855799794197e-04
8.755343733355402946e-04
8.748662075959146023e-04
8.740305202081799507e-04
8.734393632039427757e-04
8.729007095098495483e-04
8.724567014724016190e-04
8.721257327124476433e-04
8.730042609386146069e-04
8.716973825357854366e-04
8.715097792446613312e-04
8.708089590072631836e-04
8.700376492924988270e-04
8.690510294400155544e-04
8.679878083057701588e-04
8.663962362334132195e-04
8.644358022138476372e-04
8.627064526081085205e-04
8.616694831289350986e-04
8.608844364061951637e-04
8.603046298958361149e-04
8.594612590968608856e-04
8.976976969279348850e-04
8.590895449742674828e-04
8.582606678828597069e-04
8.574902894906699657e-04
8.573576342314481735e-04
8.567225886508822441e-04
8.562273578718304634e-04
8.555835229344666004e-04
8.550612255930900574e-04
8.547208853997290134e-04
8.543808362446725368e-04
8.537434041500091553e-04
8.528386242687702179e-04
8.598589920438826084e-04
8.524679578840732574e-04
8.521825075149536133e-04
8.507651509717106819e-04
8.501336560584604740e-04
8.490835316479206085e-04
8.473494090139865875e-04
8.440457750111818314e-04
8.517815731465816498e-04
8.427532156929373741e-04
8.400242077186703682e-04
8.396291523240506649e-04
8.380538201890885830e-04
8.377421763725578785e-04
8.368724957108497620e-04
8.363017113879323006e-04
8.357341866940259933e-04
8.349177078343927860e-04
8.342530345544219017e-04
8.330381242558360100e-04
8.317115716636180878e-04
8.301417110487818718e-04
8.292821003124117851e-04
8.274739375337958336e-04
8.258935413323342800e-04
8.240143069997429848e-04
8.216495625674724579e-04
8.189993677660822868e-04
8.169278153218328953e-04
8.153124363161623478e-04
8.135178359225392342e-04
8.124485029838979244e-04
8.112664800137281418e-04
8.102036081254482269e-04
8.088997565209865570e-04
8.073708740994334221e-04
8.047131123021245003e-04
8.010229794308543205e-04
7.971206796355545521e-04
8.398955687880516052e-04
7.958051282912492752e-04
7.951492443680763245e-04
7.928253617137670517e-04
7.921232609078288078e-04
7.909178966656327248e-04
7.893336587585508823e-04
7.877340540289878845e-04
7.865418447181582451e-04
7.854020805098116398e-04
7.845362997613847256e-04
7.841653423383831978e-04
7.824609056115150452e-04
7.804043125361204147e-04
7.779316511005163193e-04
7.731480291113257408e-04
7.705477764829993248e-04
7.683596923016011715e-04
7.676488603465259075e-04
7.670212071388959885e-04
7.660889532417058945e-04
7.648225291632115841e-04
7.623714627698063850e-04
7.610392058268189430e-04
7.587279542349278927e-04
7.570763118565082550e-04
7.568073924630880356e-04
7.539204088971018791e-04
7.524668471887707710e-04
7.504656678065657616e-04
7.487909169867634773e-04
7.471381104551255703e-04
7.456793682649731636e-04
7.444834336638450623e-04
7.446820382028818130e-04
7.435252191498875618e-04
7.423827191814780235e-04
7.418751483783125877e-04
7.414520368911325932e-04
7.410211255773901939e-04
7.404800853691995144e-04
7.399463793262839317e-04
7.393220439553260803e-04
7.385137723758816719e-04
7.369385566562414169e-04
7.358551956713199615e-04
7.342495955526828766e-04
7.332302629947662354e-04
7.318163989111781120e-04
7.306984625756740570e-04
7.292317459359765053e-04
7.275060634128749371e-04
7.653874345123767853e-04
7.266293978318572044e-04
7.246679742820560932e-04
7.236510864458978176e-04
7.230096962302923203e-04
7.222101557999849319e-04
7.207843009382486343e-04
7.196865044534206390e-04
7.178941741585731506e-04
7.161612156778573990e-04
7.148269796743988991e-04
7.182327681221067905e-04
7.132758037187159061e-04
7.112519233487546444e-04
7.097230991348624229e-04
7.087551057338714600e-04
7.075296598486602306e-04
7.063649827614426613e-04
7.058341871015727520e-04
7.049037958495318890e-04
7.038012263365089893e-04
7.024648366495966911e-04
7.011143025010824203e-04
6.994942086748778820e-04
6.984856445342302322e-04
6.974985008127987385e-04
6.967917433939874172e-04
6.957050063647329807e-04
6.946997018530964851e-04
6.935232086107134819e-04
6.933418335393071175e-04
6.920261075720191002e-04
6.913539255037903786e-04
6.901171873323619366e-04
6.888395873829722404e-04
6.871202494949102402e-04
6.832829094491899014e-04
6.807921454310417175e-04
6.790875922888517380e-04
6.772367050871253014e-04
6.757897790521383286e-04
6.750823813490569592e-04
6.740675307810306549e-04
6.735400529578328133e-04
6.726476713083684444e-04
6.721870740875601768e-04
6.717359065078198910e-04
6.714006303809583187e-04
6.710299057886004448e-04
6.705911946482956409e-04
6.699193036183714867e-04
6.687619606964290142e-04
6.669818540103733540e-04
6.650484865531325340e-04
6.624006200581789017e-04
6.599439075216650963e-04
6.567367818206548691e-04
6.561222253367304802e-04
6.553090061061084270e-04
6.534450221806764603e-04
6.519500748254358768e-04
6.498297443613409996e-04
6.482367170974612236e-04
6.469880463555455208e-04
6.460787844844162464e-04
6.452273810282349586e-04
6.444626487791538239e-04
6.438189884647727013e-04
6.424093735404312611e-04
6.412899820134043694e-04
6.400095298886299133e-04
6.393178482539951801e-04
6.385218002833425999e-04
6.383379222825169563e-04
6.380331469699740410e-04
6.378233665600419044e-04
6.375538650900125504e-04
6.370792398229241371e-04
6.366507150232791901e-04
6.363604916259646416e-04
6.359699764288961887e-04
6.354675278998911381e-04
6.349674076773226261e-04
6.341012194752693176e-04
6.330233882181346416e-04
6.316587678156793118e-04
6.601096829399466515e-04
6.314521888270974159e-04
6.306159193627536297e-04
6.301474059000611305e-04
6.298368098214268684e-04
6.295111379586160183e-04
6.290803430601954460e-04
6.288383738137781620e-04
6.286657880991697311e-04
6.284303963184356689e-04
6.281638634391129017e-04
6.278121145442128181e-04
6.275502382777631283e-04
6.273189210332930088e-04
6.270039593800902367e-04
6.262118695303797722e-04
6.260443478822708130e-04
6.250650039874017239e-04
6.242283852770924568e-04
6.240044604055583477e-04
6.235722103156149387e-04
6.230016006156802177e-04
6.214280729182064533e-04
6.256810738705098629e-04
6.206315010786056519e-04
6.194810848683118820e-04
6.179123884066939354e-04
6.173804868012666702e-04
6.170419510453939438e-04
6.168097024783492088e-04
6.165976519696414471e-04
6.162945646792650223e-04
6.155510200187563896e-04
6.148905376903712749e-04
6.140958867035806179e-04
6.135595613159239292e-04
6.128735258243978024e-04
6.122760823927819729e-04
6.116010481491684914e-04
6.113132112659513950e-04
6.106870714575052261e-04
6.102185579948127270e-04
6.098014418967068195e-04
6.096178549341857433e-04
6.094540585763752460e-04
6.093673291616141796e-04
6.092939875088632107e-04
6.091517861932516098e-04
6.089571397751569748e-04
6.086423527449369431e-04
6.082379259169101715e-04
6.084089982323348522e-04
6.077509024180471897e-04
6.070434465073049068e-04
6.057526916265487671e-04
6.052323151379823685e-04
6.043789908289909363e-04
6.038062856532633305e-04
6.032322999089956284e-04
6.026188493706285954e-04
6.021680310368537903e-04
6.021917797625064850e-04
6.020212895236909389e-04
6.019011489115655422e-04
6.018174462951719761e-04
6.017495179548859596e-04
6.016312399879097939e-04
6.014816462993621826e-04
6.014633108861744404e-04
6.013624952174723148e-04
6.011755904182791710e-04
6.008933414705097675e-04
6.005726754665374756e-04
6.000884459353983402e-04
5.998361157253384590e-04
5.992076476104557514e-04
5.988907068967819214e-04
5.985175957903265953e-04
5.981242284178733826e-04
5.974639207124710083e-04
5.974048981443047523e-04
5.966926692053675652e-04
5.964897572994232178e-04
5.962543073110282421e-04
5.960466805845499039e-04
5.956348031759262085e-04
5.952402716502547264e-04
5.947950994595885277e-04
5.946010933257639408e-04
5.941790295764803886e-04
5.938130198046565056e-04
5.933827487751841545e-04
5.929036415182054043e-04
5.925371078774333000e-04
5.915331421419978142e-04
5.897582741454243660e-04
5.874109920114278793e-04
5.844269180670380592e-04
5.847815773449838161e-04
5.834545590914785862e-04
5.819015204906463623e-04
5.814463365823030472e-04
5.808781716041266918e-04
5.802945233881473541e-04
5.796623881906270981e-04
5.789606948383152485e-04
5.783977103419601917e-04
5.773478187620639801e-04
5.769453709945082664e-04
5.767278489656746387e-04
5.762866931036114693e-04
5.760224885307252407e-04
5.754579324275255203e-04
5.747999530285596848e-04
5.740680499002337456e-04
5.735633894801139832e-04
5.732313147746026516e-04
5.729444674216210842e-04
5.725354421883821487e-04
5.720103508792817593e-04
5.712923011742532253e-04
5.707015516236424446e-04
5.700485780835151672e-04
5.692976410500705242e-04
5.682414048351347446e-04
5.677424487657845020e-04
5.663192132487893105e-04
5.651204264722764492e-04
5.639599985443055630e-04
5.620621959678828716e-04
5.597971612587571144e-04
5.564432940445840359e-04
5.543776787817478180e-04
5.528531619347631931e-04
5.521964048966765404e-04
5.514346412383019924e-04
5.504232249222695827e-04
5.491269403137266636e-04
5.478005041368305683e-04
5.443949485197663307e-04
5.429825396277010441e-04
5.421011010184884071e-04
5.411596503108739853e-04
5.404328694567084312e-04
5.398309440352022648e-04
5.386152188293635845e-04
5.370024591684341431e-04
5.356271867640316486e-04
5.344386445358395576e-04
5.336442263796925545e-04
5.330342683009803295e-04
5.325500387698411942e-04
5.320910131558775902e-04
5.316352471709251404e-04
5.312929279170930386e-04
5.310064298100769520e-04
5.307453102432191372e-04
5.303471698425710201e-04
5.299646873027086258e-04
5.294472794048488140e-04
5.286332452669739723e-04
5.274625727906823158e-04
5.254313582554459572e-04
5.234975833445787430e-04
5.218321457505226135e-04
5.195708945393562317e-04
5.173528916202485561e-04
5.162660381756722927e-04
5.155750550329685211e-04
5.149056087248027325e-04
5.153041565790772438e-04
5.143703892827033997e-04
5.136109539307653904e-04
5.127131589688360691e-04
5.117042455822229385e-04
5.107522592879831791e-04
5.098210531286895275e-04
5.084161530248820782e-04
5.075021181255578995e-04
5.087688332423567772e-04
5.063939606770873070e-04
5.049176397733390331e-04
5.041233962401747704e-04
5.034059868194162846e-04
5.025666323490440845e-04
5.019251839257776737e-04
5.008606240153312683e-04
5.003145197406411171e-04
4.995772615075111389e-04
4.988078144378960133e-04
4.974078619852662086e-04
4.961164086125791073e-04
4.948360146954655647e-04
4.940759390592575073e-04
4.930472932755947113e-04
4.920370411127805710e-04
4.918836639262735844e-04
4.910090938210487366e-04
4.911146825179457664e-04
4.904684028588235378e-04
4.900487256236374378e-04
4.896891186945140362e-04
4.892985452897846699e-04
4.887550603598356247e-04
4.877351457253098488e-04
4.870762350037693977e-04
4.852455749642103910e-04
4.839803732465952635e-04
4.825305659323930740e-04
4.811470280401408672e-04
4.810619575437158346e-04
4.800324677489697933e-04
4.789173253811895847e-04
4.782305622939020395e-04
4.779203445650637150e-04
4.776272689923644066e-04
4.772741231136023998e-04
4.767399223055690527e-04
4.760978627018630505e-04
4.755526897497475147e-04
4.752220993395894766e-04
4.747949133161455393e-04
4.742960445582866669e-04
4.735836992040276527e-04
4.732037195935845375e-04
4.726538900285959244e-04
4.721264413092285395e-04
4.751621745526790619e-04
4.717630217783153057e-04
4.710752400569617748e-04
4.703172307927161455e-04
4.695461830124258995e-04
4.685582534875720739e-04
4.680454730987548828e-04
4.670339694712311029e-04
4.664649022743105888e-04
4.658987745642662048e-04
4.655763623304665089e-04
4.651554627344012260e-04
4.647050518542528152e-04
4.640927363652735949e-04
4.633218050003051758e-04
4.625718574970960617e-04
4.618639650288969278e-04
4.615257494151592255e-04
4.615128273144364357e-04
4.613446071743965149e-04
4.611454496625810862e-04
4.609531897585839033e-04
4.605475987773388624e-04
4.597486404236406088e-04
4.585834685713052750e-04
4.572257166728377342e-04
4.553088510874658823e-04
4.540751688182353973e-04
4.528420686256140471e-04
4.517285560723394156e-04
4.507373960223048925e-04
4.515151958912611008e-04
4.504080861806869507e-04
4.499331698752939701e-04
4.493793821893632412e-04
4.488305712584406137e-04
4.483099037315696478e-04
4.477433976717293262e-04
4.470125131774693727e-04
4.464255762286484241e-04
4.459637857507914305e-04
4.453886067494750023e-04
4.447579267434775829e-04
4.440741904545575380e-04
4.435311420820653439e-04
4.429783439263701439e-04
4.426543600857257843e-04
4.423234495334327221e-04
4.421171615831553936e-04
4.417050513438880444e-04
4.412697162479162216e-04
4.407770757097750902e-04
4.403737257234752178e-04
4.400241305120289326e-04
4.407311207614839077e-04
4.397894372232258320e-04
4.392843984533101320e-04
4.382984479889273643e-04
4.374243435449898243e-04
4.363226762507110834e-04
4.355379787739366293e-04
4.345463239587843418e-04
4.336168058216571808e-04
4.335267003625631332e-04
4.330496594775468111e-04
4.321255837567150593e-04
4.310896620154380798e-04
4.304944304749369621e-04
4.299769643694162369e-04
4.296179977245628834e-04
4.294191894587129354e-04
4.293094971217215061e-04
4.292165394872426987e-04
4.291010554879903793e-04
4.289881908334791660e-04
4.288888885639607906e-04
4.287064657546579838e-04
4.284406895749270916e-04
4.282224399503320456e-04
4.290410433895885944e-04
4.281604196876287460e-04
4.280320717953145504e-04
4.278937703929841518e-04
4.277515108697116375e-04
4.275705432519316673e-04
4.273441736586391926e-04
4.270866920705884695e-04
4.267393378540873528e-04
4.264268791303038597e-04
4.261984722688794136e-04
4.260423593223094940e-04
4.257688124198466539e-04
4.255454114172607660e-04
4.253147344570606947e-04
4.251045465935021639e-04
4.249087651260197163e-04
4.247091710567474365e-04
4.243322473485022783e-04
4.240663256496191025e-04
4.236875392962247133e-04
4.232531937304884195e-04
4.229353507980704308e-04
4.221746057737618685e-04
4.221047274768352509e-04
4.216521047055721283e-04
4.215541994199156761e-04
4.214251530356705189e-04
4.212852509226650000e-04
4.210845800116658211e-04
4.207874590065330267e-04
4.206824232824146748e-04
4.200850962661206722e-04
4.195873334538191557e-04
4.193011554889380932e-04
4.190176259726285934e-04
4.187984741292893887e-04
4.185425059404224157e-04
4.181297263130545616e-04
4.177889204584062099e-04
4.174140922259539366e-04
4.169434832874685526e-04
4.163005505688488483e-04
4.163149278610944748e-04
4.160202806815505028e-04
4.156205104663968086e-04
4.153782501816749573e-04
4.152327892370522022e-04
4.149985907133668661e-04
4.147389554418623447e-04
4.142676480114459991e-04
4.139608645346015692e-04
4.129486042074859142e-04
4.122036625631153584e-04
4.122837854083627462e-04
4.117781063541769981e-04
4.111526359338313341e-04
4.107681452296674252e-04
4.103118553757667542e-04
4.099074867554008961e-04
4.094675532542169094e-04
4.091284354217350483e-04
4.094542236998677254e-04
4.089976137038320303e-04
4.086536646354943514e-04
4.083023522980511189e-04
4.080221115145832300e-04
4.078402998857200146e-04
4.076478071510791779e-04
4.085774417035281658e-04
4.073953023180365562e-04
4.071186122018843889e-04
4.066908441018313169e-04
4.063618544023483992e-04
4.059164784848690033e-04
4.055033496115356684e-04
4.051706055179238319e-04
4.046696121804416180e-04
4.041215870529413223e-04
4.038858751300722361e-04
4.034699813928455114e-04
4.032566212117671967e-04
4.030834534205496311e-04
4.026759415864944458e-04
4.019385087303817272e-04
4.034504236187785864e-04
4.016099264845252037e-04
4.009617259725928307e-04
4.004680668003857136e-04
4.002508358098566532e-04
4.000884073320776224e-04
3.997930325567722321e-04
3.995061852037906647e-04
3.992046113125979900e-04
3.989004762843251228e-04
3.984786453656852245e-04
3.988663665950298309e-04
3.982618800364434719e-04
3.980216570198535919e-04
3.976397274527698755e-04
3.973501734435558319e-04
3.967713564634323120e-04
4.055034951306879520e-04
3.965599171351641417e-04
3.961770853493362665e-04
3.956659347750246525e-04
3.953065315727144480e-04
3.948803932871669531e-04
3.945899661630392075e-04
3.942891198676079512e-04
3.940004971809685230e-04
3.938076843041926622e-04
3.935101849492639303e-04
3.930643433704972267e-04
3.925669589079916477e-04
3.919801674783229828e-04
3.915267006959766150e-04
3.909481456503272057e-04
4.073261807207018137e-04
3.907874634023755789e-04
3.905597841367125511e-04
3.904382174368947744e-04
3.908027429133653641e-04
3.903653996530920267e-04
3.902283788193017244e-04
3.900076553691178560e-04
3.898760478477925062e-04
3.900586743839085102e-04
3.897975839208811522e-04
3.897080314345657825e-04
3.896343987435102463e-04
3.895776753779500723e-04
3.894499968737363815e-04
3.893392276950180531e-04
3.891890810336917639e-04
3.890911175403743982e-04
3.889848594553768635e-04
3.889016807079315186e-04
3.888070641551166773e-04
3.886891063302755356e-04
3.885567130055278540e-04
3.882008022628724575e-04
3.879778378177434206e-04
3.875207330565899611e-04
3.879761497955769300e-04
3.873571404255926609e-04
3.869885113090276718e-04
3.865105391014367342e-04
3.861738950945436954e-04
3.856954863294959068e-04
3.853901289403438568e-04
3.849162603728473186e-04
3.846356994472444057e-04
3.842430596705526114e-04
3.839664859697222710e-04
3.834384260699152946e-04
3.833448281511664391e-04
3.827846085187047720e-04
3.825523017439991236e-04
3.822376311291009188e-04
3.820686251856386662e-04
3.817620454356074333e-04
3.814813680946826935e-04
3.811905044130980968e-04
3.809782210737466812e-04
3.807380271609872580e-04
3.800509439315646887e-04
3.793454379774630070e-04
3.784402506425976753e-04
3.887255443260073662e-04
3.779652761295437813e-04
3.772973723243921995e-04
3.766960580833256245e-04
3.759737301152199507e-04
3.750970936380326748e-04
3.759316168725490570e-04
3.748401068150997162e-04
3.742811386473476887e-04
3.733746707439422607e-04
3.727134899236261845e-04
3.718028601724654436e-04
3.709862357936799526e-04
3.702344547491520643e-04
3.698602376971393824e-04
3.695262712426483631e-04
3.692891332320868969e-04
3.690495213959366083e-04
3.688450669869780540e-04
3.685675328597426414e-04
3.681808593682944775e-04
3.678131615743041039e-04
3.675274492707103491e-04
3.670982550829648972e-04
3.669393772725015879e-04
3.667034616228193045e-04
3.665878030005842447e-04
3.662833478301763535e-04
3.661119553726166487e-04
3.659856156446039677e-04
3.658029600046575069e-04
3.655536565929651260e-04
3.651550796348601580e-04
3.645939868874847889e-04
3.642223600763827562e-04
3.637801273725926876e-04
3.635680186562240124e-04
3.631144936662167311e-04
3.624972305260598660e-04
3.616759204305708408e-04
3.612208529375493526e-04
3.600982599891722202e-04
3.595800662878900766e-04
3.590473788790404797e-04
3.584738296922296286e-04
3.586233651731163263e-04
3.581632627174258232e-04
3.575742011889815331e-04
3.572418063413351774e-04
3.569918335415422916e-04
3.567461681086570024e-04
3.561981429811567068e-04
3.558557364158332348e-04
3.551718546077609062e-04
3.546787484083324671e-04
3.542936756275594234e-04
3.546132647898048162e-04
3.541534242685884237e-04
3.538594464771449566e-04
3.533159324433654547e-04
3.532247210387140512e-04
3.526630753185600042e-04
3.524057101458311081e-04
3.523069899529218674e-04
3.520985774230211973e-04
3.518142329994589090e-04
3.514377458486706018e-04
3.511077957227826118e-04
3.508111985865980387e-04
3.505487111397087574e-04
3.503698681015521288e-04
3.501557512208819389e-04
3.497872094158083200e-04
3.491837414912879467e-04
3.485141496639698744e-04
3.482289030216634274e-04
3.481710446067154408e-04
3.478611470200121403e-04
3.473584365565329790e-04
3.469923976808786392e-04
3.470119845587760210e-04
3.468211507424712181e-04
3.465748741291463375e-04
3.464825567789375782e-04
3.464986220933496952e-04
3.464489418547600508e-04
3.464043547865003347e-04
3.463653265498578548e-04
3.462917520664632320e-04
3.465007175691425800e-04
3.462627355474978685e-04
3.461904125288128853e-04
3.459690778981894255e-04
3.457096172496676445e-04
3.454758843872696161e-04
3.449688665568828583e-04
3.447343769948929548e-04
3.445985494181513786e-04
3.444882750045508146e-04
3.442669694777578115e-04
3.450646763667464256e-04
3.441949666012078524e-04
3.440683358348906040e-04
3.442076558712869883e-04
3.439207794144749641e-04
3.441226435825228691e-04
3.437955456320196390e-04
3.436682745814323425e-04
3.434921673033386469e-04
3.433134697843343019e-04
3.431012155488133430e-04
3.433533711358904839e-04
3.430215874686837196e-04
3.428773197811096907e-04
3.427715273573994637e-04
3.426982439123094082e-04
3.426354960538446903e-04
3.425824979785829782e-04
3.425166069064289331e-04
3.424461174290627241e-04
3.422877052798867226e-04
3.420774301048368216e-04
3.428610507398843765e-04
3.419894492253661156e-04
3.418638661969453096e-04
3.416964027564972639e-04
3.415074315853416920e-04
3.412111545912921429e-04
3.409525670576840639e-04
3.407498297747224569e-04
3.405078314244747162e-04
3.403650480322539806e-04
3.402212751097977161e-04
3.399426932446658611e-04
3.394764207769185305e-04
3.392194048501551151e-04
3.392087819520384073e-04
3.390725178178399801e-04
3.389437915757298470e-04
3.388189652469009161e-04
3.387189644854515791e-04
3.384675364941358566e-04
3.381872375030070543e-04
3.380012931302189827e-04
3.375861851964145899e-04
3.373868239577859640e-04
3.372320788912475109e-04
3.372112696524709463e-04
3.371009079273790121e-04
3.370634804014116526e-04
3.370208141859620810e-04
3.369718324393033981e-04
3.369018377270549536e-04
3.370171179994940758e-04
3.368701436556875706e-04
3.368213074281811714e-04
3.367965400684624910e-04
3.367651370353996754e-04
3.366861783433705568e-04
3.366754681337624788e-04
3.366305027157068253e-04
3.364923177286982536e-04
3.363520663697272539e-04
3.361144335940480232e-04
3.359174588695168495e-04
3.357234236318618059e-04
3.354102955199778080e-04
3.352441126480698586e-04
3.350099723320454359e-04
3.348030732013285160e-04
3.346619778312742710e-04
3.345680015627294779e-04
3.345103468745946884e-04
3.344242577441036701e-04
3.343513235449790955e-04
3.342923300806432962e-04
3.342408745083957911e-04
3.341922711115330458e-04
3.341197734698653221e-04
3.339989343658089638e-04
3.338515525683760643e-04
3.339020477142184973e-04
3.337838570587337017e-04
3.336874360684305429e-04
3.335642395541071892e-04
3.334871435072273016e-04
3.333950880914926529e-04
3.332511405460536480e-04
3.332184860482811928e-04
3.331383632030338049e-04
3.329797764308750629e-04
3.328368184156715870e-04
3.325833240523934364e-04
3.329038736410439014e-04
3.324848657939583063e-04
3.322797128930687904e-04
3.321266849525272846e-04
3.320875111967325211e-04
3.319181269034743309e-04
3.318610833957791328e-04
3.317320370115339756e-04
3.315898939035832882e-04
3.314529312774538994e-04
3.312122134957462549e-04
3.310567990411072969e-04
3.309264720883220434e-04
3.308256855234503746e-04
3.306179714854806662e-04
3.306040598545223475e-04
3.305161371827125549e-04
3.303195699118077755e-04
3.302183176856487989e-04
3.301296383142471313e-04
3.300604585092514753e-04
3.300819953437894583e-04
3.299923846498131752e-04
3.298828087281435728e-04
3.296774229966104031e-04
3.294663329143077135e-04
3.291846369393169880e-04
3.311125328764319420e-04
3.291243338026106358e-04
3.288843436166644096e-04
3.286737191956490278e-04
3.283959231339395046e-04
3.280388773418962955e-04
3.275222843512892723e-04
3.317824739497154951e-04
3.274100017733871937e-04
3.269578737672418356e-04
3.266445419285446405e-04
3.262983518652617931e-04
3.260028897784650326e-04
3.254423209000378847e-04
3.249038418289273977e-04
3.243790706619620323e-04
3.242119855713099241e-04
3.239366924390196800e-04
3.236371267121285200e-04
3.309990861453115940e-04
3.235998738091439009e-04
3.234008036088198423e-04
3.232428862247616053e-04
3.231936425436288118e-04
3.230579022783786058e-04
3.229370631743222475e-04
3.227359266020357609e-04
3.225145919714123011e-04
3.257563803344964981e-04
3.224530955776572227e-04
3.222447121515870094e-04
3.221158112864941359e-04
3.220174985472112894e-04
3.218949423171579838e-04
3.217082121409475803e-04
3.215142933186143637e-04
3.213082673028111458e-04
3.210262802895158529e-04
3.204414097126573324e-04
3.195337485522031784e-04
3.191158757545053959e-04
3.182509099133312702e-04
3.179219493176788092e-04
3.176161262672394514e-04
3.173335280735045671e-04
3.168948751408606768e-04
3.165880043525248766e-04
3.163610235787928104e-04
3.161049389746040106e-04
3.158448380418121815e-04
3.153814468532800674e-04
3.150131378788501024e-04
3.146065573673695326e-04
3.142038476653397083e-04
3.138099564239382744e-04
3.132165584247559309e-04
3.130272380076348782e-04
3.121100016869604588e-04
3.113382263109087944e-04
3.102426417171955109e-04
3.097947337664663792e-04
3.094044805038720369e-04
3.090885293204337358e-04
3.085505159106105566e-04
3.078229783568531275e-04
3.069114754907786846e-04
3.056973218917846680e-04
3.047779609914869070e-04
3.059813170693814754e-04
3.044458571821451187e-04
3.040291194338351488e-04
3.040657611563801765e-04
3.038812137674540281e-04
3.037152928300201893e-04
3.035388072021305561e-04
3.029878134839236736e-04
3.025592013727873564e-04
3.021429292857646942e-04
3.019982541445642710e-04
3.016966511495411396e-04
3.014924877788871527e-04
3.013145469594746828e-04
3.008355852216482162e-04
3.062429605051875114e-04
3.007651248481124640e-04
3.005396865773946047e-04
3.002975136041641235e-04
3.000850265379995108e-04
2.997689298354089260e-04
2.993034722749143839e-04
2.990802749991416931e-04
2.985275350511074066e-04
2.982573641929775476e-04
2.979061100631952286e-04
2.976758405566215515e-04
2.975604147650301456e-04
2.974461822304874659e-04
2.975383831653743982e-04
2.973791852127760649e-04
2.972503134515136480e-04
2.970649220515042543e-04
2.969864581245929003e-04
2.969719935208559036e-04
2.969095658045262098e-04
2.968834014609456062e-04
2.968144835904240608e-04
2.967257169075310230e-04
2.965355815831571817e-04
2.963306324090808630e-04
2.961722202599048615e-04
2.960000711027532816e-04
2.958639524877071381e-04
2.958043187391012907e-04
2.957281831186264753e-04
2.956089156214147806e-04
2.958506520371884108e-04
2.955408417619764805e-04
2.953207003884017467e-04
2.951283240690827370e-04
2.948296605609357357e-04
2.945636806543916464e-04
2.944312291219830513e-04
2.942490682471543550e-04
2.937849785666912794e-04
2.936427190434187651e-04
2.934752264991402626e-04
2.933502255473285913e-04
2.932564821094274521e-04
2.931474009528756142e-04
2.931274939328432083e-04
2.930029586423188448e-04
2.929738257080316544e-04
2.928879694081842899e-04
2.927475725300610065e-04
2.925186417996883392e-04
2.922055718954652548e-04
2.919576072599738836e-04
2.920600236393511295e-04
2.917348465416580439e-04
2.913796342909336090e-04
2.911571355070918798e-04
2.907843736466020346e-04
2.905568399000912905e-04
2.901539264712482691e-04
2.899037499446421862e-04
2.896157093346118927e-04
2.891576150432229042e-04
2.891453332267701626e-04
2.890113973990082741e-04
2.888505405280739069e-04
2.882770495489239693e-04
2.879690728150308132e-04
2.874402562156319618e-04
2.875574573408812284e-04
2.872346376534551382e-04
2.869018644560128450e-04
2.866019494831562042e-04
2.864253765437752008e-04
2.862628898583352566e-04
2.861145767383277416e-04
2.859358210116624832e-04
2.858352672774344683e-04
2.857376239262521267e-04
2.856308419723063707e-04
2.854699559975415468e-04
2.852601173799484968e-04
2.850709133781492710e-04
2.848700678441673517e-04
2.848342701327055693e-04
2.844604896381497383e-04
2.842220419552177191e-04
2.837798965629190207e-04
2.835446503013372421e-04
2.832693862728774548e-04
2.831097808666527271e-04
2.829208096954971552e-04
2.826834679581224918e-04
2.824350958690047264e-04
2.820761583279818296e-04
2.818418142851442099e-04
2.815138432197272778e-04
2.816593041643500328e-04
2.813260362017899752e-04
2.811287413351237774e-04
2.805651165544986725e-04
2.802731178235262632e-04
2.808437857311218977e-04
2.801693044602870941e-04
2.800005895551294088e-04
2.798413042910397053e-04
2.797280321829020977e-04
2.795589680317789316e-04
2.794282918330281973e-04
2.792507875710725784e-04
2.791750594042241573e-04
2.788866113405674696e-04
2.786420227494090796e-04
2.783534291666001081e-04
2.780737122520804405e-04
2.777993504423648119e-04
2.773599117062985897e-04
2.770634891930967569e-04
2.768425911199301481e-04
2.766546385828405619e-04
2.767248370219022036e-04
2.764945093076676130e-04
2.762671501841396093e-04
2.758876653388142586e-04
2.755660680122673512e-04
2.752453438006341457e-04
2.749780833255499601e-04
2.748039551079273224e-04
2.746903046499937773e-04
2.747720864135771990e-04
2.745944948401302099e-04
2.744683297351002693e-04
2.742788055911660194e-04
2.740644267760217190e-04
2.736822352744638920e-04
2.754773595370352268e-04
2.735993475653231144e-04
2.734139561653137207e-04
2.732315624598413706e-04
2.730665728449821472e-04
2.728892141021788120e-04
2.726769307628273964e-04
2.724947407841682434e-04
2.723083598539233208e-04
2.720937773119658232e-04
2.718932228162884712e-04
2.715761074796319008e-04
2.712518617045134306e-04
2.709934778977185488e-04
2.706667291931807995e-04
2.703856735024601221e-04
2.701322373468428850e-04
2.699771721381694078e-04
2.698789176065474749e-04
2.697932068258523941e-04
2.697661111596971750e-04
2.696163428481668234e-04
2.695510629564523697e-04
2.694810391403734684e-04
2.693991700652986765e-04
2.692429115995764732e-04
2.731254207901656628e-04
2.691934932954609394e-04
2.690560650080442429e-04
2.688881941139698029e-04
2.687443047761917114e-04
2.685658982954919338e-04
2.684168575797230005e-04
2.681492769625037909e-04
2.679483441170305014e-04
2.677404554560780525e-04
2.675873693078756332e-04
2.674138231668621302e-04
2.673135313671082258e-04
2.672501723282039165e-04
2.671424881555140018e-04
2.669588429853320122e-04
2.667728695087134838e-04
2.665145148057490587e-04
2.663090417627245188e-04
2.658939920365810394e-04
2.655867720022797585e-04
2.652415132615715265e-04
2.650231181178241968e-04
2.651074028108268976e-04
2.648600784596055746e-04
2.646808861754834652e-04
2.644395281095057726e-04
2.642717154230922461e-04
2.640629827510565519e-04
2.637905126903206110e-04
2.635755517985671759e-04
2.629233931656926870e-04
2.625135821290314198e-04
2.619870938360691071e-04
2.615861594676971436e-04
2.613780670799314976e-04
2.612276293803006411e-04
2.610548108350485563e-04
2.608849317766726017e-04
2.607081260066479445e-04
2.605387708172202110e-04
2.603305329103022814e-04
2.599729341454803944e-04
2.595753176137804985e-04
2.591310476418584585e-04
2.589498471934348345e-04
2.586822083685547113e-04
2.583921886980533600e-04
2.580352011136710644e-04
2.576539118308573961e-04
2.573209058027714491e-04
2.570578944869339466e-04
2.568624913692474365e-04
2.568271011114120483e-04
2.564770111348479986e-04
2.563478774391114712e-04
2.561412111390382051e-04
2.559076820034533739e-04
2.555745886638760567e-04
2.551305806264281273e-04
2.581954759079962969e-04
2.547769399825483561e-04
2.542297588661313057e-04
2.531036443542689085e-04
2.527429605834186077e-04
2.523883595131337643e-04
2.520525595173239708e-04
2.517570974305272102e-04
2.515353262424468994e-04
2.511835191398859024e-04
2.510671329218894243e-04
2.508243778720498085e-04
2.507063909433782101e-04
2.505604352336376905e-04
2.504600270185619593e-04
2.502539718989282846e-04
2.500551636330783367e-04
2.501122653484344482e-04
2.499269903637468815e-04
2.497482055332511663e-04
2.496025117579847574e-04
2.492973580956459045e-04
2.491539926268160343e-04
2.490339102223515511e-04
2.489111502654850483e-04
2.488191530574113131e-04
2.486128068994730711e-04
2.487564925104379654e-04
2.485067234374582767e-04
2.483550633769482374e-04
2.482623385731130838e-04
2.481137926224619150e-04
2.483497664798051119e-04
2.480241237208247185e-04
2.478479582350701094e-04
2.476932131685316563e-04
2.476037479937076569e-04
2.475178916938602924e-04
2.473366912454366684e-04
2.470696636009961367e-04
2.468323218636214733e-04
2.464416320435702801e-04
2.459757670294493437e-04
2.456878719385713339e-04
2.455254725646227598e-04
2.453359193168580532e-04
2.451644686516374350e-04
2.448655723128467798e-04
2.448562881909310818e-04
2.447308215778321028e-04
2.445647551212459803e-04
2.443974080961197615e-04
2.442557888571172953e-04
2.440874814055860043e-04
2.444790443405508995e-04
2.440110838506370783e-04
2.438154187984764576e-04
2.436321810819208622e-04
2.434880443615838885e-04
2.433815243421122432e-04
2.433238551020622253e-04
2.432924520689994097e-04
2.432023757137358189e-04
2.431468165013939142e-04
2.430566528346389532e-04
2.429654559819027781e-04
2.428138104733079672e-04
2.426489081699401140e-04
2.424468402750790119e-04
2.423029800411313772e-04
2.421968820272013545e-04
