3.055704355239868164e+00
1.864601254463195801e+00
8.850930929183959961e-01
7.290688753128051758e-01
7.018629312515258789e-01
6.989239454269409180e-01
6.984234452247619629e-01
6.971572041511535645e-01
6.961936950683593750e-01
6.940465569496154785e-01
6.926946043968200684e-01
6.923459172248840332e-01
6.921454071998596191e-01
6.917484998703002930e-01
6.914193034172058105e-01
6.910454630851745605e-01
6.903450489044189453e-01
6.893706917762756348e-01
6.883006691932678223e-01
6.877931356430053711e-01
6.871441602706909180e-01
6.850821971893310547e-01
6.815941929817199707e-01
6.805271506309509277e-01
6.801525354385375977e-01
6.793044209480285645e-01
6.781064271926879883e-01
6.760650873184204102e-01
6.698708534240722656e-01
6.980929374694824219e-01
6.651375293731689453e-01
6.529567837715148926e-01
6.227346062660217285e-01
1.351016640663146973e+00
6.105253100395202637e-01
6.184129118919372559e-01
5.909379124641418457e-01
5.618568658828735352e-01
5.163242220878601074e-01
9.251040816307067871e-01
4.505051970481872559e-01
3.788186550140380859e+00
4.189822375774383545e-01
4.809599518775939941e-01
3.353606164455413818e-01
5.941985845565795898e-01
3.222625553607940674e-01
3.150732219219207764e-01
2.873816788196563721e-01
3.514508306980133057e-01
2.579758465290069580e-01
2.445931285619735718e-01
2.212481647729873657e-01
2.071540206670761108e-01
1.966567337512969971e-01
1.845755875110626221e-01
1.779874563217163086e-01
1.737430095672607422e-01
1.709130555391311646e-01
1.659027338027954102e-01
1.572898328304290771e-01
1.464466303586959839e-01
1.393996477127075195e-01
1.365713179111480713e-01
1.348061710596084595e-01
1.324811279773712158e-01
1.303248554468154907e-01
1.275361776351928711e-01
1.262795031070709229e-01
1.248692721128463745e-01
1.236419230699539185e-01
1.181071624159812927e-01
1.142140179872512817e-01
1.074118763208389282e-01
1.009493768215179443e-01
9.695136547088623047e-02
9.575246274471282959e-02
9.119956940412521362e-02
8.817027509212493896e-02
8.582754433155059814e-02
8.348105847835540771e-02
8.138071000576019287e-02
7.725271582603454590e-02
7.473570853471755981e-02
7.190965861082077026e-02
7.023318111896514893e-02
6.909086555242538452e-02
6.741542369127273560e-02
6.403403729200363159e-02
6.178975850343704224e-02
6.114687770605087280e-02
6.005224585533142090e-02
5.865974724292755127e-02
5.783643946051597595e-02
5.706550180912017822e-02
5.582554638385772705e-02
5.431675910949707031e-02
5.354040488600730896e-02
5.310519039630889893e-02
5.277295410633087158e-02
5.236056074500083923e-02
5.139347165822982788e-02
5.009656399488449097e-02
4.862553998827934265e-02
4.760546982288360596e-02
4.715000092983245850e-02
4.677673429250717163e-02
4.555621743202209473e-02
4.411311447620391846e-02
4.160486906766891479e-02
4.027839004993438721e-02
4.320103675127029419e-02
3.949970752000808716e-02
3.857847675681114197e-02
3.810012340545654297e-02
3.676118701696395874e-02
3.516070544719696045e-02
3.323653340339660645e-02
3.231116011738777161e-02
3.195789083838462830e-02
3.198020532727241516e-02
3.173293173313140869e-02
3.144177049398422241e-02
3.087947890162467957e-02
2.971433848142623901e-02
2.891474030911922455e-02
2.821903675794601440e-02
2.762633562088012695e-02
2.695329114794731140e-02
2.634806744754314423e-02
2.598388120532035828e-02
2.528509497642517090e-02
2.463661320507526398e-02
2.388704754412174225e-02
2.339074760675430298e-02
2.299665473401546478e-02
2.258511260151863098e-02
2.178216353058815002e-02
2.093572169542312622e-02
2.028568834066390991e-02
1.997001655399799347e-02
1.980323344469070435e-02
1.964231394231319427e-02
1.923658326268196106e-02
1.860744692385196686e-02
1.794837415218353271e-02
1.753380522131919861e-02
1.736430451273918152e-02
1.724243350327014923e-02
1.707213185727596283e-02
1.674777641892433167e-02
1.623819395899772644e-02
1.588439568877220154e-02
1.560066640377044678e-02
1.535614393651485443e-02
1.517481729388237000e-02
1.491458527743816376e-02
1.451116707175970078e-02
1.422749739140272141e-02
1.409386098384857178e-02
1.399202272295951843e-02
1.394999399781227112e-02
1.383432373404502869e-02
1.360304094851016998e-02
1.328638382256031036e-02
1.303610578179359436e-02
1.286849752068519592e-02
1.272314414381980896e-02
1.259312685579061508e-02
1.246495172381401062e-02
1.237221714109182358e-02
1.221913285553455353e-02
1.198346912860870361e-02
1.170983724296092987e-02
1.152529753744602203e-02
1.139668934047222137e-02
1.129171904176473618e-02
1.103224605321884155e-02
1.068213582038879395e-02
1.036024652421474457e-02
1.009144913405179977e-02
9.945681318640708923e-03
9.809914976358413696e-03
9.605342522263526917e-03
9.414179250597953796e-03
9.272249415516853333e-03
9.154512546956539154e-03
9.014341048896312714e-03
8.831650018692016602e-03
8.701835758984088898e-03
8.527426980435848236e-03
8.371402509510517120e-03
8.256453089416027069e-03
8.139003068208694458e-03
7.992763072252273560e-03
7.873078808188438416e-03
7.683783769607543945e-03
7.570743560791015625e-03
7.401511538773775101e-03
7.325919810682535172e-03
7.133437320590019226e-03
7.032441440969705582e-03
6.939843297004699707e-03
6.885776296257972717e-03
6.820001173764467239e-03
6.720302160829305649e-03
6.492738146334886551e-03
6.545592099428176880e-03
6.344024091958999634e-03
6.078675389289855957e-03
5.963742733001708984e-03
5.866299383342266083e-03
5.805133841931819916e-03
5.699804984033107758e-03
5.588389933109283447e-03
5.448957905173301697e-03
5.364629440009593964e-03
5.257162265479564667e-03
5.143494345247745514e-03
5.055305082350969315e-03
4.981014411896467209e-03
4.940144717693328857e-03
4.860177636146545410e-03
4.772558808326721191e-03
4.696168005466461182e-03
4.611489828675985336e-03
4.485792480409145355e-03
4.406474996358156204e-03
4.358771257102489471e-03
4.293278791010379791e-03
4.265517462044954300e-03
4.232297651469707489e-03
4.205481149256229401e-03
4.188653547316789627e-03
4.174582194536924362e-03
4.151702858507633209e-03
4.124607425183057785e-03
4.098678007721900940e-03
4.080121871083974838e-03
4.059278406202793121e-03
4.040922503918409348e-03
4.003254231065511703e-03
3.976431675255298615e-03
3.949061967432498932e-03
3.902280237525701523e-03
3.836001269519329071e-03
3.748589428141713142e-03
3.668546210974454880e-03
3.615097375586628914e-03
3.619749099016189575e-03
3.593475092202425003e-03
3.570808796212077141e-03
3.556281328201293945e-03
3.540965262800455093e-03
3.531626891344785690e-03
3.511079587042331696e-03
3.452755045145750046e-03
3.371952800080180168e-03
3.292100969702005386e-03
3.387533593922853470e-03
3.242745064198970795e-03
3.165203146636486053e-03
3.105780109763145447e-03
3.057515481486916542e-03
3.018683986738324165e-03
2.971609123051166534e-03
2.933263313025236130e-03
2.889785449951887131e-03
2.845312468707561493e-03
2.773567335680127144e-03
2.698540687561035156e-03
2.659808378666639328e-03
2.612413372844457626e-03
2.586992690339684486e-03
2.563595538958907127e-03
2.524394774809479713e-03
2.500324975699186325e-03
2.468624617904424667e-03
2.432673936709761620e-03
2.402994548901915550e-03
2.366513945162296295e-03
2.330435672774910927e-03
2.298389794304966927e-03
2.264143200591206551e-03
2.247475087642669678e-03
2.226354554295539856e-03
2.211873885244131088e-03
2.204906661063432693e-03
2.196511486545205116e-03
2.189375692978501320e-03
2.174108289182186127e-03
2.163865370675921440e-03
2.152520697563886642e-03
2.141841920092701912e-03
2.156201051548123360e-03
2.136090304702520370e-03
2.121367491781711578e-03
2.109605818986892700e-03
2.095337025821208954e-03
2.075262367725372314e-03
2.032854827120900154e-03
1.971886260434985161e-03
1.916577108204364777e-03
1.882379408925771713e-03
1.863925834186375141e-03
1.853215275332331657e-03
1.843909034505486488e-03
1.829995308071374893e-03
1.817243406549096107e-03
1.801467267796397209e-03
1.780708786100149155e-03
1.761516439728438854e-03
1.738205319270491600e-03
1.719660125672817230e-03
1.704400172457098961e-03
1.691336510702967644e-03
1.677612774074077606e-03
1.658917637541890144e-03
1.643021241761744022e-03
1.625315984711050987e-03
1.605247380211949348e-03
1.593956956639885902e-03
1.584309851750731468e-03
1.573270419612526894e-03
1.564370933920145035e-03
1.606871723197400570e-03
1.555583323352038860e-03
1.545198494568467140e-03
1.529189990833401680e-03
1.510091708041727543e-03
1.476638251915574074e-03
1.415452919900417328e-03
1.323616947047412395e-03
1.210973015986382961e-03
1.240486046299338341e-03
1.168758142739534378e-03
1.134083722718060017e-03
1.108339522033929825e-03
1.083926530554890633e-03
1.074167201295495033e-03
1.067576464265584946e-03
1.063801115378737450e-03
1.060803420841693878e-03
1.055513042956590652e-03
1.050680642947554588e-03
1.047552796080708504e-03
1.044900156557559967e-03
1.041788375005125999e-03
1.038743415847420692e-03
1.035105902701616287e-03
1.028230763040482998e-03
1.022974262014031410e-03
1.016940688714385033e-03
1.009690924547612667e-03
1.001977012492716312e-03
9.923755424097180367e-04
9.876638650894165039e-04
9.815248195081949234e-04
9.747449075803160667e-04
9.634150774218142033e-04
9.519559680484235287e-04
9.422502480447292328e-04
9.370080078952014446e-04
9.309123270213603973e-04
9.249509312212467194e-04
9.196906466968357563e-04
9.158776956610381603e-04
9.103988413698971272e-04
9.048568317666649818e-04
8.982483996078372002e-04
8.891191100701689720e-04
8.840489317663013935e-04
8.781935321167111397e-04
8.685189532116055489e-04
8.615228580310940742e-04
8.512941421940922737e-04
8.420510566793382168e-04
8.345251553691923618e-04
8.296565501950681210e-04
8.250866667367517948e-04
8.182847523130476475e-04
8.137769764289259911e-04
8.052260382100939751e-04
7.891329005360603333e-04
7.845828076824545860e-04
7.761059096083045006e-04
7.666588644497096539e-04
7.577970391139388084e-04
7.401004550047218800e-04
7.250646012835204601e-04
7.009115652181208134e-04
6.888686912134289742e-04
6.724776467308402061e-04
6.619180785492062569e-04
6.531649269163608551e-04
6.456960109062492847e-04
6.372499628923833370e-04
6.294171907939016819e-04
6.201607175171375275e-04
6.130608962848782539e-04
6.082881009206175804e-04
6.011645891703665257e-04
5.914570065215229988e-04
5.815087351948022842e-04
5.757444305345416069e-04
5.673945415765047073e-04
5.624307086691260338e-04
5.542238359339535236e-04
5.425894050858914852e-04
5.331278080120682716e-04
5.254696006886661053e-04
5.153638776391744614e-04
5.080602713860571384e-04
5.026979488320648670e-04
4.926060209982097149e-04
4.868828691542148590e-04
4.801862814929336309e-04
4.677998367697000504e-04
4.517352208495140076e-04
4.345409688539803028e-04
4.255589155945926905e-04
4.170638858340680599e-04
4.096070188097655773e-04
4.048996488563716412e-04
4.019784682895988226e-04
3.989390679635107517e-04
3.952063561882823706e-04
3.910279192496091127e-04
3.855165559798479080e-04
3.798972757067531347e-04
3.768687020055949688e-04
3.731866017915308475e-04
3.716024802997708321e-04
3.701949899550527334e-04
3.686629352159798145e-04
3.669517755042761564e-04
3.658790374174714088e-04
3.644586540758609772e-04
3.625281970016658306e-04
3.600424679461866617e-04
3.579285112209618092e-04
3.545860527083277702e-04
3.528207598719745874e-04
3.514268901199102402e-04
3.488319343887269497e-04
3.470044175628572702e-04
3.419846179895102978e-04
3.388476616237312555e-04
3.367127210367470980e-04
3.343470452819019556e-04
3.320870746392756701e-04
3.307604929432272911e-04
3.296560607850551605e-04
3.286568680778145790e-04
3.277189098298549652e-04
3.266254207119345665e-04
3.252572496421635151e-04
3.239412326365709305e-04
3.224262327421456575e-04
3.199490311089903116e-04
3.178100450895726681e-04
3.161072381772100925e-04
3.144518705084919930e-04
3.130991244688630104e-04
3.110085963271558285e-04
3.083673655055463314e-04
3.042093012481927872e-04
3.000074648298323154e-04
2.954593801405280828e-04
2.907968882936984301e-04
2.872321056202054024e-04
2.844220725819468498e-04
2.809926809277385473e-04
2.790236030705273151e-04
2.780420181807130575e-04
2.769999846350401640e-04
2.757095790002495050e-04
2.743825898505747318e-04
2.728254767134785652e-04
2.711124543566256762e-04
2.689890679903328419e-04
2.674872230272740126e-04
2.664089261088520288e-04
2.653855190146714449e-04
2.639972663018852472e-04
2.619281585793942213e-04
2.599861181806772947e-04
2.576684055384248495e-04
2.555059327278286219e-04
2.533960796426981688e-04
2.513931249268352985e-04
2.491442428436130285e-04
2.476419322192668915e-04
2.471379411872476339e-04
2.468975726515054703e-04
2.467132871970534325e-04
2.463768760208040476e-04
2.456078073009848595e-04
2.444366691634058952e-04
2.430961321806535125e-04
2.429806627333164215e-04
2.420399105176329613e-04
2.416027127765119076e-04
2.410710585536435246e-04
2.404834376648068428e-04
2.396110794506967068e-04
2.387731510680168867e-04
2.375293988734483719e-04
2.362671366427093744e-04
2.353718446101993322e-04
2.340429928153753281e-04
2.326497051399201155e-04
2.326994435861706734e-04
2.314947050763294101e-04
2.300486085005104542e-04
2.290175907546654344e-04
2.278171305079013109e-04
2.266532101202756166e-04
2.253409620607271791e-04
2.245269861305132508e-04
2.239325258415192366e-04
2.234133717138320208e-04
2.228887460660189390e-04
2.218174922745674849e-04
2.214102714788168669e-04
2.218017762061208487e-04
2.206625067628920078e-04
2.199554000981152058e-04
2.194068802054971457e-04
2.186400524806231260e-04
2.176919660996645689e-04
2.176781126763671637e-04
2.171310770791023970e-04
2.161061565857380629e-04
2.152797824237495661e-04
2.146227925550192595e-04
2.138898271368816495e-04
2.131297078449279070e-04
2.128730411641299725e-04
2.124321181327104568e-04
2.121821744367480278e-04
2.118429983966052532e-04
2.114408562192693353e-04
2.108286571456119418e-04
2.101771096931770444e-04
2.096164680551737547e-04
2.089957124553620815e-04
2.089903136948123574e-04
2.087354077957570553e-04
2.082930441247299314e-04
2.078194811474531889e-04
2.067941823042929173e-04
2.058294776361435652e-04
2.041455300059169531e-04
2.026655711233615875e-04
2.002416877076029778e-04
1.994280901271849871e-04
1.981998066185042262e-04
1.977421343326568604e-04
1.974693295778706670e-04
1.971724559552967548e-04
1.964717084774747491e-04
1.956477499334141612e-04
1.955175248440355062e-04
1.945196127053350210e-04
1.940841757459565997e-04
1.937903580255806446e-04
1.936170447152107954e-04
1.938229834195226431e-04
1.934950560098513961e-04
1.932493469212204218e-04
1.929649442899972200e-04
1.926091354107484221e-04
1.922561641549691558e-04
1.919387141242623329e-04
1.917003683047369123e-04
1.914391177706420422e-04
1.907806727103888988e-04
1.902532239910215139e-04
1.894427841762080789e-04
1.886364188976585865e-04
1.876704918686300516e-04
1.868959225248545408e-04
1.862627686932682991e-04
1.856047892943024635e-04
1.846648810897022486e-04
1.837077143136411905e-04
1.830432738643139601e-04
1.821389305405318737e-04
1.819761528167873621e-04
1.813198905438184738e-04
1.810053072404116392e-04
1.806470827432349324e-04
1.811753463698551059e-04
1.804755738703534007e-04
1.800474419724196196e-04
1.792955590644851327e-04
1.781616010703146458e-04
1.769413647707551718e-04
1.761236344464123249e-04
1.752572716213762760e-04
1.744657347444444895e-04
1.733586250338703394e-04
1.721924345474690199e-04
1.710279466351494193e-04
1.699548010947182775e-04
1.696357649052515626e-04
1.693669328233227134e-04
1.691563520580530167e-04
1.686969335423782468e-04
1.683301379671320319e-04
1.681406138231977820e-04
1.678822009125724435e-04
1.676896499702706933e-04
1.672924990998581052e-04
1.670498459134250879e-04
1.668580371187999845e-04
1.666125608608126640e-04
1.663570874370634556e-04
1.660376728978008032e-04
1.659036206547170877e-04
1.652398350415751338e-04
1.649285550229251385e-04
1.646183955017477274e-04
1.643037685425952077e-04
1.638060639379546046e-04
1.628014724701642990e-04
1.621204282855615020e-04
1.614837383385747671e-04
1.607357553439214826e-04
1.602290139999240637e-04
1.592781336512416601e-04
1.585688878549262881e-04
1.581911055836826563e-04
1.579250092618167400e-04
1.575406058691442013e-04
1.569527958054095507e-04
1.562064717290922999e-04
1.557396317366510630e-04
1.554035989101976156e-04
1.551200548419728875e-04
1.548062282381579280e-04
1.545565028209239244e-04
1.543721155030652881e-04
1.540479715913534164e-04
1.534855691716074944e-04
1.530189765617251396e-04
1.526021223980933428e-04
1.522280654171481729e-04
1.517789933132007718e-04
1.513078168500214815e-04
1.507154665887355804e-04
1.532794267404824495e-04
1.504688989371061325e-04
1.501551741966977715e-04
1.499362551840022206e-04
1.497992197982966900e-04
1.495191536378115416e-04
1.492725423304364085e-04
1.489866117481142282e-04
1.488081179559230804e-04
1.486624096287414432e-04
1.485043030697852373e-04
1.483288942836225033e-04
1.480396604165434837e-04
1.478944468544796109e-04
1.475566241424530745e-04
1.473891024943441153e-04
1.469607523176819086e-04
1.467257097829133272e-04
1.464023080188781023e-04
1.460505882278084755e-04
1.455094316042959690e-04
1.451616844860836864e-04
1.448775583412498236e-04
1.445139787392690778e-04
1.446267269784584641e-04
1.443168002879247069e-04
1.440474006813019514e-04
1.436649763491004705e-04
1.434010046068578959e-04
1.430793781764805317e-04
1.428521791240200400e-04
1.426051021553575993e-04
1.423877984052523971e-04
1.423394132871180773e-04
1.419065083609893918e-04
1.416452287230640650e-04
1.411320990882813931e-04
1.405704388162121177e-04
1.396975858369842172e-04
1.401029730914160609e-04
1.392534759361296892e-04
1.384191564284265041e-04
1.377261796733364463e-04
1.372053229715675116e-04
1.367599907098338008e-04
1.365546049783006310e-04
1.361910981358960271e-04
1.359525631414726377e-04
1.356378052150830626e-04
1.353142288280650973e-04
1.352612598566338420e-04
1.347121433354914188e-04
1.344642660114914179e-04
1.340898015769198537e-04
1.338059955742210150e-04
1.334788394160568714e-04
1.332293904852122068e-04
1.329521765001118183e-04
1.326634956058114767e-04
1.323720643995329738e-04
1.318957656621932983e-04
1.313426764681935310e-04
1.304248580709099770e-04
1.295740366913378239e-04
1.290777290705591440e-04
1.284992613364011049e-04
1.282272423850372434e-04
1.279259740840643644e-04
1.275356189580634236e-04
1.271202345378696918e-04
1.264100574189797044e-04
1.262189471162855625e-04
1.251634821528568864e-04
1.247780164703726768e-04
1.244397426489740610e-04
1.238911354448646307e-04
1.233090588357299566e-04
1.226564781973138452e-04
1.221984712174162269e-04
1.218698453158140182e-04
1.216894379467703402e-04
1.215032971231266856e-04
1.211297785630449653e-04
1.208120520459488034e-04
1.204515065182931721e-04
1.222773862536996603e-04
1.201909690280444920e-04
1.197496239910833538e-04
1.192840427393093705e-04
1.190884286188520491e-04
1.189509348478168249e-04
1.188473615911789238e-04
1.187165398732759058e-04
1.185810251627117395e-04
1.183792483061552048e-04
1.181207626359537244e-04
1.178438687929883599e-04
1.176555379061028361e-04
1.174640710814855993e-04
1.173431228380650282e-04
1.172224074252881110e-04
1.171647672890685499e-04
1.170759351225569844e-04
1.168725866591557860e-04
1.167107257060706615e-04
1.164110144600272179e-04
1.161662949016317725e-04
1.157713268185034394e-04
1.156820580945350230e-04
1.154162382590584457e-04
1.152545592049136758e-04
1.151147735072299838e-04
1.149455783888697624e-04
1.146573195001110435e-04
1.144151538028381765e-04
1.140363747254014015e-04
1.134679478127509356e-04
1.131134340539574623e-04
1.127612704294733703e-04
1.125915150623768568e-04
1.124450282077305019e-04
1.122683388530276716e-04
1.118866566685028374e-04
1.114769474952481687e-04
1.114620536100119352e-04
1.110201992560178041e-04
1.106901618186384439e-04
1.104662078432738781e-04
1.103128961403854191e-04
1.101186935557052493e-04
1.098055799957364798e-04
1.096320411306805909e-04
1.095666157198138535e-04
1.092988095479086041e-04
1.092019883799366653e-04
1.090292062144726515e-04
1.088976423488929868e-04
1.087887358153238893e-04
1.087015843950212002e-04
1.086036645574495196e-04
1.084484611055813730e-04
1.083612296497449279e-04
1.082794187823310494e-04
1.082005474017933011e-04
1.080895017366856337e-04
1.079708745237439871e-04
1.079130743164569139e-04
1.077923589036799967e-04
1.077049673767760396e-04
1.075435211532749236e-04
1.074174651876091957e-04
1.072739323717541993e-04
1.072277300409041345e-04
1.070271828211843967e-04
1.068681158358231187e-04
1.066400946001522243e-04
1.063987001543864608e-04
1.061702860170044005e-04
1.059838614310137928e-04
1.058092457242310047e-04
1.055964676197618246e-04
1.052574807545170188e-04
1.049482889357022941e-04
1.046057150233536959e-04
1.041101495502516627e-04
1.042268413584679365e-04
1.038266855175606906e-04
1.033648586599156260e-04
1.029829873004928231e-04
1.025620586005970836e-04
1.022761425701901317e-04
1.019442643155343831e-04
1.017046088236384094e-04
1.013519140542484820e-04
1.009137777145951986e-04
1.006341917673125863e-04
1.002169228740967810e-04
9.986532677430659533e-05
9.953152766684070230e-05
9.907646744977682829e-05
9.878048876998946071e-05
9.838017285801470280e-05
9.806483285501599312e-05
9.779591346159577370e-05
9.743796545080840588e-05
9.723192488308995962e-05
9.695260814623907208e-05
9.681234223535284400e-05
9.669068094808608294e-05
9.650597348809242249e-05
9.628660336602479219e-05
9.613188740331679583e-05
9.585837688064202666e-05
9.546192450216040015e-05
9.519942250335589051e-05
9.505890920991078019e-05
9.492250683251768351e-05
9.476330160396173596e-05
9.450106153963133693e-05
9.422274888493120670e-05
9.397076792083680630e-05
9.382864664075896144e-05
9.366256563225761056e-05
9.355807560496032238e-05
9.342958219349384308e-05
9.327539009973406792e-05
9.327098086941987276e-05
9.319357195636257529e-05
9.306988067692145705e-05
9.299255907535552979e-05
9.291766036767512560e-05
9.283536201110109687e-05
9.272627357859164476e-05
9.253123425878584385e-05
9.240116196451708674e-05
9.230817522620782256e-05
9.224005771102383733e-05
9.215085447067394853e-05
9.203300578519701958e-05
9.193115693051367998e-05
9.182372741634026170e-05
9.173211583402007818e-05
9.158627653960138559e-05
9.146884258370846510e-05
9.128595411311835051e-05
9.138261521002277732e-05
9.122482151724398136e-05
9.111522376770153642e-05
9.096992289414629340e-05
9.085048077395185828e-05
9.077304275706410408e-05
9.071188105735927820e-05
9.060654701897874475e-05
9.042846795637160540e-05
9.102412150241434574e-05
9.037817653734236956e-05
9.022375161293894053e-05
9.015429532155394554e-05
9.005982428789138794e-05
8.989781053969636559e-05
8.975506352726370096e-05
8.960066770669072866e-05
8.951890049502253532e-05
8.946096204454079270e-05
8.947680180426687002e-05
8.944234286900609732e-05
8.939927647588774562e-05
8.935656660469248891e-05
8.932863420341163874e-05
8.928468741942197084e-05
8.921201515477150679e-05
8.913303463486954570e-05
8.905377762857824564e-05
8.901082765078172088e-05
8.890307799447327852e-05
8.874349441612139344e-05
8.857825014274567366e-05
8.871670434018597007e-05
8.849691221257671714e-05
8.841411909088492393e-05
8.835283369990065694e-05
8.830067235976457596e-05
8.856035856297239661e-05
8.827987039694562554e-05
8.821704250294715166e-05
8.815398177830502391e-05
8.811102452455088496e-05
8.805832476355135441e-05
8.798707131063565612e-05
8.792658627498894930e-05
8.784700185060501099e-05
8.777077164268121123e-05
8.765120583120733500e-05
8.830670412862673402e-05
8.759259071666747332e-05
8.746693492867052555e-05
8.728083048481494188e-05
8.720016194274649024e-05
8.712259295862168074e-05
8.704306674189865589e-05
8.697127486811950803e-05
8.705777145223692060e-05
8.691073890076950192e-05
8.681822509970515966e-05
8.671410614624619484e-05
8.689442620379850268e-05
8.667992369737476110e-05
8.660495950607582927e-05
8.649165829410776496e-05
8.652282849652692676e-05
8.641007298137992620e-05
8.629736839793622494e-05
8.613942191004753113e-05
8.603240712545812130e-05
8.586717740399762988e-05
8.582155714975669980e-05
8.563193841837346554e-05
8.552028157282620668e-05
8.537950634490698576e-05
8.521773270331323147e-05
8.506621088599786162e-05
8.487583545502275229e-05
8.474805508740246296e-05
8.463740959996357560e-05
8.455063652945682406e-05
8.444084960501641035e-05
8.434730261797085404e-05
8.416998025495558977e-05
8.399642683798447251e-05
8.412379975197836757e-05
8.393235475523397326e-05
8.383092790609225631e-05
8.374571916647255421e-05
8.362362859770655632e-05
8.346921094926074147e-05
8.326571696670725942e-05
8.318132313434034586e-05
8.307710231747478247e-05
8.298616739921271801e-05
8.294222789118066430e-05
8.288296521641314030e-05
8.283372153528034687e-05
8.275410800706595182e-05
8.269789395853877068e-05
8.265672659035772085e-05
8.263767813332378864e-05
8.258045272668823600e-05
8.249472011812031269e-05
8.242239709943532944e-05
8.230555249610915780e-05
8.215602429118007421e-05
8.201331365853548050e-05
8.218525908887386322e-05
8.196607814170420170e-05
8.185768092516809702e-05
8.178859570762142539e-05
8.171750232577323914e-05
8.156496915034949780e-05
8.145587344188243151e-05
8.136138785630464554e-05
8.120178245007991791e-05
8.108502515824511647e-05
8.071494812611490488e-05
8.053058991208672523e-05
8.036142389755696058e-05
8.029118907870724797e-05
8.018009248189628124e-05
8.008412260096520185e-05
7.994663610588759184e-05
7.982196257216855884e-05
7.981427916092798114e-05
7.975353946676477790e-05
7.967153214849531651e-05
7.961768278619274497e-05
7.956490298965945840e-05
7.952460146043449640e-05
7.946956611704081297e-05
7.940821524243801832e-05
7.935021130833774805e-05
7.927650585770606995e-05
7.914330490166321397e-05
7.909609121270477772e-05
7.882092904765158892e-05
7.865820953156799078e-05
7.840539910830557346e-05
7.811420073267072439e-05
7.804622873663902283e-05
7.771176024107262492e-05
7.762518362142145634e-05
7.752517558401450515e-05
7.741997251287102699e-05
7.723543967586010695e-05
7.747647759970277548e-05
7.716308027738705277e-05
7.699620618950575590e-05
7.688910409342497587e-05
7.680918497499078512e-05
7.671050116186961532e-05
7.662339339731261134e-05
7.656367961317300797e-05
7.648462633369490504e-05
7.638699025847017765e-05
7.629807805642485619e-05
7.619121606694534421e-05
7.609447493450716138e-05
7.600712706334888935e-05
7.588720472995191813e-05
7.579639350296929479e-05
7.571453897980973125e-05
7.561115489806979895e-05
7.554270268883556128e-05
7.548983558081090450e-05
7.540610386058688164e-05
7.538436329923570156e-05
7.528099376941099763e-05
7.522980013163760304e-05
7.517424819525331259e-05
7.511022704420611262e-05
7.499469938920810819e-05
7.552741590188816190e-05
7.495869067497551441e-05
7.486630784114822745e-05
7.508473936468362808e-05
7.484616071451455355e-05
7.481439388357102871e-05
7.476452447008341551e-05
7.471717253793030977e-05
7.462929352186620235e-05
7.454043225152418017e-05
7.438218017341569066e-05
7.433289283653721213e-05
7.426263618981465697e-05
7.420052861561998725e-05
7.405832730000838637e-05
7.393960549961775541e-05
7.374651613645255566e-05
7.358966831816360354e-05
7.347427163040265441e-05
7.342332537518814206e-05
7.337733404710888863e-05
7.329333311645314097e-05
7.318342977669090033e-05
7.307624764507636428e-05
7.296066178241744637e-05
7.283341255970299244e-05
7.274042582139372826e-05
7.264233863679692149e-05
7.262732833623886108e-05
7.243531581480056047e-05
7.234269287437200546e-05
7.216853555291891098e-05
7.202046253951266408e-05
7.187066512415185571e-05
7.171143079176545143e-05
7.161592657212167978e-05
7.149110024329274893e-05
7.132373139029368758e-05
7.122836541384458542e-05
7.115487096598371863e-05
7.112375169526785612e-05
7.110496517270803452e-05
7.108238060027360916e-05
7.105595432221889496e-05
7.101497612893581390e-05
7.097817433532327414e-05
7.094474858604371548e-05
7.092532177921384573e-05
7.089087739586830139e-05
7.089039718266576529e-05
7.087406265782192349e-05
7.084434037096798420e-05
7.078811177052557468e-05
7.075934263411909342e-05
7.070011633913964033e-05
7.061191718094050884e-05
7.048455881886184216e-05
7.036219176370650530e-05
7.025863305898383260e-05
7.018759060883894563e-05
7.015255687292665243e-05
7.008515240158885717e-05
7.002214988460764289e-05
6.997412128839641809e-05
6.993143324507400393e-05
6.988352834014222026e-05
6.983827915973961353e-05
6.977198790991678834e-05
6.972586561460047960e-05
6.969609239604324102e-05
6.966879300307482481e-05
6.968090019654482603e-05
6.964673229958862066e-05
6.959955499041825533e-05
6.946842768229544163e-05
6.935386045370250940e-05
6.925478373887017369e-05
6.925518391653895378e-05
6.920132727827876806e-05
6.913495599292218685e-05
6.905858754180371761e-05
6.901848246343433857e-05
6.893657700857147574e-05
6.884532194817438722e-05
6.872399535495787859e-05
6.863330781925469637e-05
6.853809463791549206e-05
6.843055598437786102e-05
6.827023753430694342e-05
6.818364636274054646e-05
6.809720798628404737e-05
6.801418203394860029e-05
6.798912363592535257e-05
6.792965723434463143e-05
6.785633740946650505e-05
6.770568870706483722e-05
6.745036807842552662e-05
6.698272045468911529e-05
6.657603080384433270e-05
6.636398029513657093e-05
6.609185220440849662e-05
6.594938895432278514e-05
6.582547939615324140e-05
6.567793752765282989e-05
6.553810089826583862e-05
6.537185981869697571e-05
6.515219865832477808e-05
6.496583227999508381e-05
6.476764974649995565e-05
6.462464807555079460e-05
6.450791261158883572e-05
6.439234130084514618e-05
6.423435115721076727e-05
6.411220238078385592e-05
6.401710561476647854e-05
6.396313256118446589e-05
6.388496694853529334e-05
6.367932655848562717e-05
6.348350143525749445e-05
6.321936234598979354e-05
6.287635187618434429e-05
6.275540363276377320e-05
6.288017902988940477e-05
6.258135545067489147e-05
6.233410385902971029e-05
6.217174814082682133e-05
6.224058597581461072e-05
6.205921090440824628e-05
6.197289621923118830e-05
6.177234172355383635e-05
6.165997911011800170e-05
6.151097477413713932e-05
6.158766336739063263e-05
6.144853978184983134e-05
6.135648436611518264e-05
6.129377288743853569e-05
6.120605394244194031e-05
6.101286271587014198e-05
6.077138823457062244e-05
6.055375706637278199e-05
6.036415288690477610e-05
6.019176362315192819e-05
5.986197356833145022e-05
5.956491077085956931e-05
5.936610978096723557e-05
5.911813786951825023e-05
5.894521746085956693e-05
5.878792217117734253e-05
5.857407086296007037e-05
5.828600114909932017e-05
5.799419886898249388e-05
5.781442450825124979e-05
5.767522816313430667e-05
5.757530743721872568e-05
5.743123983847908676e-05
5.734016303904354572e-05
5.724873335566371679e-05
5.715544102713465691e-05
5.706896627089008689e-05
5.694691208191215992e-05
5.683681229129433632e-05
5.669819802278652787e-05
5.658655572915449739e-05
5.637850699713453650e-05
5.631186286336742342e-05
5.625523044727742672e-05
5.617273200186900795e-05
5.610733933281153440e-05
5.603156023425981402e-05
5.594579124590381980e-05
5.579936259891837835e-05
5.571204383159056306e-05
5.561463331105187535e-05
5.553184746531769633e-05
5.547261389438062906e-05
5.538224650081247091e-05
5.532557406695559621e-05
5.527603934751823545e-05
5.522054561879485846e-05
5.512217830982990563e-05
5.502948624780401587e-05
5.493195203598588705e-05
5.486889858730137348e-05
5.477406375575810671e-05
5.472431803354993463e-05
5.472222255775704980e-05
5.468010203912854195e-05
5.461681575980037451e-05
5.459197564050555229e-05
5.456489816424436867e-05
5.453745689010247588e-05
5.444594353321008384e-05
5.436231731437146664e-05
5.425528070190921426e-05
5.421310197561979294e-05
5.413635517470538616e-05
5.409144068835303187e-05
5.402778333518654108e-05
5.394491745391860604e-05
5.386390330386348069e-05
5.375866021495312452e-05
5.366269033402204514e-05
5.356384644983336329e-05
5.350050923880189657e-05
5.344269447959959507e-05
5.339150811778381467e-05
5.332504224497824907e-05
5.324250378180295229e-05
5.314627924235537648e-05
5.310073902364820242e-05
5.307495302986353636e-05
5.304763908497989178e-05
5.302021963871084154e-05
5.299206168274395168e-05
5.292987771099433303e-05
5.286463783704675734e-05
5.279540346236899495e-05
5.271186091704294086e-05
5.265545405563898385e-05
5.255926589597947896e-05
5.246075306786224246e-05
5.224924098001793027e-05
5.210094241192564368e-05
5.193899414734914899e-05
5.182811219128780067e-05
5.175525075173936784e-05
5.170246731722727418e-05
5.163746391190215945e-05
5.156011320650577545e-05
5.147138290340080857e-05
5.140176654094830155e-05
5.132174555910751224e-05
5.119048728374764323e-05
5.108472396386787295e-05
5.091392813483253121e-05
5.069647522759623826e-05
5.050141044193878770e-05
5.035228605265729129e-05
5.025681457482278347e-05
5.012424298911355436e-05
5.037087612436152995e-05
5.008515654481016099e-05
5.002671241527423263e-05
4.994771370547823608e-05
4.987772990716621280e-05
4.977193748345598578e-05
4.962554885423742235e-05
4.939628342981450260e-05
4.912459917250089347e-05
4.893745790468528867e-05
4.875280501437373459e-05
4.863195499638095498e-05
4.850763070862740278e-05
4.840094698010943830e-05
4.832876584259793162e-05
4.824829375138506293e-05
4.818182060262188315e-05
4.810170503333210945e-05
4.802555849892087281e-05
4.795226777787320316e-05
4.786090721609070897e-05
4.779997107107192278e-05
4.775908018928021193e-05
4.772637475980445743e-05
4.769146471517160535e-05
4.760437514050863683e-05
4.753839675686322153e-05
4.759557850775308907e-05
4.748599894810467958e-05
4.740078657050617039e-05
4.723854362964630127e-05
4.717707997770048678e-05
4.696262476500123739e-05
4.686805550591088831e-05
4.682369035435840487e-05
4.675960008171387017e-05
4.659177284338511527e-05
4.664603329729288816e-05
4.652164716389961541e-05
4.639590042643249035e-05
4.624992652679793537e-05
4.614487625076435506e-05
4.601725959219038486e-05
4.594431811710819602e-05
4.586155773722566664e-05
4.579951200867071748e-05
4.571570025291293859e-05
4.554564293357543647e-05
4.663502113544382155e-05
4.549298319034278393e-05
4.529811121756210923e-05
4.520863149082288146e-05
4.508629353949800134e-05
4.503266973188146949e-05
4.493691085372120142e-05
4.484502278501167893e-05
4.479638300836086273e-05
4.473776789382100105e-05
4.468743281904608011e-05
4.463952791411429644e-05
4.454993904801085591e-05
4.440777411218732595e-05
4.437147435965016484e-05
4.425365477800369263e-05
4.419380275066941977e-05
4.407888991408981383e-05
4.397923476062715054e-05
4.379367237561382353e-05
4.363883272162638605e-05
4.350623567006550729e-05
4.338111466495320201e-05
4.330846786615438759e-05
4.324889596318826079e-05
4.318239371059462428e-05
4.310925214667804539e-05
4.306996197556145489e-05
4.297083069104701281e-05
4.293090023566037416e-05
4.289007847546599805e-05
4.283711314201354980e-05
4.285718387109227479e-05
4.281358269508928061e-05
4.278861524653621018e-05
4.275882383808493614e-05
4.272432852303609252e-05
4.266988980816677213e-05
4.259042907506227493e-05
4.283380985725671053e-05
4.254614032106474042e-05
4.246493699611164629e-05
4.234251900925301015e-05
4.224581425660289824e-05
4.207519668852910399e-05
4.201023693894967437e-05
4.186684236628934741e-05
4.179964889772236347e-05
4.174017522018402815e-05
4.168216037214733660e-05
4.164081474300473928e-05
4.161199467489495873e-05
4.157575313001871109e-05
4.153484769631177187e-05
4.149549567955546081e-05
4.147299478063359857e-05
4.145645652897655964e-05
4.148653897573240101e-05
4.144963895669206977e-05
4.143585101701319218e-05
4.141157114645466208e-05
4.138904841965995729e-05
4.136407369514927268e-05
4.134636765229515731e-05
4.132035974180325866e-05
4.130384695599786937e-05
4.128307773498818278e-05
4.125576742808334529e-05
4.122496829950250685e-05
4.119653749512508512e-05
4.117172647966071963e-05
4.114963303436525166e-05
4.111613088753074408e-05
4.104375329916365445e-05
4.101232116227038205e-05
4.088723289896734059e-05
4.080490543856285512e-05
4.073435775353573263e-05
4.068368798471055925e-05
4.062658263137564063e-05
4.059043567394837737e-05
4.050113057019189000e-05
4.046015237690880895e-05
4.040704152430407703e-05
4.033557343063876033e-05
4.029084448120556772e-05
4.034490120830014348e-05
4.025863017886877060e-05
4.022852590424008667e-05
4.020606138510629535e-05
4.018146137241274118e-05
4.017105675302445889e-05
4.012188219348900020e-05
4.010473276139236987e-05
4.007655661553144455e-05
3.998657848569564521e-05
3.999565524281933904e-05
3.994414873886853456e-05
3.990395271102897823e-05
3.985361399827525020e-05
3.977888627559877932e-05
3.965110590797849000e-05
3.956483487854711711e-05
3.949134770664386451e-05
3.942121111322194338e-05
3.936305802199058235e-05
3.929156082449480891e-05
3.920711242244578898e-05
3.909652514266781509e-05
3.897897113347426057e-05
3.889501749654300511e-05
3.882994860759936273e-05
3.878210191032849252e-05
3.874472895404323936e-05
3.870757063850760460e-05
3.866942643071524799e-05
3.863745223497971892e-05
3.860516517306677997e-05
3.857668343698605895e-05
3.853079761029221117e-05
3.846735853585414588e-05
3.840981662506237626e-05
3.837073018075898290e-05
3.829862180282361805e-05
3.822465077973902225e-05
3.815974559984169900e-05
3.811324131675064564e-05
3.808903784374706447e-05
3.806890890700742602e-05
3.805227970588020980e-05
3.803487197728827596e-05
3.800153353950008750e-05
3.795733937295153737e-05
3.790987102547660470e-05
3.787366222240962088e-05
3.783872307394631207e-05
3.780823317356407642e-05
3.778458631131798029e-05
3.773245407501235604e-05
3.766022200579755008e-05
3.761203333851881325e-05
3.758857565117068589e-05
3.756121441256254911e-05
3.753341297851875424e-05
3.748728704522363842e-05
3.744349305634386837e-05
3.742115950444713235e-05
3.740232205018401146e-05
3.738643135875463486e-05
3.748900053324177861e-05
3.738143277587369084e-05
3.736780490726232529e-05
3.735334757948294282e-05
3.734077472472563386e-05
3.732525510713458061e-05
3.731176911969669163e-05
3.729205491254106164e-05
3.726568320416845381e-05
3.724571070051752031e-05
3.721553366631269455e-05
3.717541403602808714e-05
3.713593469001352787e-05
3.709965676534920931e-05
3.706826100824400783e-05
3.703002585098147392e-05
3.696591011248528957e-05
3.690820449264720082e-05
3.688234210130758584e-05
3.686317359097301960e-05
3.684785042423754930e-05
3.683937393361702561e-05
3.682815076899714768e-05
3.681480302475392818e-05
3.678929351735860109e-05
3.675923653645440936e-05
3.673452010843902826e-05
3.671176818897947669e-05
3.668200588435865939e-05
3.664277392090298235e-05
3.657462730188854039e-05
3.653506064438261092e-05
3.643797390395775437e-05
3.636259498307481408e-05
3.628611739259213209e-05
3.617175389081239700e-05
3.610091516748070717e-05
3.604655648814514279e-05
3.599470801418647170e-05
3.590676715248264372e-05
3.583366924431174994e-05
3.576867311494424939e-05
3.573110370780341327e-05
3.569816908566281199e-05
3.566807572497054935e-05
3.562842903193086386e-05
3.561070479918271303e-05
3.559423566912300885e-05
3.558030948624946177e-05
3.556492447387427092e-05
3.553335409378632903e-05
3.548974200384691358e-05
3.545199797372333705e-05
3.542318154359236360e-05
3.539427052601240575e-05
3.534191637299954891e-05
3.528729939716868103e-05
3.522514089127071202e-05
3.517285949783399701e-05
3.511835166136734188e-05
3.507372093736194074e-05
3.504264168441295624e-05
3.500545426504686475e-05
3.496335557429119945e-05
3.492309770081192255e-05
3.489402297418564558e-05
3.484869375824928284e-05
3.480034501990303397e-05
3.475111225270666182e-05
3.470604133326560259e-05
3.469361763563938439e-05
3.464930341579020023e-05
3.463378743617795408e-05
3.459525032667443156e-05
3.456866033957339823e-05
3.452708187978714705e-05
3.500264574540778995e-05
3.451872908044606447e-05
3.448494680924341083e-05
3.446560731390491128e-05
3.447035123826935887e-05
3.445424226811155677e-05
3.443753303145058453e-05
3.440592627157457173e-05
3.437431951169855893e-05
3.434364043641835451e-05
3.431307413848116994e-05
3.426925104577094316e-05
3.421022483962588012e-05
3.438259955146349967e-05
3.416734398342669010e-05
3.410363933653570712e-05
3.403088339837267995e-05
3.399353226996026933e-05
3.394217492314055562e-05
3.391128120711073279e-05
3.388475670362822711e-05
3.387211836525239050e-05
3.386283060535788536e-05
3.384473893675021827e-05
3.383098373888060451e-05
3.380644920980557799e-05
3.379110421519726515e-05
3.377553730388171971e-05
3.375553933437913656e-05
3.370800550328567624e-05
3.390787969692610204e-05
3.369405021658167243e-05
3.367406316101551056e-05
3.366250166436657310e-05
3.364891017554327846e-05
3.362184725119732320e-05
3.389894118299707770e-05
3.361038761795498431e-05
3.358176036272197962e-05
3.356449451530352235e-05
3.354802538524381816e-05
3.352591011207550764e-05
3.348557220306247473e-05
3.341271803947165608e-05
3.331829066155478358e-05
3.338991155032999814e-05
3.325843499624170363e-05
3.320377800264395773e-05
3.317284790682606399e-05
3.314273635623976588e-05
3.308194209239445627e-05
3.301394826848991215e-05
3.290086169727146626e-05
3.409014243516139686e-05
3.286287028458900750e-05
3.277669020462781191e-05
3.264646147727034986e-05
3.255976116633974016e-05
3.249050132581032813e-05
3.248372013331390917e-05
3.245717380195856094e-05
3.240019213990308344e-05
3.233771712984889746e-05
3.228264904464595020e-05
3.224676765967160463e-05
3.221520455554127693e-05
3.217728226445615292e-05
3.213590389350429177e-05
3.209983697161078453e-05
3.206841938663274050e-05
3.205271787010133266e-05
3.201640356564894319e-05
3.198701597284525633e-05
3.197609476046636701e-05
3.196000034222379327e-05
3.195576573489233851e-05
3.195173121639527380e-05
3.194336386513896286e-05
3.194920282112434506e-05
3.193813608959317207e-05
3.192646181560121477e-05
3.190412462572567165e-05
3.188750270055606961e-05
3.186940739396959543e-05
3.185434616170823574e-05
3.183737135259434581e-05
3.181138526997528970e-05
3.179585473844781518e-05
3.177204052917659283e-05
3.173088043695315719e-05
3.167922113789245486e-05
3.164019290124997497e-05
3.160984852002002299e-05
3.159421976306475699e-05
3.155567901558242738e-05
3.152776844217441976e-05
3.149165786453522742e-05
3.144761285511776805e-05
3.140465560136362910e-05
3.136788291158154607e-05
3.131904304609633982e-05
3.128267780994065106e-05
3.123786154901608825e-05
3.118574750260449946e-05
3.113652201136574149e-05
3.110282341367565095e-05
3.106418444076552987e-05
3.104357165284454823e-05
3.102376285823993385e-05
3.098906745435670018e-05
3.095937427133321762e-05
3.094082785537466407e-05
3.091721373493783176e-05
3.089879828621633351e-05
3.086268407059833407e-05
3.083500632783398032e-05
3.081653994740918279e-05
3.075860513490624726e-05
3.073496554861776531e-05
3.071121318498626351e-05
3.068319347221404314e-05
3.061473398702219129e-05
3.265191480750218034e-05
3.058119909837841988e-05
3.053584805456921458e-05
3.049324368475936353e-05
3.048106373171322048e-05
3.045333323825616390e-05
3.040264709852635860e-05
3.033952816622331738e-05
3.034875771845690906e-05
3.029327854164876044e-05
3.023194403795059770e-05
3.019952237082179636e-05
3.015204674738924950e-05
3.013840250787325203e-05
3.011708759004250169e-05
3.008958447026088834e-05
3.005676626344211400e-05
3.001624645548872650e-05
2.994739224959630519e-05
2.989301356137730181e-05
2.984175262099597603e-05
2.977645999635569751e-05
2.970982677652500570e-05
2.963859515148214996e-05
2.965911153296474367e-05
2.959490666398778558e-05
2.953761941171251237e-05
2.948950714198872447e-05
2.945619053207337856e-05
2.942837454611435533e-05
2.939365549536887556e-05
2.936501186923123896e-05
2.932925417553633451e-05
2.936863893410190940e-05
2.930986920546274632e-05
2.928363392129540443e-05
2.925959415733814240e-05
2.923196007031947374e-05
2.920490260294172913e-05
2.920805491157807410e-05
2.919100734288804233e-05
2.917909841926302761e-05
2.913431490014772862e-05
2.910633338615298271e-05
2.906114423240069300e-05
2.900720937759615481e-05
2.897583181038498878e-05
2.889477036660537124e-05
2.884618334064725786e-05
2.880035026464611292e-05
2.876439066312741488e-05
2.873201447073370218e-05
2.869598392862826586e-05
2.865472379198763520e-05
2.861947177734691650e-05
2.858463449229020625e-05
2.854596641554962844e-05
2.850429154932498932e-05
2.846671668521594256e-05
2.842374124156776816e-05
2.838922409864608198e-05
2.836775820469483733e-05
2.835179111571051180e-05
2.833637518051546067e-05
2.830457378877326846e-05
2.826431045832578093e-05
2.821712951117660850e-05
2.826457966875750571e-05
2.819139081111643463e-05
2.814085564750712365e-05
2.810080331983044744e-05
2.806129123200662434e-05
2.802286508085671812e-05
2.798487912514247000e-05
2.794337706291116774e-05
2.791551560221705586e-05
2.787962512229569256e-05
2.783624222502112389e-05
2.779040005407296121e-05
2.773743653960991651e-05
2.768182457657530904e-05
2.763883640000130981e-05
2.761284849839285016e-05
2.759097878879401833e-05
2.755632522166706622e-05
2.752048203547019511e-05
2.747861071838997304e-05
2.744875564530957490e-05
2.742448850767686963e-05
2.740918898780364543e-05
2.738345574471168220e-05
2.735548514465335757e-05
2.733433393586892635e-05
2.730167034314945340e-05
2.726222919591236860e-05
2.723846955632325262e-05
2.719840995268896222e-05
2.717780080274678767e-05
2.715967093536164612e-05
2.713643880269955844e-05
2.710192165977787226e-05
2.706389022932853550e-05
2.703355858102440834e-05
2.700604818528518081e-05
2.698354728636331856e-05
2.695883267733734101e-05
2.693865462788380682e-05
2.691043482627719641e-05
2.687036976567469537e-05
2.682037302292883396e-05
2.679630051716230810e-05
2.675501127669122070e-05
2.673904782568570226e-05
2.671076617843937129e-05
2.668018350959755480e-05
2.663412669789977372e-05
2.658370431163348258e-05
2.654228956089355052e-05
2.651034992595668882e-05
2.647162909852340817e-05
2.643088191689457744e-05
2.635629061842337251e-05
2.626693640195298940e-05
2.620433042466174811e-05
2.616956953715998679e-05
2.615161793073639274e-05
2.613543438201304525e-05
2.612365460663568228e-05
2.609900730021763593e-05
2.606739144539460540e-05
2.602752647362649441e-05
2.598795435915235430e-05
2.595540718175470829e-05
2.591708107502199709e-05
2.587663766462355852e-05
2.584181129350326955e-05
2.578486601123586297e-05
2.572281482571270317e-05
2.566196963016409427e-05
2.562134795880410820e-05
2.558816777309402823e-05
2.554102684371173382e-05
2.551097531977575272e-05
2.550676072132773697e-05
2.547496842453256249e-05
2.546969153627287596e-05
2.544889321143273264e-05
2.542506445024628192e-05
2.539645356591790915e-05
2.537450018280651420e-05
2.536000283726025373e-05
2.534851046220865101e-05
2.533718907216098160e-05
2.532302460167557001e-05
2.529408811824396253e-05
2.527079959691036493e-05
2.525439049350097775e-05
2.523383591324090958e-05
2.520956149965059012e-05
2.518724977562669665e-05
2.516438507882412523e-05
2.515023697924334556e-05
2.513296931283548474e-05
2.511680213501676917e-05
2.510115336917806417e-05
2.508377656340599060e-05
2.513812432880513370e-05
2.507185672584455460e-05
2.504566145944409072e-05
2.498402864148374647e-05
2.492615203664172441e-05
2.498212779755704105e-05
2.489617509127128869e-05
2.483744901837781072e-05
2.479446811776142567e-05
2.472422784194350243e-05
2.463226519466843456e-05
2.454847708577290177e-05
2.449113890179432929e-05
2.445073005219455808e-05
2.442473851260729134e-05
2.439793206576723605e-05
2.434670022921636701e-05
2.430287713650614023e-05
2.668520028237253428e-05
2.427889921818859875e-05
2.421876524749677628e-05
2.412590401945635676e-05
2.405277700745500624e-05
2.400413359282538295e-05
2.398378637735731900e-05
2.395854608039371669e-05
2.394563125562854111e-05
2.393649265286512673e-05
2.392470560153014958e-05
2.390191366430372000e-05
2.388420398347079754e-05
2.384458639426156878e-05
2.383155333518516272e-05
2.378851786488667130e-05
2.376919837843161076e-05
2.374872201471589506e-05
2.372921335336286575e-05
2.370289257669355720e-05
2.368672539887484163e-05
2.366857006563805044e-05
2.364635656704194844e-05
2.362063059990759939e-05
2.359107020311057568e-05
2.356670847802888602e-05
2.354644129809457809e-05
2.352207775402348489e-05
2.349599162698723376e-05
2.347213012399151921e-05
2.343901360291056335e-05
2.339991078770253807e-05
2.339726052014157176e-05
2.337377736694179475e-05
2.334958116989582777e-05
2.332944131921976805e-05
2.332082476641517133e-05
2.331236100872047246e-05
2.329526432731654495e-05
2.327782567590475082e-05
2.324146953469607979e-05
2.322031286894343793e-05
2.320337625860702246e-05
2.319038321729749441e-05
2.317550388397648931e-05
2.315562414878513664e-05
2.313094410055782646e-05
2.310484524059575051e-05
2.308813782292418182e-05
2.306536953255999833e-05
2.304472218384034932e-05
2.302938446518965065e-05
2.300501910212915391e-05
2.298535218869801611e-05
2.297541868756525218e-05
2.296548700542189181e-05
2.295141348440665752e-05
2.293464058311656117e-05
2.291634154971688986e-05
2.290158408868592232e-05
2.288510222570039332e-05
2.286726339661981910e-05
2.285072514496278018e-05
2.283440699102357030e-05
2.282394416397437453e-05
2.280732587678357959e-05
2.276666418765671551e-05
2.289411531819496304e-05
2.275697079312521964e-05
2.272468736919108778e-05
2.270017830596771091e-05
2.268543903483077884e-05
2.265218427055515349e-05
2.262349335069302469e-05
2.258937820442952216e-05
2.256162770208902657e-05
2.254634273413103074e-05
2.253181082778610289e-05
2.251095793326385319e-05
2.249282988486811519e-05
2.247621523565612733e-05
2.246196527266874909e-05
2.244997449452057481e-05
2.242177470179740340e-05
2.239313471363857388e-05
2.235754072898998857e-05
2.231277176178991795e-05
2.227040022262372077e-05
2.224680611107032746e-05
2.220735586888622493e-05
2.219009911641478539e-05
2.217217843281105161e-05
2.215653330495115370e-05
2.213846164522692561e-05
2.211104219895787537e-05
2.208709702244959772e-05
2.205594137194566429e-05
2.201279676228296012e-05
2.197930007241666317e-05
2.195603701693471521e-05
2.193291948060505092e-05
2.191328167100436985e-05
2.188484904763754457e-05
2.186544043070171028e-05
2.183481592510361224e-05
2.181113268306944519e-05
2.178102295147255063e-05
2.175669578718952835e-05
2.173651955672539771e-05
2.172924723709002137e-05
2.169581421185284853e-05
2.168239734601229429e-05
2.166840386053081602e-05
2.165298246836755425e-05
2.163911631214432418e-05
2.161088923458009958e-05
2.159032192139420658e-05
2.157948438252788037e-05
2.154166395484935492e-05
2.151921216864138842e-05
2.149297506548464298e-05
2.146676342817954719e-05
2.142494668078143150e-05
2.138987110811285675e-05
2.133431917172856629e-05
2.129174026777036488e-05
2.126595063600689173e-05
2.123067497450392693e-05
2.118606971635017544e-05
2.113755908794701099e-05
2.109522029059007764e-05
2.104289524140767753e-05
2.099878474837169051e-05
2.095003037538845092e-05
2.090703128487803042e-05
2.086826680169906467e-05
2.082605715258978307e-05
2.075683732982724905e-05
2.070119444397278130e-05
2.064673390123061836e-05
2.060302722384221852e-05
2.064610816887579858e-05
2.059425969491712749e-05
2.058035352092701942e-05
2.056854464171919972e-05
2.056031917163636535e-05
2.054505785054061562e-05
2.052550553344190121e-05
2.050899092864710838e-05
2.049773138423915952e-05
2.047235102509148419e-05
2.044548273261170834e-05
2.042993037321139127e-05
2.041228253801818937e-05
2.040453728113789111e-05
2.038066850218456239e-05
2.035502257058396935e-05
2.032318479905370623e-05
2.029539064096752554e-05
2.026778929575812072e-05
2.024972127401269972e-05
2.022342596319504082e-05
2.020425381488166749e-05
2.016932194237597287e-05
2.012924232985824347e-05
2.009275340242311358e-05
2.015944846789352596e-05
2.007176044571679085e-05
2.003318877541460097e-05
1.999514097406063229e-05
1.995483398786745965e-05
1.991328645090106875e-05
1.987447467399761081e-05
1.984851405723020434e-05
1.983162110263947397e-05
1.981082277779933065e-05
1.979882290470413864e-05
1.979036460397765040e-05
1.986681309062987566e-05
1.978659020096529275e-05
1.977333522518165410e-05
1.975390296138357371e-05
1.973448524950072169e-05
1.971231176867149770e-05
1.968528704310301691e-05
1.965741103049367666e-05
1.963429167517460883e-05
1.961082489287946373e-05
1.959425026143435389e-05
1.956450068973936141e-05
1.953787432285025716e-05
1.952232923940755427e-05
1.950913792825303972e-05
1.948757017089519650e-05
1.946032716659829021e-05
1.943873394338879734e-05
1.942008020705543458e-05
1.940427682711742818e-05
1.939023422892205417e-05
1.935734871949534863e-05
1.932801387738436460e-05
1.929951940837781876e-05
1.926651020767167211e-05
1.923394665936939418e-05
1.921398688864428550e-05
1.919821261253673583e-05
1.917976078402716666e-05
1.915003122121561319e-05
1.911854269565083086e-05
1.908840386022347957e-05
1.905329190776683390e-05
1.899984454212244600e-05
1.899098424473777413e-05
1.895713830890599638e-05
1.894578053907025605e-05
1.892119144031312317e-05
1.888985025289002806e-05
1.885762685560621321e-05
1.882760989246889949e-05
1.884288030851166695e-05
1.880777199403382838e-05
1.877323848020751029e-05
1.874385270639322698e-05
1.870527921710163355e-05
1.867053288151510060e-05
1.862514909589663148e-05
1.858749419625382870e-05
1.855674054240807891e-05
1.853445428423583508e-05
1.849781619966961443e-05
1.845338556449860334e-05
1.842398705775849521e-05
1.849672844400629401e-05
1.840844925027340651e-05
1.838507523643784225e-05
1.836573392210993916e-05
1.834738941397517920e-05
1.831782719818875194e-05
1.827948290156200528e-05
1.826956395234446973e-05
1.821353544073645025e-05
1.818663076846860349e-05
1.815515133785083890e-05
1.811529182305093855e-05
1.805764441087376326e-05
1.807083026506006718e-05
1.802804399630986154e-05
1.798656012397259474e-05
1.794012678146827966e-05
1.791765316738747060e-05
1.788686313375364989e-05
1.787011387932579964e-05
1.785163294698577374e-05
1.783784136932808906e-05
1.782106846803799272e-05
1.779078593244776130e-05
1.776875433279201388e-05
1.773199801391456276e-05
1.769880691426806152e-05
1.766282002790831029e-05
1.763628824846819043e-05
1.762620377121493220e-05
1.761477506079245359e-05
1.760594568622764200e-05
1.759731276251841336e-05
1.759185943228658289e-05
1.758299913490191102e-05
1.757388963596895337e-05
1.756177880452014506e-05
1.754215736582409590e-05
1.752716525516007096e-05
1.751487434376031160e-05
1.749076363921631128e-05
1.747000715113244951e-05
1.745318695611786097e-05
1.744199653330724686e-05
1.742411768645979464e-05
1.752174466673750430e-05
1.739933213684707880e-05
1.732864620862528682e-05
1.726572554616723210e-05
1.733923090796452016e-05
1.723576133372262120e-05
1.718521889415569603e-05
1.715059261186979711e-05
1.712668017717078328e-05
1.710445940261706710e-05
1.709623029455542564e-05
1.708902527752798051e-05
1.708765194052830338e-05
1.707983392407186329e-05
1.706624971120618284e-05
1.704389615042600781e-05
1.701625296846032143e-05
1.697784318821504712e-05
1.693709782557561994e-05
1.691123543423600495e-05
1.689420605544000864e-05
1.688181509962305427e-05
1.686446194071322680e-05
1.683622213022317737e-05
1.681639878370333463e-05
1.677938598731998354e-05
1.675530438660643995e-05
1.671360951149836183e-05
1.667042306507937610e-05
1.663826333242468536e-05
1.661409805819857866e-05
1.659948429733049124e-05
1.657312168390490115e-05
1.654154038988053799e-05
1.651012826187070459e-05
1.647373028390575200e-05
1.643838186282664537e-05
1.639840229472611099e-05
1.636596789467148483e-05
1.633872489037457854e-05
1.632806561246979982e-05
1.631143095437437296e-05
1.629871439945418388e-05
1.628430982236750424e-05
1.626647281227633357e-05
1.624542346689850092e-05
1.622912532184273005e-05
1.622337367734871805e-05
1.621220326342154294e-05
1.620546390768140554e-05
1.619383692741394043e-05
1.618550777493510395e-05
1.616876397747546434e-05
1.616091867617797107e-05
1.615280780242756009e-05
1.613731546967756003e-05
1.610997242096345872e-05
1.608992533874697983e-05
1.607555532245896757e-05
1.606764999451115727e-05
1.605987381481099874e-05
1.604540375410579145e-05
1.604434692126233131e-05
1.603239979885984212e-05
1.601976146048400551e-05
1.600969699211418629e-05
1.600578434590715915e-05
1.599935967533383518e-05
1.599500683369114995e-05
1.599029201315715909e-05
1.598288145032711327e-05
1.597429036337416619e-05
1.596518450242001563e-05
1.594957211636938155e-05
1.593901652086060494e-05
1.592323496879544109e-05
1.590102692716754973e-05
1.644166695768944919e-05
1.589294151926878840e-05
1.587512088008224964e-05
1.585866084496956319e-05
1.584209530847147107e-05
1.583021003170870245e-05
1.581231481395661831e-05
1.579188028699718416e-05
1.577682087372522801e-05
1.576383510837331414e-05
1.575446367496624589e-05
1.574220186739694327e-05
1.572254768689163029e-05
1.574149973748717457e-05
1.571271786815486848e-05
1.569704181747511029e-05
1.567990329931490123e-05
1.566885293868836015e-05
1.566076934977900237e-05
1.564449121360667050e-05
1.564485137350857258e-05
1.563241494295652956e-05
1.560749296913854778e-05
1.555324161017779261e-05
1.554465234221424907e-05
1.549846274429000914e-05
1.548622822156175971e-05
1.547742795082740486e-05
1.546693601994775236e-05
1.543792495795059949e-05
1.541576784802600741e-05
1.541956225992180407e-05
1.540753873996436596e-05
1.539646291348617524e-05
1.539102595415897667e-05
1.538528158562257886e-05
1.537647040095180273e-05
1.536700256110634655e-05
1.535366209282074124e-05
1.533911563456058502e-05
1.532678834337275475e-05
1.531442467239685357e-05
1.531770612928085029e-05
1.530571535113267601e-05
1.528759094071574509e-05
1.527401218481827527e-05
1.525845436844974756e-05
1.525184961792547256e-05
1.522894581285072491e-05
1.520132536825258285e-05
1.517299187980825081e-05
1.514089854026678950e-05
1.512356175226159394e-05
1.508838340669171885e-05
1.506382977822795510e-05
1.503083421994233504e-05
1.500869620940648019e-05
1.498111669206991792e-05
1.494320531492121518e-05
1.490364957135170698e-05
1.485216489527374506e-05
1.481178696849383414e-05
1.477504702052101493e-05
1.475671069783857092e-05
1.474159034842159599e-05
1.472600615670671687e-05
1.470689767302246764e-05
1.469712515245191753e-05
1.468430946260923520e-05
1.467311722080921754e-05
1.466186404286418110e-05
1.465258083044318482e-05
1.464605338696856052e-05
1.464215165469795465e-05
1.463497119402745739e-05
1.462965519749559462e-05
1.462280306441243738e-05
1.460887142457067966e-05
1.458660699427127838e-05
1.455361143598565832e-05
1.451425123377703130e-05
1.447258819098351523e-05
1.446504575142171234e-05
1.444487133994698524e-05
1.443456949346000329e-05
1.442273332941113040e-05
1.441536642232676968e-05
1.440219966752920300e-05
1.438933213648851961e-05
1.437821993022225797e-05
1.436956699762959033e-05
1.436025922885164618e-05
1.434852856618817896e-05
1.433143825124716386e-05
1.431712917110417038e-05
1.430585962225450203e-05
1.429677831765729934e-05
1.428605173714458942e-05
1.427225561201339588e-05
1.426356902811676264e-05
1.425448135705664754e-05
1.424977017450146377e-05
1.424170295649673790e-05
1.423207959305727854e-05
1.421494198439177126e-05
1.419374075339874253e-05
1.490979047957807779e-05
1.418681767972884700e-05
1.417224666511174291e-05
1.415899168932810426e-05
1.415196493326220661e-05
1.414378857589326799e-05
1.413511472492245957e-05
1.412633264408214018e-05
1.411435368936508894e-05
1.410256027156719938e-05
1.408098978572525084e-05
1.411251832905691117e-05
1.406866158504271880e-05
1.404880549671361223e-05
1.402910311298910528e-05
1.401774625264806673e-05
1.400195651513058692e-05
1.398192671331344172e-05
1.396415882481960580e-05
1.394768969475990161e-05
1.394152786815539002e-05
1.393574166286271065e-05
1.392597732774447650e-05
1.391298155795084313e-05
1.389682438457384706e-05
1.392939066136023030e-05
1.388898181176045910e-05
1.386890289722941816e-05
1.385529867548029870e-05
1.384593360853614286e-05
1.383849667035974562e-05
1.382474056299543008e-05
1.381973288516746834e-05
1.380279900331515819e-05
1.379254445055266842e-05
1.378600336465751752e-05
1.377946318825706840e-05
1.377338230668101460e-05
1.376387626805808395e-05
1.376027830701787025e-05
1.375701231154380366e-05
1.375325155095197260e-05
1.375317333440762013e-05
1.374969178868923336e-05
1.374504972773138434e-05
1.374020393996033818e-05
1.373647592117777094e-05
1.374654220853699371e-05
1.373404938931344077e-05
1.372819042444461957e-05
1.372047790937358513e-05
1.371200596622657031e-05
1.370273730572080240e-05
1.369529309158679098e-05
1.368492303299717605e-05
1.367684490105602890e-05
1.366488322673831135e-05
1.365268326480872929e-05
1.363458977721165866e-05
1.362269449600717053e-05
1.361011891276575625e-05
1.359176621917868033e-05
1.359502948616864160e-05
1.358275403617881238e-05
1.356539723929017782e-05
1.354928463115356863e-05
1.353550032945349813e-05
1.352219442196656018e-05
1.351163518847897649e-05
1.350284856016514823e-05
1.349589092569658533e-05
1.350109232589602470e-05
1.348969908576691523e-05
1.348059686279157177e-05
1.346526732959318906e-05
1.346868430118774995e-05
1.346071258012671024e-05
1.345601867797086015e-05
1.345043528999667615e-05
1.344750944554107264e-05
1.343885651294840500e-05
1.342864015896338969e-05
1.342102314083604142e-05
1.341517145192483440e-05
1.341177357971901074e-05
1.340642575087258592e-05
1.340286780759925023e-05
1.339601021754788235e-05
1.338619676971575245e-05
1.338021138508338481e-05
1.336845889454707503e-05
1.336363311565946788e-05
1.335785236733499914e-05
1.334922490059398115e-05
1.334083117399131879e-05
1.332404553977539763e-05
1.333778072876157239e-05
1.331490511802257970e-05
1.329717815679032356e-05
1.328116923104971647e-05
1.327854170085629448e-05
1.327010977547615767e-05
1.326565052295336500e-05
1.326083020103396848e-05
1.325612356595229357e-05
1.324766799370991066e-05
1.324112417933065444e-05
1.322811567661119625e-05
1.321665695286355913e-05
1.320147021033335477e-05
1.317610986006911844e-05
1.315121244260808453e-05
1.313339271291624755e-05
1.313396023761015385e-05
1.312521908403141424e-05
1.311803498538210988e-05
1.311396135861286893e-05
1.310765583184547722e-05
1.310364768869476393e-05
1.309972867602482438e-05
1.310226252826396376e-05
1.309748586209025234e-05
1.309448634856380522e-05
1.309096478507854044e-05
1.308779883402166888e-05
1.308109131059609354e-05
1.307138154515996575e-05
1.308505670749582350e-05
1.306817466684151441e-05
1.306155900238081813e-05
1.305485693592345342e-05
1.304762554354965687e-05
1.303902172367088497e-05
1.303061617363709956e-05
1.302084456256125122e-05
1.301462179981172085e-05
1.300117037317249924e-05
1.298989900533342734e-05
1.297732978855492547e-05
1.295778474741382524e-05
1.294586036237888038e-05
1.293391505896579474e-05
1.292106753680855036e-05
1.291141052206512541e-05
1.289125611947383732e-05
1.287548730033449829e-05
1.286978840653318912e-05
1.286028418689966202e-05
1.284916925214929506e-05
1.283848814637167379e-05
1.281682125409133732e-05
1.279619027627632022e-05
1.295573747484013438e-05
1.279265961784403771e-05
1.277742285310523584e-05
1.277077353734057397e-05
1.276506645808694884e-05
1.276011698791990057e-05
1.275689646718092263e-05
1.274659098271513358e-05
1.274059923161985353e-05
1.272851022804388776e-05
1.272039571631466970e-05
1.270371467398945242e-05
1.269061613129451871e-05
1.267570587515365332e-05
1.265675473405281082e-05
1.264440652448683977e-05
1.261788747797254473e-05
1.263983176613692194e-05
1.260842054762179032e-05
1.258621523447800428e-05
1.257090480066835880e-05
1.255834013136336580e-05
1.254384915228001773e-05
1.252331912837689742e-05
1.255475035577546805e-05
1.251043977390509099e-05
1.248955322807887569e-05
1.247872478415956721e-05
1.247433101525530219e-05
1.246401825483189896e-05
1.245435487362556159e-05
1.244074064743472263e-05
1.243187307409243658e-05
1.241952122654765844e-05
1.241300287802005187e-05
1.240213168784976006e-05
1.239474204339785501e-05
1.237497963302303106e-05
1.242570579051971436e-05
1.236643311131047085e-05
1.234785759152146056e-05
1.232651084137614816e-05
1.231783608091063797e-05
1.231015176017535850e-05
1.230116504302714020e-05
1.229234294441994280e-05
1.227952725457726046e-05
1.226906260853866115e-05
1.228691417054506019e-05
1.226438325829803944e-05
1.225180494657251984e-05
1.228179735335288569e-05
1.224600146088050678e-05
1.223670005856547505e-05
1.222791979671455920e-05
1.222071114170830697e-05
1.221667662321124226e-05
1.220681497215991840e-05
1.219953810505103320e-05
1.219075511471601203e-05
1.218655324919382110e-05
1.217969384015304968e-05
1.216845612361794338e-05
1.215482734551187605e-05
1.214949497807538137e-05
1.213729956361930817e-05
1.213233917951583862e-05
1.212607003253651783e-05
1.211730523209553212e-05
1.211713060911279172e-05
1.211092330777319148e-05
1.210166647069854662e-05
1.209564106829930097e-05
1.209002584801055491e-05
1.208380490425042808e-05
1.207496188726508990e-05
1.207636614708462730e-05
1.207058812724426389e-05
1.206320212077116594e-05
1.205778607982210815e-05
1.205493936140555888e-05
1.204996806336566806e-05
1.204351701744599268e-05
1.204732143378350884e-05
1.204075033456319943e-05
1.203728697873884812e-05
1.203080319100990891e-05
1.202348903461825103e-05
1.201150553242769092e-05
1.199915823235642165e-05
1.198959489556727931e-05
1.198140489577781409e-05
1.197684377984842286e-05
1.197345409309491515e-05
1.196140146930702031e-05
1.195755248772911727e-05
1.194956530525814742e-05
1.193838943436276168e-05
1.193140815303195268e-05
1.191947285406058654e-05
1.192207946587586775e-05
1.191267438116483390e-05
1.190229977510171011e-05
1.189183603855781257e-05
1.187834641314111650e-05
1.185816745419288054e-05
1.184253051178529859e-05
1.183291988127166405e-05
1.182902815344277769e-05
1.182405321742407978e-05
1.181719198939390481e-05
1.180379877041559666e-05
1.180490107799414545e-05
1.179675928142387420e-05
1.178887396235950291e-05
1.178247475763782859e-05
1.178648199129384011e-05
1.177997000922914594e-05
1.177189369627740234e-05
1.176216392195783556e-05
1.175284887722227722e-05
1.173738201032392681e-05
1.171669919131090865e-05
1.170799077954143286e-05
1.168145354313310236e-05
1.166796027973759919e-05
1.165880530606955290e-05
1.165120738733094186e-05
1.164312288892688230e-05
1.163615252153249457e-05
1.163056640507420525e-05
1.161729505838593468e-05
1.159980456577613950e-05
1.159262319561094046e-05
1.157532824436202645e-05
1.156697908299975097e-05
1.156133112090174109e-05
1.155464451585430652e-05
1.155900463345460594e-05
1.155197605839930475e-05
1.154776600742479786e-05
1.154331766883842647e-05
1.153539960796479136e-05
1.152499316958710551e-05
1.150753632828127593e-05
1.150345087808091193e-05
1.146847716881893575e-05
1.144996713264845312e-05
1.142868313763756305e-05
1.141054417530540377e-05
1.140322547144023702e-05
1.139177948061842471e-05
1.138566221925430000e-05
1.136915489041712135e-05
1.136952869273955002e-05
1.135962884291075170e-05
1.134288231696700677e-05
1.141637858381727710e-05
1.133674686570884660e-05
1.132132729253498837e-05
1.129953398049110547e-05
1.125670860346872360e-05
1.120506112783914432e-05
1.116525982070015743e-05
1.118394720833748579e-05
1.114723909267922863e-05
1.112282552639953792e-05
1.110019002226181328e-05
1.108701871999073774e-05
1.108657033910276368e-05
1.107975276681827381e-05
1.107093885366339236e-05
1.106307263398775831e-05
1.105545925383921713e-05
1.104487273551058024e-05
1.102554506360320374e-05
1.101531051972415298e-05
1.100518875318812206e-05
1.099763721867930144e-05
1.097897438739892095e-05
1.095966035791207105e-05
1.097799304261570796e-05
1.094966683012899011e-05
1.093841910915216431e-05
1.092953789338935167e-05
1.091490230464842170e-05
1.089166471501812339e-05
1.085736676031956449e-05
1.159796102001564577e-05
1.084804262063698843e-05
1.081220034393481910e-05
1.074854299076832831e-05
1.070641883416101336e-05
1.080964193533873186e-05
1.069886093318928033e-05
1.068730671249795705e-05
1.068163874151650816e-05
1.067453831637976691e-05
1.066059212462278083e-05
1.064923435478704050e-05
1.064876869349973276e-05
1.063970648829126731e-05
1.062733463186305016e-05
1.061519469658378512e-05
1.060268641595030203e-05
1.058712769008707255e-05
1.057219469657866284e-05
1.055259053828194737e-05
1.054023232427425683e-05
1.052211700880434364e-05
1.051123763318173587e-05
1.048306330631021410e-05
1.085834628611337394e-05
1.048033300321549177e-05
1.046282795869046822e-05
1.045686258294153959e-05
1.044602140609640628e-05
1.043917745846556500e-05
1.043353950080927461e-05
1.042526309902314097e-05
1.041636642185039818e-05
1.040974530042149127e-05
1.039685957948677242e-05
1.040565712173702195e-05
1.038663140207063407e-05
1.037167112372117117e-05
1.035964214679552242e-05
1.035046807373873889e-05
1.033657281368505210e-05
1.033144508255645633e-05
1.032067393680335954e-05
1.031568262988002971e-05
1.030900239129550755e-05
1.030590101436246186e-05
1.029854502121452242e-05
1.029447321343468502e-05
1.028589940688107163e-05
1.027727012115065008e-05
1.026025256578577682e-05
1.027949110721237957e-05
1.025368328555487096e-05
1.024389894155319780e-05
1.023210097628179938e-05
1.021582374960416928e-05
1.020931540551828220e-05
1.018468719848897308e-05
1.017008071357849985e-05
1.015783800539793447e-05
1.014828649203991517e-05
1.014004374155774713e-05
1.012188840832095593e-05
1.010704818327212706e-05
1.009447896649362519e-05
1.008541221381165087e-05
1.008395884127821773e-05
1.007734317681752145e-05
1.007035189104499295e-05
1.006090587907237932e-05
1.005975536827463657e-05
1.004772821033839136e-05
1.003966644930187613e-05
1.003050238068681210e-05
1.002146382234059274e-05
1.003668694465886801e-05
1.001811506284866482e-05
1.001205237116664648e-05
1.000742759060813114e-05
1.000067823042627424e-05
9.990461876441258937e-06
1.001524105959106237e-05
9.984283678932115436e-06
9.968985068553593010e-06
9.959041562979109585e-06
9.949961167876608670e-06
9.944231351255439222e-06
9.937827599060256034e-06
9.932457032846286893e-06
9.928599865816067904e-06
9.920911907101981342e-06
9.917182978824712336e-06
9.909519576467573643e-06
9.905133993015624583e-06
9.900727491185534745e-06
9.893174137687310576e-06
9.882980521069839597e-06
9.894922186504118145e-06
9.877897355181630701e-06
9.868454981187824160e-06
9.859506462817080319e-06
9.848025911196600646e-06
9.829805094341281801e-06
9.823965228861197829e-06
9.810138180910144001e-06
9.806131856748834252e-06
9.803552529774606228e-06
9.798969585972372442e-06
9.788530405785422772e-06
9.780342224985361099e-06
9.765345566847827286e-06
9.752760888659395278e-06
9.744342605699785054e-06
9.730567398946732283e-06
9.725512427394278347e-06
9.715651685837656260e-06
9.703810974315274507e-06
9.688159479992464185e-06
9.664601748227141798e-06
9.647886145103257149e-06
9.627882718632463366e-06
9.610395864001475275e-06
9.623628102417569607e-06
9.602108548278920352e-06
9.592267815605737269e-06
9.585383850208017975e-06
9.579852303431835026e-06
9.570567272021435201e-06
9.558696547173894942e-06
9.545114153297618032e-06
9.536602192383725196e-06
9.527816473564598709e-06
9.520013918518088758e-06
9.512134056421928108e-06
9.502153261564671993e-06
9.484921065450180322e-06
9.474355465499684215e-06
9.473480531596578658e-06
9.464220056543126702e-06
9.462484740652143955e-06
9.457236046728212386e-06
9.448381206311751157e-06
9.458130080020055175e-06
9.442923328606411815e-06
9.429103556612972170e-06
9.421576578461099416e-06
9.412980944034643471e-06
9.410774509888142347e-06
9.402994692209176719e-06
9.398537258675787598e-06
9.388815669808536768e-06
9.379901712236460298e-06
9.400835551787167788e-06
9.376208254252560437e-06
9.370217412651982158e-06
9.366750418848823756e-06
9.363872777612414211e-06
9.359117939311545342e-06
9.351985681860242039e-06
9.343194506072904915e-06
9.335690265288576484e-06
9.327761290478520095e-06
9.311534086009487510e-06
9.302140824729576707e-06
9.293526090914383531e-06
9.285053238272666931e-06
9.329190106655005366e-06
9.279598089051432908e-06
9.270272130379453301e-06
9.263088031730148941e-06
9.256560588255524635e-06
9.245832188753411174e-06
9.236925507138948888e-06
9.232799129677005112e-06
9.228126145899295807e-06
9.222587323165498674e-06
9.213375960825942457e-06
9.202083674608729780e-06
9.193980986310634762e-06
9.189396223518997431e-06
9.184111149806994945e-06
9.179449079965706915e-06
9.175700142804998904e-06
9.173894795821979642e-06
9.171216333925258368e-06
9.167502867057919502e-06
9.162084097624756396e-06
9.167326425085775554e-06
9.157624845101963729e-06
9.150349796982482076e-06
9.144262548943515867e-06
9.136454536928795278e-06
9.131215847446583211e-06
9.124153621087316424e-06
9.119438800553325564e-06
9.115385182667523623e-06
9.110722203331533819e-06
9.106461220653727651e-06
9.097846486838534474e-06
9.089008017326705158e-06
9.088273145607672632e-06
9.083207260118797421e-06
9.071904969459865242e-06
9.062597200681921095e-06
9.051522283698432148e-06
9.041567864187527448e-06
9.031412446347530931e-06
9.022742233355529606e-06
9.018080163514241576e-06
9.010565918288193643e-06
9.007439984998200089e-06
9.003037121146917343e-06
8.997977602120954543e-06
8.985465683508664370e-06
8.971852366812527180e-06
8.943602551880758256e-06
8.925540896598249674e-06
8.911682016332633793e-06
8.902390618459321558e-06
8.894091479305643588e-06
8.887294825399294496e-06
8.875384992279578000e-06
9.062485332833603024e-06
8.871167665347456932e-06
8.865476047503761947e-06
8.862416507326997817e-06
8.859969966579228640e-06
8.852577593643218279e-06
8.846585842547938228e-06
8.840109330776613206e-06
8.832274943415541202e-06
8.828547834127675742e-06
8.823027201287914068e-06
8.819225513434503227e-06
8.816738954919856042e-06
8.813827662379480898e-06
8.810964573058299720e-06
8.808144229988101870e-06
8.802371667115949094e-06
8.796880138106644154e-06
8.791945219854824245e-06
8.786812031758017838e-06
8.778588380664587021e-06
8.768383850110694766e-06
8.759263437241315842e-06
8.749089829507283866e-06
8.743597391003277153e-06
8.730243280297145247e-06
8.724739018362015486e-06
8.717585842532571405e-06
8.713024726603180170e-06
8.708628229214809835e-06
8.704620086064096540e-06
8.699671525391750038e-06
8.693905328982509673e-06
8.687798981554806232e-06
8.681557119416538626e-06
8.675259778101462871e-06
8.672739568282850087e-06
8.666351277497597039e-06
8.658680599182844162e-06
8.657969374326057732e-06
8.652829819766338915e-06
8.650968084111809731e-06
8.646593414596281946e-06
8.641548447485547513e-06
8.633587640360929072e-06
8.623404937679879367e-06
8.618062565801665187e-06
8.611905286670662463e-06
8.608280040789395571e-06
8.606646588305011392e-06
8.605338734923861921e-06
8.601690751675050706e-06
8.597316082159522921e-06
8.589363460487220436e-06
8.585035175201483071e-06
8.580742360209114850e-06
8.576780601288191974e-06
8.576223990530706942e-06
8.569972123950719833e-06
8.567025361116975546e-06
8.565420102968346328e-06
8.562686161894816905e-06
8.559249181416817009e-06
8.557120963814668357e-06
8.555660315323621035e-06
8.551981409254949540e-06
8.550794518669135869e-06
8.543736839783377945e-06
8.535496817785315216e-06
8.527242243872024119e-06
8.518660251866094768e-06
8.510478437528945506e-06
8.505514415446668863e-06
8.499171599396504462e-06
8.495710972056258470e-06
8.492098459100816399e-06
8.488941602990962565e-06
8.487812010571360588e-06
8.482301382173318416e-06
8.478743438899982721e-06
8.475601134705357254e-06
8.473425623378716409e-06
8.469673048239201307e-06
8.460750905214808881e-06
8.475535651086829603e-06
8.457051080767996609e-06
8.456593604933004826e-06
8.452423571725375950e-06
8.446512765658553690e-06
8.443066690233536065e-06
8.440725650871172547e-06
8.437375072389841080e-06
8.434479241259396076e-06
8.429253284703008831e-06
8.424201041634660214e-06
8.420189260505139828e-06
8.412786883127409965e-06
8.405633707297965884e-06
8.421378879575058818e-06
8.396570592594798654e-06
8.383512977161444724e-06
8.357046681339852512e-06
8.372131560463458300e-06
8.349123163498006761e-06
8.344430170836858451e-06
8.337495273735839874e-06
8.330467608175240457e-06
8.319695552927441895e-06
8.309812983497977257e-06
8.310098564834333956e-06
8.306546988023910671e-06
8.302780770463868976e-06
8.300587069243192673e-06
8.297322892758529633e-06
8.294131475850008428e-06
8.290224286611191928e-06
8.285421245091129094e-06
8.281123882625252008e-06
8.276394510176032782e-06
8.271692422567866743e-06
8.266994882433209568e-06
8.265265933005139232e-06
8.263944437203463167e-06
8.263400559371802956e-06
8.262017217930406332e-06
8.261208677140530199e-06
8.259941751020960510e-06
8.260411050287075341e-06
8.258968591690063477e-06
8.256523869931697845e-06
8.256051842181477696e-06
8.254820386355277151e-06
8.253720807260833681e-06
8.252439329226035625e-06
8.251469807873945683e-06
8.251027793448884040e-06
8.250050086644478142e-06
8.250137398135848343e-06
8.249402526416815817e-06
8.247558980656322092e-06
8.245242497650906444e-06
8.242926924140192568e-06
8.240512215706985444e-06
8.238063855969812721e-06
8.233447260863613337e-06
8.229310878959950060e-06
8.224976227211300284e-06
8.220538802561350167e-06
8.217341019189916551e-06
8.213242836063727736e-06
8.211643944378010929e-06
8.208176950574852526e-06
8.204498044506181031e-06
8.200959200621582568e-06
8.194738256861455739e-06
8.187202183762565255e-06
8.182422789104748517e-06
8.179561518772970885e-06
8.175096809281967580e-06
8.173334208549931645e-06
8.168100976035930216e-06
8.164543032762594521e-06
8.157689990184735507e-06
8.152059308486059308e-06
8.515991794411092997e-06
8.150584108079783618e-06
8.141575563058722764e-06
8.133915798680391163e-06
8.126803550112526864e-06
8.123000952764414251e-06
8.113413059618324041e-06
8.105859706120099872e-06
8.113382136798463762e-06
8.101916137093212456e-06
8.095670636976137757e-06
8.091793461062479764e-06
8.087753485597204417e-06
8.084829460131004453e-06
8.080386578512843698e-06
8.080687621259130538e-06
8.077628081082366407e-06
8.073505341599229723e-06
8.065089787123724818e-06
8.059285391937009990e-06
8.053640158323105425e-06
8.048114068515133113e-06
8.040399734454695135e-06
8.033563972276169807e-06
8.030212484300136566e-06
8.028175216168165207e-06
8.026641808100976050e-06
8.024625458347145468e-06
8.021650501177646220e-06
8.016662832233123481e-06
8.015732419153209776e-06
8.011462341528385878e-06
8.009826160559896380e-06
8.006771167856641114e-06
8.002457434486132115e-06
7.992452083271928132e-06
7.986614946275949478e-06
7.967933015606831759e-06
7.955010005389340222e-06
7.943976015667431056e-06
7.951226507429964840e-06
7.940030627651140094e-06
7.932807420729659498e-06
7.925981662992853671e-06
7.920881216705311090e-06
7.917651601019315422e-06
7.915430614957585931e-06
7.911311513453256339e-06
7.909153282525949180e-06
7.906861355877481401e-06
7.905320671852678061e-06
7.902843208285048604e-06
7.900825039541814476e-06
7.898648618720471859e-06
7.895538146840408444e-06
7.897784598753787577e-06
7.894672307884320617e-06
7.891731911513488740e-06
7.889027983765117824e-06
7.884311344241723418e-06
7.880471457610838115e-06
7.874956281739287078e-06
7.870625267969444394e-06
7.862834536354057491e-06
7.856163392716553062e-06
7.851059308450203389e-06
7.849088433431461453e-06
7.845643267501145601e-06
7.841092156013473868e-06
7.836376425984781235e-06
7.832795745343901217e-06
7.830210961401462555e-06
7.827489753253757954e-06
7.824086424079723656e-06
7.822063707862980664e-06
7.820597602403722703e-06
7.819468919478822500e-06
7.818289304850623012e-06
7.817500772944185883e-06
7.815683602530043572e-06
7.814724085619673133e-06
7.812557669240050018e-06
7.809981070749927312e-06
7.806348548911046237e-06
7.804565939295571297e-06
7.803947482898365706e-06
7.802900654496625066e-06
7.800656021572649479e-06
7.797508260409813374e-06
7.795000783517025411e-06
7.791506504872813821e-06
7.789376468281261623e-06
7.785779416735749692e-06
7.784705303492955863e-06
7.783100954839028418e-06
7.781831300235353410e-06
7.780678970448207110e-06
7.776575330353807658e-06
7.774524419801309705e-06
7.771734999550972134e-06
