3.046637296676635742e+00
1.360599517822265625e+00
9.448235034942626953e-01
7.236921787261962891e-01
6.967710256576538086e-01
6.932243108749389648e-01
6.930306553840637207e-01
6.927695870399475098e-01
6.925951838493347168e-01
6.918725371360778809e-01
6.910304427146911621e-01
6.932886242866516113e-01
6.907717585563659668e-01
6.901150345802307129e-01
6.898548603057861328e-01
6.895753741264343262e-01
6.890043616294860840e-01
6.883225440979003906e-01
6.880336999893188477e-01
6.872875690460205078e-01
6.871449351310729980e-01
6.868713498115539551e-01
6.865931749343872070e-01
6.862487792968750000e-01
6.859464049339294434e-01
6.856251955032348633e-01
6.853324174880981445e-01
6.844685077667236328e-01
6.840208172798156738e-01
6.838314533233642578e-01
6.837185621261596680e-01
6.833467483520507812e-01
6.829013824462890625e-01
6.823877692222595215e-01
7.476425170898437500e-01
6.813775300979614258e-01
6.803387403488159180e-01
6.766080856323242188e-01
6.761896014213562012e-01
6.691273450851440430e-01
6.623045206069946289e-01
1.125905275344848633e+00
6.568096280097961426e-01
6.866928935050964355e-01
6.335610151290893555e-01
7.494782805442810059e-01
6.172309517860412598e-01
6.557682752609252930e-01
5.876539349555969238e-01
7.498319745063781738e-01
5.804066061973571777e-01
5.477163195610046387e-01
1.288107395172119141e+00
4.922571778297424316e-01
7.895781397819519043e-01
4.635049104690551758e-01
9.659721851348876953e-01
4.309322834014892578e-01
3.012145519256591797e+00
4.147710502147674561e-01
4.685297310352325439e-01
3.845269381999969482e-01
3.491922616958618164e-01
3.544211983680725098e-01
3.314839005470275879e-01
3.001003265380859375e-01
2.836200296878814697e-01
2.669596374034881592e-01
2.552987039089202881e-01
2.444275915622711182e-01
2.359997630119323730e-01
2.218950986862182617e-01
2.035933583974838257e-01
1.879100501537322998e-01
1.704340428113937378e-01
1.585924327373504639e-01
1.569652706384658813e-01
1.502952724695205688e-01
1.432835459709167480e-01
1.335871666669845581e-01
1.245964169502258301e-01
1.226880550384521484e-01
1.200599521398544312e-01
1.178188174962997437e-01
1.162062138319015503e-01
1.141894161701202393e-01
1.080750301480293274e-01
1.018152162432670593e-01
1.021371632814407349e-01
9.768523275852203369e-02
9.625817835330963135e-02
9.538589417934417725e-02
9.227338433265686035e-02
8.946833759546279907e-02
8.718289434909820557e-02
8.485613763332366943e-02
8.023777604103088379e-02
7.718362659215927124e-02
7.374503463506698608e-02
7.369416952133178711e-02
7.131841778755187988e-02
6.776662915945053101e-02
6.682975590229034424e-02
6.632180511951446533e-02
6.532528996467590332e-02
6.381358951330184937e-02
6.168103218078613281e-02
5.904490873217582703e-02
5.757898837327957153e-02
5.717004835605621338e-02
5.665714293718338013e-02
5.576502159237861633e-02
5.433273687958717346e-02
5.265429615974426270e-02
5.122493207454681396e-02
5.003382265567779541e-02
4.855572804808616638e-02
4.708208888769149780e-02
4.579455405473709106e-02
4.480019584298133850e-02
4.423967748880386353e-02
4.313904047012329102e-02
4.197064042091369629e-02
4.137480258941650391e-02
4.027485102415084839e-02
4.003456234931945801e-02
3.962955996394157410e-02
3.893505036830902100e-02
3.788633644580841064e-02
3.688852488994598389e-02
3.561503812670707703e-02
3.398523479700088501e-02
3.239488601684570312e-02
3.171016648411750793e-02
3.136527538299560547e-02
3.104507736861705780e-02
3.039360977709293365e-02
2.891205996274948120e-02
2.738723717629909515e-02
2.606165595352649689e-02
2.617343887686729431e-02
2.538039162755012512e-02
2.513914927840232849e-02
2.495428174734115601e-02
2.458734065294265747e-02
2.369562536478042603e-02
2.234448119997978210e-02
2.187741920351982117e-02
2.113429456949234009e-02
2.095513045787811279e-02
2.077148668467998505e-02
2.034857496619224548e-02
1.985745131969451904e-02
1.946049556136131287e-02
1.926747709512710571e-02
1.917222514748573303e-02
1.907053403556346893e-02
1.887978427112102509e-02
1.864029467105865479e-02
1.851372420787811279e-02
1.816530153155326843e-02
1.791055127978324890e-02
1.752136461436748505e-02
1.761756092309951782e-02
1.729606837034225464e-02
1.698643341660499573e-02
1.658006571233272552e-02
1.622378267347812653e-02
1.581463590264320374e-02
1.544453576207160950e-02
1.494463905692100525e-02
1.429931446909904480e-02
1.370737981051206589e-02
1.311939395964145660e-02
1.284519955515861511e-02
1.264024712145328522e-02
1.257285848259925842e-02
1.244411803781986237e-02
1.205891370773315430e-02
1.210797019302845001e-02
1.190660148859024048e-02
1.169735379517078400e-02
1.158693805336952209e-02
1.151433028280735016e-02
1.133794244378805161e-02
1.108085364103317261e-02
1.088538672775030136e-02
1.072614267468452454e-02
1.046979613602161407e-02
1.019830070436000824e-02
9.927039034664630890e-03
9.814669378101825714e-03
9.681347757577896118e-03
9.567447006702423096e-03
9.453522972762584686e-03
9.287545457482337952e-03
9.125450626015663147e-03
8.976610377430915833e-03
8.803937584161758423e-03
8.608989417552947998e-03
8.511301130056381226e-03
8.403977379202842712e-03
8.329894393682479858e-03
8.190726861357688904e-03
8.016351610422134399e-03
7.629922591149806976e-03
7.210232317447662354e-03
7.021944969892501831e-03
6.742054130882024765e-03
6.691941525787115097e-03
6.658662110567092896e-03
6.633249111473560333e-03
6.560157053172588348e-03
6.473537534475326538e-03
6.392280571162700653e-03
6.299867760390043259e-03
6.191723048686981201e-03
6.065350957214832306e-03
5.912372376769781113e-03
5.786406341940164566e-03
5.683592520654201508e-03
5.588818807154893875e-03
5.444111302495002747e-03
5.366480909287929535e-03
5.232087802141904831e-03
5.150449462234973907e-03
5.130202509462833405e-03
5.112509243190288544e-03
5.083008669316768646e-03
5.023652687668800354e-03
4.899181425571441650e-03
4.930097144097089767e-03
4.831033758819103241e-03
4.740668460726737976e-03
4.661940969526767731e-03
4.611025564372539520e-03
4.591040313243865967e-03
4.562980961054563522e-03
4.496284760534763336e-03
4.421489313244819641e-03
4.324551671743392944e-03
4.195971880108118057e-03
4.080618266016244888e-03
3.984740469604730606e-03
3.912272863090038300e-03
3.860739991068840027e-03
3.792382311075925827e-03
3.757277969270944595e-03
3.719864180311560631e-03
3.685540053993463516e-03
3.645769320428371429e-03
3.592441789805889130e-03
3.537634853273630142e-03
3.479388076812028885e-03
3.427776973694562912e-03
3.435984253883361816e-03
3.393307561054825783e-03
3.352059051394462585e-03
3.285592887550592422e-03
3.243217710405588150e-03
3.197724465280771255e-03
3.188218921422958374e-03
3.149293828755617142e-03
3.120610024780035019e-03
3.044337034225463867e-03
2.944618929177522659e-03
2.844017930328845978e-03
2.774670021608471870e-03
2.740419702604413033e-03
2.723095938563346863e-03
2.704535145312547684e-03
2.682878170162439346e-03
2.660227008163928986e-03
2.635191194713115692e-03
2.596712671220302582e-03
2.546307165175676346e-03
2.471868414431810379e-03
2.377247670665383339e-03
2.562403911724686623e-03
2.344358712434768677e-03
2.298699924722313881e-03
2.243979368358850479e-03
2.207369077950716019e-03
2.170655410736799240e-03
2.140156924724578857e-03
2.105594379827380180e-03
2.067935885861515999e-03
2.048317342996597290e-03
1.986937830224633217e-03
1.959430752322077751e-03
1.903930911794304848e-03
1.833201851695775986e-03
1.788117690011858940e-03
1.755514764226973057e-03
1.734789344482123852e-03
1.698558102361857891e-03
1.656039035879075527e-03
1.627880614250898361e-03
1.604918157681822777e-03
1.590036088600754738e-03
1.582113443873822689e-03
1.569817424751818180e-03
1.559081836603581905e-03
1.541253877803683281e-03
1.523836515843868256e-03
1.508165965788066387e-03
1.480757724493741989e-03
1.438940293155610561e-03
1.401054207235574722e-03
1.361480448395013809e-03
1.363325165584683418e-03
1.332928077317774296e-03
1.293100649490952492e-03
1.249955501407384872e-03
1.220543868839740753e-03
1.202906016260385513e-03
1.186219742521643639e-03
1.175154233351349831e-03
1.158904866315424442e-03
1.152055920101702213e-03
1.130136777646839619e-03
1.120302709750831127e-03
1.106168143451213837e-03
1.090811914764344692e-03
1.056331442669034004e-03
1.021094038151204586e-03
9.707324206829071045e-04
9.282928658649325371e-04
8.969483897089958191e-04
8.855707128532230854e-04
8.709545363672077656e-04
8.612655801698565483e-04
8.551828796043992043e-04
8.427262073382735252e-04
8.310779230669140816e-04
8.220530580729246140e-04
8.160799625329673290e-04
8.086491725407540798e-04
8.003429975360631943e-04
7.760196458548307419e-04
7.528376881964504719e-04
7.271619979292154312e-04
6.954263662919402122e-04
6.467096973210573196e-04
6.085398490540683270e-04
5.876441719010472298e-04
5.745954695157706738e-04
5.674225976690649986e-04
5.610389052890241146e-04
5.541357677429914474e-04
5.480866529978811741e-04
5.394240724854171276e-04
5.331767024472355843e-04
5.252553382888436317e-04
5.176270497031509876e-04
5.092360079288482666e-04
5.039183888584375381e-04
5.010866443626582623e-04
4.984452971257269382e-04
4.943499225191771984e-04
4.862358618993312120e-04
4.810131504200398922e-04
4.746590275317430496e-04
4.702802107203751802e-04
4.665278829634189606e-04
4.626754962373524904e-04
4.578072985168546438e-04
4.533476021606475115e-04
4.485620593186467886e-04
4.436632443685084581e-04
4.385716456454247236e-04
4.338581929914653301e-04
4.295165708754211664e-04
4.269866039976477623e-04
4.237460670992732048e-04
4.176681395620107651e-04
4.134745104238390923e-04
4.082832601852715015e-04
4.025251837447285652e-04
3.985984367318451405e-04
3.994616272393614054e-04
3.970574180129915476e-04
3.951819962821900845e-04
3.925408527720719576e-04
3.900493611581623554e-04
3.863572492264211178e-04
3.843458252958953381e-04
3.791704657487571239e-04
3.747384762391448021e-04
3.710282326210290194e-04
3.669908037409186363e-04
3.604685189202427864e-04
3.548762178979814053e-04
3.486444475129246712e-04
3.419199492782354355e-04
3.361150156706571579e-04
3.329314058646559715e-04
3.312253684271126986e-04
3.301169199403375387e-04
3.291870816610753536e-04
3.267624124418944120e-04
3.230172151234000921e-04
3.503434127196669579e-04
3.210598952136933804e-04
3.154445439577102661e-04
3.113870625384151936e-04
3.078270528931170702e-04
3.033795801457017660e-04
2.978001721203327179e-04
2.940685371868312359e-04
2.917148522101342678e-04
2.903504064306616783e-04
2.885840949602425098e-04
2.861940301954746246e-04
2.842277463059872389e-04
2.824362309183925390e-04
2.808306016959249973e-04
2.780063659884035587e-04
2.750126295723021030e-04
2.709024411160498857e-04
2.679062017705291510e-04
2.653028059285134077e-04
2.629526716191321611e-04
2.600057050585746765e-04
2.527092583477497101e-04
2.499378169886767864e-04
2.459246024955064058e-04
2.436986542306840420e-04
2.422659745207056403e-04
2.414539630990475416e-04
2.416293864371255040e-04
2.409278968116268516e-04
2.401168749202042818e-04
2.393858158029615879e-04
2.385930274613201618e-04
2.368077111896127462e-04
2.366592234466224909e-04
2.357382472837343812e-04
2.338500635232776403e-04
2.323054213775321841e-04
2.313474105903878808e-04
2.299933257745578885e-04
2.286090457346290350e-04
2.268646640004590154e-04
2.247853408334776759e-04
2.229788078693673015e-04
2.204602351412177086e-04
2.186077763326466084e-04
2.165774203604087234e-04
2.145481412298977375e-04
2.125365426763892174e-04
2.211848768638446927e-04
2.110075147356837988e-04
2.075110242003574967e-04
2.053347707260400057e-04
2.027102746069431305e-04
2.010649041039869189e-04
1.995202037505805492e-04
1.977111242013052106e-04
1.958231005119159818e-04
1.941377267939969897e-04
1.932680606842041016e-04
1.926498225657269359e-04
1.922158553497865796e-04
1.916459004860371351e-04
1.911113795358687639e-04
2.023565029958263040e-04
1.909451093524694443e-04
1.906846737256273627e-04
1.901602372527122498e-04
1.890177954919636250e-04
1.882536453194916248e-04
1.871160930022597313e-04
1.863029028754681349e-04
1.857117022154852748e-04
1.851249107858166099e-04
1.857109746197238564e-04
1.847658131737262011e-04
1.842052151914685965e-04
1.836685551097616553e-04
1.830717374105006456e-04
1.818582823034375906e-04
1.802464248612523079e-04
1.786335487850010395e-04
1.771201496012508869e-04
1.765772904036566615e-04
1.758386497385799885e-04
1.735400437610223889e-04
1.719573774607852101e-04
1.690678473096340895e-04
1.673951774137094617e-04
1.662334543652832508e-04
1.653679209994152188e-04
1.648158940952271223e-04
1.641535491216927767e-04
1.630208134884014726e-04
1.621495757717639208e-04
1.615541259525343776e-04
1.611572806723415852e-04
1.601881667738780379e-04
1.594677596585825086e-04
1.592539192643016577e-04
1.585129793966189027e-04
1.581924298079684377e-04
1.577396906213834882e-04
1.571463799336925149e-04
1.562390971230342984e-04
1.554840564494952559e-04
1.546612475067377090e-04
1.540005032438784838e-04
1.532655442133545876e-04
1.526439591543748975e-04
1.517340861028060317e-04
1.510269939899444580e-04
1.504940591985359788e-04
1.500179350841790438e-04
1.494905591243878007e-04
1.488999405410140753e-04
1.484226959291845560e-04
1.479161292081698775e-04
1.475203607697039843e-04
1.470802380936220288e-04
1.466753310523927212e-04
1.463290100218728185e-04
1.457894250052049756e-04
1.464401429984718561e-04
1.454536395613104105e-04
1.446973910788074136e-04
1.438551989849656820e-04
1.427104580216109753e-04
1.417484454577788711e-04
1.427259121555835009e-04
1.413432619301602244e-04
1.402945490553975105e-04
1.397190644638612866e-04
1.390133547829464078e-04
1.382003538310527802e-04
1.369258970953524113e-04
1.362980547128245234e-04
1.356882276013493538e-04
1.344640331808477640e-04
1.334669359494000673e-04
1.320288429269567132e-04
1.336877903668209910e-04
1.315937843173742294e-04
1.305289188167080283e-04
1.293740206165239215e-04
1.283966703340411186e-04
1.288179628318175673e-04
1.279646530747413635e-04
1.273014786420390010e-04
1.263400627067312598e-04
1.256423274753615260e-04
1.248191401828080416e-04
1.241514983121305704e-04
1.236893294844776392e-04
1.231128990184515715e-04
1.279357238672673702e-04
1.229218469234183431e-04
1.226974418386816978e-04
1.223437429871410131e-04
1.218631005031056702e-04
1.209452166222035885e-04
1.198311219923198223e-04
1.186845329357311130e-04
1.178330348921008408e-04
1.173921045847237110e-04
1.169566021417267621e-04
1.159306775662116706e-04
1.153578632511198521e-04
1.148070223280228674e-04
1.143841072916984558e-04
1.138932857429608703e-04
1.133305268012918532e-04
1.124044356402009726e-04
1.113597099902108312e-04
1.099876171792857349e-04
1.090075820684432983e-04
1.086134871002286673e-04
1.071246588253416121e-04
1.067402845364995301e-04
1.061191360349766910e-04
1.054319000104442239e-04
1.046371689881198108e-04
1.040272036334499717e-04
1.035858949762769043e-04
1.033767766784876585e-04
1.032486470649018884e-04
1.029460327117703855e-04
1.025269666570238769e-04
1.020364725263789296e-04
1.017050090013071895e-04
1.013394066831097007e-04
1.011492859106510878e-04
1.008853141684085131e-04
1.005749509204179049e-04
1.002100761979818344e-04
9.990809485316276550e-05
9.925012273015454412e-05
9.873174712993204594e-05
9.794351353775709867e-05
9.706879063742235303e-05
9.597872121958062053e-05
9.515462443232536316e-05
9.461119771003723145e-05
9.419539856025949121e-05
9.371045598527416587e-05
9.342296834802255034e-05
9.328717715106904507e-05
9.314385533798485994e-05
9.302495891461148858e-05
9.291819151258096099e-05
9.261540253646671772e-05
9.223459346685558558e-05
9.225486428476870060e-05
9.202007640851661563e-05
9.160218178294599056e-05
9.117364970734342933e-05
9.089495142688974738e-05
9.052804671227931976e-05
9.028347994899377227e-05
9.005868923850357533e-05
8.980440907180309296e-05
8.961641287896782160e-05
8.966189489001408219e-05
8.949902985477820039e-05
8.934491779655218124e-05
8.882505790097638965e-05
8.865473500918596983e-05
8.820879884297028184e-05
8.784107922110706568e-05
8.746424282435327768e-05
8.726474334252998233e-05
8.709991379873827100e-05
8.700055332155898213e-05
8.690736285643652081e-05
8.681014151079580188e-05
8.651419193483889103e-05
8.646669448353350163e-05
8.589986100560054183e-05
8.557803812436759472e-05
8.526406600140035152e-05
8.496612281305715442e-05
8.463749691145494580e-05
8.440856618108227849e-05
8.417358912993222475e-05
8.389407594222575426e-05
8.359782805200666189e-05
8.340052590938284993e-05
8.326860552188009024e-05
8.312658610520884395e-05
8.310272824019193649e-05
8.289713878184556961e-05
8.280125621240586042e-05
8.257410809164866805e-05
8.237564179580658674e-05
8.207721839426085353e-05
8.171715307980775833e-05
8.138916746247559786e-05
8.089317998383194208e-05
8.060959225986152887e-05
8.034769416553899646e-05
8.000826346687972546e-05
7.984483818290755153e-05
7.965085387695580721e-05
7.941650255816057324e-05
7.913267472758889198e-05
7.880547491367906332e-05
7.849700341466814280e-05
7.800482853781431913e-05
7.774613186484202743e-05
7.735053077340126038e-05
7.692189683439210057e-05
7.763907342450693250e-05
7.684061711188405752e-05
7.669475598959252238e-05
7.657071546418592334e-05
7.640768308192491531e-05
7.617942901561036706e-05
7.663243741262704134e-05
7.600954268127679825e-05
7.565408304799348116e-05
7.527264097006991506e-05
7.500786887248978019e-05
7.480288331862539053e-05
7.449137046933174133e-05
7.430244295392185450e-05
7.400105096166953444e-05
7.377880683634430170e-05
7.346269558183848858e-05
7.303494930965825915e-05
7.274282688740640879e-05
7.238053512992337346e-05
7.211082993308082223e-05
7.189328607637435198e-05
7.169919263105839491e-05
7.150792225729674101e-05
7.128082506824284792e-05
7.103835378075018525e-05
7.078501948853954673e-05
7.056668982841074467e-05
7.034475129330530763e-05
7.097606430761516094e-05
7.028794789221137762e-05
7.018019823590293527e-05
6.998522439971566200e-05
6.984566425671800971e-05
6.967781519051641226e-05
6.945661880308762193e-05
6.933628174010664225e-05
6.894506077514961362e-05
6.865995237603783607e-05
6.828314508311450481e-05
6.800400296924635768e-05
6.780667172279208899e-05
6.763915735064074397e-05
6.745618884451687336e-05
6.725576531607657671e-05
6.708683940814808011e-05
6.689602741971611977e-05
6.673669122392311692e-05
6.650643626926466823e-05
6.620471685891970992e-05
6.596493767574429512e-05
6.565965304616838694e-05
6.547309749294072390e-05
6.530441896757110953e-05
6.510272942250594497e-05
6.548994133481755853e-05
6.503525946754962206e-05
6.495972047559916973e-05
6.490699888672679663e-05
6.483229662990197539e-05
6.469176150858402252e-05
6.456455594161525369e-05
6.430845678551122546e-05
6.395672244252637029e-05
6.371861672960221767e-05
6.346488953568041325e-05
6.329159077722579241e-05
6.308301817625761032e-05
6.292153557296842337e-05
6.281175592448562384e-05
6.247113196877762675e-05
6.205064710229635239e-05
6.181322532938793302e-05
6.165452941786497831e-05
6.154251605039462447e-05
6.144122744444757700e-05
6.123045022832229733e-05
6.103361738496460021e-05
6.092362673371098936e-05
6.077749276300892234e-05
6.067329741199500859e-05
6.052213939256034791e-05
6.027305789757519960e-05
6.051331365597434342e-05
6.015945109538733959e-05
5.987410986563190818e-05
5.963197327218949795e-05
5.931453415541909635e-05
5.903397686779499054e-05
5.881482866243459284e-05
5.861809040652588010e-05
5.843643157277256250e-05
5.795327160740271211e-05
5.801978477393276989e-05
5.782986772828735411e-05
5.761058491771109402e-05
5.744657391915097833e-05
5.724912989535368979e-05
5.697693268302828074e-05
5.650981256621889770e-05
5.616187991108745337e-05
5.576815601671114564e-05
5.545711974264122546e-05
5.528933252207934856e-05
5.510180562851019204e-05
5.494158176588825881e-05
5.475574653246439993e-05
5.451004835776984692e-05
5.473316559800878167e-05
5.437305662781000137e-05
5.414603583631105721e-05
5.393178071244619787e-05
5.377347406465560198e-05
5.362217780202627182e-05
5.339232666301541030e-05
5.316082751960493624e-05
5.292474452289752662e-05
5.267374581308104098e-05
5.251142283668741584e-05
5.224761844146996737e-05
5.190862430026754737e-05
5.174974648980423808e-05
5.159564898349344730e-05
5.143368252902291715e-05
5.134919774718582630e-05
5.120487548992969096e-05
5.095770757179707289e-05
5.084886288386769593e-05
5.061801857664249837e-05
5.054258508607745171e-05
5.040830728830769658e-05
5.026897997595369816e-05
5.006489300285466015e-05
4.988681030226871371e-05
4.967740460415370762e-05
4.946791523252613842e-05
4.921960498904809356e-05
4.887576506007462740e-05
4.882157736574299634e-05
4.818007801077328622e-05
4.780743620358407497e-05
4.733632522402331233e-05
4.734459071187302470e-05
4.720648212241940200e-05
4.692385482485406101e-05
4.670684575103223324e-05
4.641312989406287670e-05
4.612471821019425988e-05
4.580546374199911952e-05
4.555812120088376105e-05
4.555664781946688890e-05
4.545120100374333560e-05
4.533850733423605561e-05
4.526038173935376108e-05
4.516368062468245625e-05
4.493777669267728925e-05
4.463948062038980424e-05
4.424510188982822001e-05
4.374756827019155025e-05
4.342412285041064024e-05
4.307437484385445714e-05
4.274145976523868740e-05
4.238382098264992237e-05
4.213358988636173308e-05
4.189445826341398060e-05
4.206118319416418672e-05
4.178066592430695891e-05
4.154346243012696505e-05
4.107371933059766889e-05
4.083698877366259694e-05
4.040832573082298040e-05
4.000650733360089362e-05
3.978547829319722950e-05
3.945510979974642396e-05
3.958477464038878679e-05
3.929628655896522105e-05
3.916892455890774727e-05
3.906392885255627334e-05
3.898926661349833012e-05
3.888090577675029635e-05
3.875951006193645298e-05
3.869479405693709850e-05
3.853401358355768025e-05
3.838622069451957941e-05
3.824808300123549998e-05
3.815173113252967596e-05
3.799567275564186275e-05
3.791931885643862188e-05
3.784263753914274275e-05
3.776037556235678494e-05
3.769602335523813963e-05
3.759833634831011295e-05
3.750204996322281659e-05
3.732696859515272081e-05
3.712309262482449412e-05
3.698978252941742539e-05
3.668855060823261738e-05
3.647485573310405016e-05
3.622972872108221054e-05
3.604104131227359176e-05
3.587707760743796825e-05
3.576624658307991922e-05
3.569230102584697306e-05
3.556224692147225142e-05
3.538886448950506747e-05
3.556865704013034701e-05
3.532788832671940327e-05
3.519900201354175806e-05
3.512872353894636035e-05
3.499045851640403271e-05
3.484723492874763906e-05
3.467461647232994437e-05
3.476347774267196655e-05
3.457739876466803253e-05
3.442873639869503677e-05
3.432269295444712043e-05
3.421594010433182120e-05
3.411120997043326497e-05
3.405597090022638440e-05
3.399719571461901069e-05
3.390800702618435025e-05
3.379728514119051397e-05
3.367966928635723889e-05
3.355318767717108130e-05
3.339601244078949094e-05
3.325593934278003871e-05
3.319458483019843698e-05
3.314617788419127464e-05
3.309820749564096332e-05
3.304769779788330197e-05
3.298287992947734892e-05
3.295861461083404720e-05
3.287889194325543940e-05
3.284805643488653004e-05
3.282887337263673544e-05
3.281091630924493074e-05
3.278730218880809844e-05
3.274629125371575356e-05
3.270681918365880847e-05
3.265158375143073499e-05
3.258961442043073475e-05
3.250349982408806682e-05
3.246597043471410871e-05
3.239350189687684178e-05
3.234698669984936714e-05
3.229653520975261927e-05
3.222252416890114546e-05
3.212639421690255404e-05
3.201354411430656910e-05
3.188775735907256603e-05
3.172991637256927788e-05
3.154626028845086694e-05
3.139541877317242324e-05
3.131018456770107150e-05
3.123713031527586281e-05
3.109034878434613347e-05
3.089844176429323852e-05
3.084426498389802873e-05
3.070856109843589365e-05
3.062782343477010727e-05
3.055186243727803230e-05
3.057984577026218176e-05
3.052553074667230248e-05
3.047879727091640234e-05
3.044665209017693996e-05
3.039999501197598875e-05
3.034476321772672236e-05
3.028934588655829430e-05
3.049796941922977567e-05
3.027104139619041234e-05
3.022920282091945410e-05
3.018921415787190199e-05
3.012904926436021924e-05
3.005684629897587001e-05
2.997896444867365062e-05
2.990131542901508510e-05
2.982105797855183482e-05
2.977593976538628340e-05
2.970575224026106298e-05
2.964579471154138446e-05
2.964080340461805463e-05
2.961867539852391928e-05
2.957379547297023237e-05
2.952442082460038364e-05
2.946049062302336097e-05
2.937123281299136579e-05
2.928503818111494184e-05
2.923755528172478080e-05
2.916408448072616011e-05
2.907533780671656132e-05
2.902347114286385477e-05
2.897063313866965473e-05
2.890365612984169275e-05
2.885361027438193560e-05
2.881716682168189436e-05
2.878316627175081521e-05
2.875848440453410149e-05
2.872552795452065766e-05
2.868392766686156392e-05
2.946463791886344552e-05
2.866103750420734286e-05
2.860646600311156362e-05
2.854887497960589826e-05
2.843771289917640388e-05
2.826693707902450114e-05
2.806298653013072908e-05
2.790587677736766636e-05
2.782112642307765782e-05
2.777490590233355761e-05
2.771020444924943149e-05
2.762509939202573150e-05
2.753748049144633114e-05
2.764882628980558366e-05
2.749064151430502534e-05
2.745145502558443695e-05
2.742689321166835725e-05
2.739628325798548758e-05
2.735709313128609210e-05
2.742468132055364549e-05
2.733382279984652996e-05
2.728363688220269978e-05
2.723932266235351562e-05
2.720562770264223218e-05
2.716777089517563581e-05
2.712101013457868248e-05
2.706855957512743771e-05
2.701582525332923979e-05
2.695387956919148564e-05
2.687075902940705419e-05
2.672803020686842501e-05
2.665863758011255413e-05
2.649919588293414563e-05
2.641920036694500595e-05
2.631548159115482122e-05
2.623351610964164138e-05
2.615646371850743890e-05
2.615417906781658530e-05
2.611936724861152470e-05
2.607670103316195309e-05
2.604741166578605771e-05
2.603315078886225820e-05
2.601736559881828725e-05
2.597487582534085959e-05
2.593125100247561932e-05
2.586340451671276242e-05
2.580520595074631274e-05
2.573896199464797974e-05
2.570957622083369642e-05
2.565098475315608084e-05
2.558566484367474914e-05
2.551099169068038464e-05
2.541156209190376103e-05
2.599482104415073991e-05
2.536731335567310452e-05
2.526910793676506728e-05
2.518555265851318836e-05
2.508988291083369404e-05
2.506085729692131281e-05
2.496401975804474205e-05
2.492752901162020862e-05
2.488090831320732832e-05
2.485068034729920328e-05
2.483677781128790230e-05
2.481702904333360493e-05
2.480379043845459819e-05
2.478506576153449714e-05
2.475372821209020913e-05
2.469593346177134663e-05
2.468979073455557227e-05
2.460824543959461153e-05
2.458970993757247925e-05
2.457022856106050313e-05
2.453971501381602138e-05
2.448343730065971613e-05
2.448210943839512765e-05
2.443759331072214991e-05
2.437760667817201465e-05
2.427839353913441300e-05
2.421988028800114989e-05
2.410320666967891157e-05
2.404454608040396124e-05
2.394251350779086351e-05
2.385506377322599292e-05
2.375973417656496167e-05
2.358572601224295795e-05
2.350423528696410358e-05
2.332865551579743624e-05
2.325508467038162053e-05
2.315349411219358444e-05
2.308162038389127702e-05
2.300701089552603662e-05
2.291667078679893166e-05
2.345485518162604421e-05
2.287211100338026881e-05
2.279330510646104813e-05
2.269318974867928773e-05
2.259654502267949283e-05
2.247847805847413838e-05
2.249907629447989166e-05
2.238213710370473564e-05
2.219462294306140393e-05
2.174758265027776361e-05
2.147321720258332789e-05
2.132178269675932825e-05
2.121111538144759834e-05
2.109081833623349667e-05
2.101515201502479613e-05
2.088898327201604843e-05
2.074148869724012911e-05
2.137753835995681584e-05
2.067450986942276359e-05
2.052064155577681959e-05
2.041933657892514020e-05
2.031879012065473944e-05
2.019539533648639917e-05
2.023102751991245896e-05
2.010998105106409639e-05
1.996262471948284656e-05
1.982353933271951973e-05
1.968798642337787896e-05
1.955910374817904085e-05
1.945914300449658185e-05
1.937883280334062874e-05
1.932578015839681029e-05
1.926768891280516982e-05
1.923316267493646592e-05
1.918937959999311715e-05
1.914904714794829488e-05
1.906971920107025653e-05
1.895864261314272881e-05
1.919796886795666069e-05
1.890382736746687442e-05
1.880531635833904147e-05
1.875137422757688910e-05
1.869394691311754286e-05
1.863547186076175421e-05
1.858123141573742032e-05
1.852135756053030491e-05
1.845245424192398787e-05
1.835639159253332764e-05
1.826225343393161893e-05
1.817355951061472297e-05
1.809385139495134354e-05
1.803063605620991439e-05
1.797997174435295165e-05
1.789677662600297481e-05
1.783371772035025060e-05
1.780236016202252358e-05
1.773805342963896692e-05
1.760921441018581390e-05
1.755029916239436716e-05
1.744224573485553265e-05
1.740134212013799697e-05
1.735555815685074776e-05
1.739225263008847833e-05
1.732788223307579756e-05
1.726385744404979050e-05
1.715578218863811344e-05
1.705732938717119396e-05
1.696810431894846261e-05
1.683656046225223690e-05
1.675851490290369838e-05
1.668924960540607572e-05
1.662711656535975635e-05
1.655304549785796553e-05
1.649160003580618650e-05
1.645809788897167891e-05
1.643882205826230347e-05
1.642623465158976614e-05
1.639843685552477837e-05
1.636099113966338336e-05
1.630509905226062983e-05
1.625774530111812055e-05
1.620477451069746166e-05
1.617246743990108371e-05
1.609444552741479129e-05
1.606129808351397514e-05
1.603695454832632095e-05
1.601320036570541561e-05
1.596971014805603772e-05
1.590688043506816030e-05
1.581175456522032619e-05
1.577966395416297019e-05
1.576700560690369457e-05
1.573949339217506349e-05
1.572093424329068512e-05
1.568427069287281483e-05
1.563562364026438445e-05
1.555884591653011739e-05
1.596972288098186255e-05
1.553864058223553002e-05
1.546914973005186766e-05
1.543604412290733308e-05
1.542394966236315668e-05
1.541423989692702889e-05
1.539433469588402659e-05
1.537213029223494232e-05
1.535855517431627959e-05
1.531642737973015755e-05
1.528881693957373500e-05
1.525745028629899025e-05
1.522003731224685907e-05
1.534954208182170987e-05
1.520209480077028275e-05
1.515359781478764489e-05
1.514033647254109383e-05
1.510565016360487789e-05
1.509532921772915870e-05
1.508237801317591220e-05
1.506173975940328091e-05
1.503853854956105351e-05
1.502087070548441261e-05
1.500788857811130583e-05
1.499531572335399687e-05
1.498024812462972477e-05
1.495774267823435366e-05
1.493210402259137481e-05
1.490415434091119096e-05
1.494739080953877419e-05
1.489282476541120559e-05
1.486572182329837233e-05
1.484821041231043637e-05
1.483096821175422519e-05
1.481330400565639138e-05
1.478993090131552890e-05
1.477643854741472751e-05
1.476203760830685496e-05
1.475317094445927069e-05
1.473874817747855559e-05
1.472446638217661530e-05
1.471452924306504428e-05
1.469443304813466966e-05
1.468092523282393813e-05
1.466538287786534056e-05
1.463606167817488313e-05
1.461220017517916858e-05
1.460834755562245846e-05
1.456689642509445548e-05
1.454516495869029313e-05
1.453151344321668148e-05
1.451104435545857996e-05
1.449306910217273980e-05
1.447290287615032867e-05
1.446063106413930655e-05
1.443768996978178620e-05
1.442037137167062610e-05
1.438907020201440901e-05
1.435483136447146535e-05
1.432079170626820996e-05
1.429315761924954131e-05
1.425001391908153892e-05
1.419983527739532292e-05
1.416408849763683975e-05
1.416607210558140650e-05
1.413549398421309888e-05
1.408176103723235428e-05
1.403678652422968298e-05
1.397837604599772021e-05
1.393235652358271182e-05
1.390640318277291954e-05
1.384938695991877466e-05
1.382221489620860666e-05
1.378551132802385837e-05
1.374835483147762716e-05
1.371066719002556056e-05
1.366677497571799904e-05
1.361648173769935966e-05
1.358791814709547907e-05
1.356685879727592692e-05
1.354758023808244616e-05
1.352402796328533441e-05
1.348792102362494916e-05
1.343973781331442297e-05
1.339376831310801208e-05
1.338303718512179330e-05
1.336092282144818455e-05
1.335342767561087385e-05
1.334376793238334358e-05
1.335644446953665465e-05
1.334087573923170567e-05
1.333476302534108981e-05
1.332797182840295136e-05
1.332030024059349671e-05
1.331450675934320316e-05
1.330406848865095526e-05
1.328968392044771463e-05
1.327601239609066397e-05
1.326643359789159149e-05
1.325559151155175641e-05
1.324857748841168359e-05
1.323112337558995932e-05
1.321786112384870648e-05
1.321361196460202336e-05
1.318386057391762733e-05
1.316525776928756386e-05
1.314203291258309036e-05
1.312018048338359222e-05
1.308951868850272149e-05
1.306505691900383681e-05
1.303681165154557675e-05
1.301494194194674492e-05
1.299538416787981987e-05
1.296790196647634730e-05
1.294703179155476391e-05
1.293807144975289702e-05
1.291257103730458766e-05
1.289812644245103002e-05
1.287803752347826958e-05
1.288771181862102821e-05
1.286659062316175550e-05
1.284813879465218633e-05
1.282029006688389927e-05
1.279326443182071671e-05
1.276003058592323214e-05
1.272537156182806939e-05
1.270127904717810452e-05
1.268183586944360286e-05
1.266675099031999707e-05
1.264496950170723721e-05
1.271692326554330066e-05
1.263405829377006739e-05
1.261645411432255059e-05
1.257141957466956228e-05
1.254334711120463908e-05
1.250816785614006221e-05
1.247649925062432885e-05
1.246027295564999804e-05
1.244282157131237909e-05
1.242491089215036482e-05
1.241160680365283042e-05
1.239351786352926865e-05
1.236195839737774804e-05
1.234510818903800100e-05
1.232304202858358622e-05
1.237368451256770641e-05
1.231306850968394428e-05
1.230461475643096492e-05
1.228251858265139163e-05
1.225485357281286269e-05
1.222847276949323714e-05
1.224126845045248047e-05
1.222118225996382535e-05
1.220637022925075144e-05
1.218699617311358452e-05
1.215761767525691539e-05
1.211665676237316802e-05
1.209923902933951467e-05
1.205150419991696253e-05
1.203798819915391505e-05
1.202271050715353340e-05
1.201199120259843767e-05
1.199378220917424187e-05
1.197761594085022807e-05
1.196292214444838464e-05
1.194912692881189287e-05
1.193669868371216580e-05
1.189795239042723551e-05
1.187233920063590631e-05
1.185145629278849810e-05
1.182297182822367176e-05
1.179753235192038119e-05
1.175992019852856174e-05
1.172214251710101962e-05
1.168255948869045824e-05
1.165452249551890418e-05
1.163546221505384892e-05
1.161385989689733833e-05
1.158775012299884111e-05
1.156735015683807433e-05
1.153872472059447318e-05
1.151595824921969324e-05
1.147095099440775812e-05
1.141581742558628321e-05
1.138577135861851275e-05
1.136983883043285459e-05
1.135823004005942494e-05
1.134379090217407793e-05
1.132441684603691101e-05
1.132693068939261138e-05
1.131379394792020321e-05
1.130342479882529005e-05
1.132094712374964729e-05
1.128317489929031581e-05
1.125276685343123972e-05
1.124045957112684846e-05
1.122224784921854734e-05
1.120993420045124367e-05
1.120508568419609219e-05
1.118198997573927045e-05
1.117150168283842504e-05
1.115677878260612488e-05
1.116206112783402205e-05
1.115006853069644421e-05
1.114092992793302983e-05
1.112037534767296165e-05
1.110741868615150452e-05
1.109436925617046654e-05
1.107683692680438980e-05
1.106706440623383969e-05
1.105519186239689589e-05
1.104421789932530373e-05
1.102711030398495495e-05
1.100804183806758374e-05
1.098616303352173418e-05
1.096616688300855458e-05
1.093842729460448027e-05
1.094083563657477498e-05
1.091735975933261216e-05
1.087532200472196564e-05
1.086390966520411894e-05
1.084625091607449576e-05
1.084133873519022018e-05
1.083524512068834156e-05
1.082661128748441115e-05
1.081299615179887041e-05
1.079872890841215849e-05
1.077313936548307538e-05
1.074840383807895705e-05
1.073589555744547397e-05
1.071823044185293838e-05
1.071365295501891524e-05
1.071061706170439720e-05
1.070469897967996076e-05
1.069397876563016325e-05
1.068271194526460022e-05
1.066765798896085471e-05
1.065609376382781193e-05
1.064920979843009263e-05
1.064273874362697825e-05
1.063558011082932353e-05
1.062862247636076063e-05
1.062336195900570601e-05
1.061400689650326967e-05
1.060155045706778765e-05
1.058205452864058316e-05
1.085422627511434257e-05
1.057635563483927399e-05
1.055648863257374614e-05
1.053554206009721383e-05
1.052119296218734235e-05
1.050592618412338197e-05
1.049708225764334202e-05
1.048142439685761929e-05
1.047276964527554810e-05
1.045271892508026212e-05
1.046406032401137054e-05
1.044474447553511709e-05
1.043402335199061781e-05
1.042574331222567707e-05
1.041772338794544339e-05
1.040937604557257146e-05
1.039835115079768002e-05
1.038358823279850185e-05
1.038674054143484682e-05
1.037588845065329224e-05
1.036457342706853524e-05
1.035741843224968761e-05
1.035116838465910405e-05
1.034370870911516249e-05
1.033101943903602660e-05
1.030510156851960346e-05
1.028595215757377446e-05
1.027103553496999666e-05
1.025179790303809568e-05
1.023315689963055775e-05
1.021388925437349826e-05
1.019395040202653036e-05
1.016386704577598721e-05
1.013162636809283867e-05
1.010783853416796774e-05
1.009331481327535585e-05
1.008299659588374197e-05
1.007279024634044617e-05
1.005451940727652982e-05
1.003741999738849699e-05
1.000859083433169872e-05
9.990621038014069200e-06
9.968657650460954756e-06
9.947521903086453676e-06
1.005229751172009856e-05
9.937127288139890879e-06
9.908153515425510705e-06
9.894046343106310815e-06
9.882751328404992819e-06
9.872227565210778266e-06
9.864965250017121434e-06
9.843799489317461848e-06
9.825831511989235878e-06
9.811179552343674004e-06
9.798299288377165794e-06
9.786044756765477359e-06
9.773977581062354147e-06
9.761777619132772088e-06
9.761894034454599023e-06
9.755309292813763022e-06
9.743069313117302954e-06
9.738911103340797126e-06
9.723780749482102692e-06
9.715153282741084695e-06
9.699926522444002330e-06
9.681758456281386316e-06
9.677811249275691807e-06
9.654718269302975386e-06
9.647215847508050501e-06
9.644775673223193735e-06
9.633663466956932098e-06
9.630653948988765478e-06
9.625326129025779665e-06
9.621742719900794327e-06
9.613497240934520960e-06
9.601236342859920114e-06
9.581685844750609249e-06
9.563991625327616930e-06
9.552188203088007867e-06
9.514475095784291625e-06
9.494962796452455223e-06
9.468187272432260215e-06
9.456431143917143345e-06
9.447293450648430735e-06
9.436746040591970086e-06
9.426912583876401186e-06
9.412462532054632902e-06
9.399534974363632500e-06
9.387450518261175603e-06
9.378205504617653787e-06
9.367220627609640360e-06
9.355469956062734127e-06
9.337865776615217328e-06
9.322569894720800221e-06
9.305389539804309607e-06
9.289802619605325162e-06
9.275141565012745559e-06
9.265616427001077682e-06
9.248015885532367975e-06
9.261081686418037862e-06
9.238723578164353967e-06
9.229399438481777906e-06
9.215929821948520839e-06
9.205617971019819379e-06
9.183750080410391092e-06
9.163795766653493047e-06
9.148238859779667109e-06
9.132705599768087268e-06
9.118975867750123143e-06
9.105144272325560451e-06
9.083514669327996671e-06
9.066763595910742879e-06
9.055831469595432281e-06
9.040681106853298843e-06
9.054233487404417247e-06
9.034632057591807097e-06
9.023333404911682010e-06
9.014156603370793164e-06
9.008188499137759209e-06
8.996046744869090617e-06
8.978408914117608219e-06
8.995486496132798493e-06
8.969073860498610884e-06
8.955496923590544611e-06
8.947550668381154537e-06
8.940509360400028527e-06
8.932111995818559080e-06
8.925022484618239105e-06
8.910011274565476924e-06
8.910159522201865911e-06
8.901100954972207546e-06
8.885313036444131285e-06
8.866685675457119942e-06
8.859638910507783294e-06
8.863245966495014727e-06
8.854333827912341803e-06
8.842744136927649379e-06
8.828967111185193062e-06
8.815624823910184205e-06
8.799605893727857620e-06
8.802123375062365085e-06
8.788926606939639896e-06
8.779245945333968848e-06
8.771719876676797867e-06
8.762332072365097702e-06
8.755367161938920617e-06
8.738947144593112171e-06
8.729514775041025132e-06
8.715152944205328822e-06
8.699322279426269233e-06
8.686327419127337635e-06
8.676785910211037844e-06
8.670201168570201844e-06
8.663247172080446035e-06
8.657258149469271302e-06
8.651088137412443757e-06
8.639424777356907725e-06
8.622367204225156456e-06
8.609245014667976648e-06
8.595655344834085554e-06
8.586757758166640997e-06
8.573314516979735345e-06
8.563822120777331293e-06
8.551417522539850324e-06
8.540785529476124793e-06
8.535169399692676961e-06
8.522556527168489993e-06
8.513546163158025593e-06
8.502551281708292663e-06
8.490441359754186124e-06
8.473001798847690225e-06
8.457400326733477414e-06
8.444591003353707492e-06
8.428878572885878384e-06
8.412665920332074165e-06
8.402199455304071307e-06
8.383535714528989047e-06
8.364416316908318549e-06
8.354691090062260628e-06
8.344697562279179692e-06
8.340914973814506084e-06
8.332312063430435956e-06
8.327790965267922729e-06
8.322856956510804594e-06
8.319083462993148714e-06
8.314528713526669890e-06
8.305658411700278521e-06
8.294702638522721827e-06
8.301871275762096047e-06
8.290064215543679893e-06
8.283937859232537448e-06
8.269200407085008919e-06
8.269220415968447924e-06
8.260018148575909436e-06
8.247507139458321035e-06
8.240527677116915584e-06
8.231979336414951831e-06
8.227964826801326126e-06
8.222097676480188966e-06
8.215654816012829542e-06
8.208293365896679461e-06
8.198114301194436848e-06
8.191591405193321407e-06
8.182171768567059189e-06
8.177067684300709516e-06
8.167816304194275290e-06
8.175911716534756124e-06
8.162121957866474986e-06
8.153758244588971138e-06
8.143739250954240561e-06
8.128519766614772379e-06
8.120867278194054961e-06
8.096906640275847167e-06
8.079994586296379566e-06
8.087331480055581778e-06
8.068554961937479675e-06
8.056181286519858986e-06
8.051332770264707506e-06
8.046589755394961685e-06
8.039338354137726128e-06
8.047243682085536420e-06
8.036745384742971510e-06
8.032187906792387366e-06
8.030012395465746522e-06
8.026230716495774686e-06
8.018186235858593136e-06
8.003815310075879097e-06
7.985281627043150365e-06
7.965500117279589176e-06
7.963134521560277790e-06
7.944096978462766856e-06
7.939943316159769893e-06
7.930474566819611937e-06
7.932110747788101435e-06
7.924806595838163048e-06
7.916907634353265166e-06
7.907292456366121769e-06
7.897802788647823036e-06
7.892758731031790376e-06
7.885872946644667536e-06
7.879791155573911965e-06
7.871187335695140064e-06
7.862056008889339864e-06
7.856326192268170416e-06
7.853403076296672225e-06
7.850112524465657771e-06
7.842934792279265821e-06
7.837557859602384269e-06
7.832624760339967906e-06
7.825276043149642646e-06
7.816571269358973950e-06
7.808657755958847702e-06
7.803235348546877503e-06
7.800897947163321078e-06
7.799541890562977642e-06
7.795505553076509386e-06
7.790711606503464282e-06
7.781797648931387812e-06
7.783319233567453921e-06
7.775051926728338003e-06
7.766940143483225256e-06
7.761295819364022464e-06
7.758708306937478483e-06
7.751537850708700716e-06
7.776855454721953720e-06
7.746194569335784763e-06
7.738778549537528306e-06
7.726122021267656237e-06
7.724264833086635917e-06
7.715150786680169404e-06
7.708094926783815026e-06
7.702014045207761228e-06
7.696352440689224750e-06
7.679766895307693630e-06
7.677991561649832875e-06
7.663672477065119892e-06
7.639909199497196823e-06
7.627351806149818003e-06
7.618091331096366048e-06
7.611730325152166188e-06
7.600219305459177122e-06
7.583365004393272102e-06
7.582523721794132143e-06
7.566683052573353052e-06
7.543899300799239427e-06
7.486098184017464519e-06
7.462424946425016969e-06
7.440739409503294155e-06
7.433392056555021554e-06
7.425966032315045595e-06
7.419376288453349844e-06
7.415371328534092754e-06
7.408698365907184780e-06
7.409320460283197463e-06
7.403589734167326242e-06
7.392006409645546228e-06
7.379251655947882682e-06
7.366175395873142406e-06
7.356084097409620881e-06
7.346823622356168926e-06
7.338372597587294877e-06
7.331882898142794147e-06
7.328852007049135864e-06
7.321465091081336141e-06
7.317656127270311117e-06
7.315069979085819796e-06
7.311627086892258376e-06
7.305895451281685382e-06
7.306014595087617636e-06
7.301881851162761450e-06
7.294328497664537281e-06
7.287186235771514475e-06
7.280954378074966371e-06
7.272275070135947317e-06
7.268646186275873333e-06
7.262333383550867438e-06
7.255167474795598537e-06
7.245109372888691723e-06
7.244991593324812129e-06
7.239020305860321969e-06
7.230222763610072434e-06
7.217224265332333744e-06
7.211692263808799908e-06
7.204176654340699315e-06
7.191365966718876734e-06
7.167122930695768446e-06
7.137520697142463177e-06
7.117719633242813870e-06
7.109154466888867319e-06
7.072960215737111866e-06
7.053740773699246347e-06
7.041207936708815396e-06
7.026261300779879093e-06
7.013887625362258404e-06
7.001161066000349820e-06
6.989911071286769584e-06
6.972637038415996358e-06
6.957730875001288950e-06
6.934475095476955175e-06
7.095862201822455972e-06
6.928899892955087125e-06
6.913449851708719507e-06
6.895236765558365732e-06
6.886226401547901332e-06
6.878355634398758411e-06
6.871416189824230969e-06
6.860241228423547000e-06
6.846466931165196002e-06
6.949977887416025624e-06
6.838888566562673077e-06
6.817418579885270447e-06
6.787500751670449972e-06
6.826826847827760503e-06
6.775629572075558826e-06
6.759888492524623871e-06
6.753630714229075238e-06
6.745979590050410479e-06
6.734331691404804587e-06
6.724702870997134596e-06
6.718620625179028139e-06
6.717246378684649244e-06
6.710899469908326864e-06
6.708308319502975792e-06
6.702819973725127056e-06
6.698457582388073206e-06
6.686588221782585606e-06
6.676624252577312291e-06
6.667315119557315484e-06
6.660776307398919016e-06
6.655104243691312149e-06
6.650298018939793110e-06
6.645813300565350801e-06
6.640141691605094820e-06
6.634218152612447739e-06
6.626812592003261670e-06
6.653337550233118236e-06
6.624656180065358058e-06
6.616206519538536668e-06
6.607875548070296645e-06
6.599452717637177557e-06
6.590966222574934363e-06
6.590732482436578721e-06
6.585791652469197288e-06
6.572255188075359911e-06
6.556444986927090213e-06
6.540560207213275135e-06
6.531631242978619412e-06
6.524729087686864659e-06
6.518564077850896865e-06
6.510643743240507320e-06
6.496663900179555640e-06
6.483963261416647583e-06
6.470952030213084072e-06
6.461054454121040180e-06
6.451416084019001573e-06
6.437045158236287534e-06
6.422446858778130263e-06
6.420721547328867018e-06
6.408583431039005518e-06
6.390100679709576070e-06
6.374027179845143110e-06
6.615154234168585390e-06
6.369449238263769075e-06
6.357472557283472270e-06
6.344681878545088693e-06
6.337808372336439788e-06
6.329883944999892265e-06
6.326265975076239556e-06
6.313474841590505093e-06
6.305399438133463264e-06
6.295110779319657013e-06
6.285623840085463598e-06
6.269028745009563863e-06
6.251957074709935114e-06
6.239894901227671653e-06
6.229227437870576978e-06
6.220301656867377460e-06
6.211429990798933432e-06
6.207916158018633723e-06
6.181774097058223560e-06
6.171855147840688005e-06
6.162515092000830919e-06
6.157003554108086973e-06
6.151192792458459735e-06
6.144991857581771910e-06
6.140846380731090903e-06
6.135835064924322069e-06
6.128713721409440041e-06
6.118515557318460196e-06
6.105507964093703777e-06
6.096807283029193059e-06
6.093237516324734315e-06
6.091732757340651006e-06
6.090543138270732015e-06
6.087688234401866794e-06
6.085817403800319880e-06
6.081400897528510541e-06
6.078312708268640563e-06
6.073915756132919341e-06
6.069923074392136186e-06
6.065564321033889428e-06
6.060407031327486038e-06
6.054745881556300446e-06
6.043675057298969477e-06
6.036488230165559798e-06
6.042276254447642714e-06
6.031663360772654414e-06
6.026270057191140950e-06
6.023858986736740917e-06
6.021642548148520291e-06
6.018589374434668571e-06
6.013411621097475290e-06
6.006790499668568373e-06
6.000007033435394987e-06
5.994384991936385632e-06
5.987534677842631936e-06
5.983992195979226381e-06
5.979629349894821644e-06
5.971240170765668154e-06
5.964812771708238870e-06
5.953409527137409896e-06
5.941972631262615323e-06
5.934382897976320237e-06
5.928679456701502204e-06
5.919003342569340020e-06
5.921413503529038280e-06
5.913165296078659594e-06
5.906108526687603444e-06
5.898016297578578815e-06
5.891355613130144775e-06
5.880983735551126301e-06
5.871460416528861970e-06
5.866172614332754165e-06
5.861683348484802991e-06
5.940449682384496555e-06
5.859206794411875308e-06
5.853912625752855092e-06
5.843891813128720969e-06
5.831966973346425220e-06
5.824993877467932180e-06
5.817060809931717813e-06
5.807062734675128013e-06
5.790366230939980596e-06
5.780039828096050769e-06
5.773985776613699272e-06
5.765043169958516955e-06
5.757962753705214709e-06
5.748155217588646337e-06
5.730289558414369822e-06
5.733459147450048476e-06
5.722143669117940590e-06
5.710409823223017156e-06
5.692129889212083071e-06
5.679095465893624350e-06
5.668409357895143330e-06
5.647863872582092881e-06
5.635934030578937382e-06
5.621899617835879326e-06
5.605150363408029079e-06
5.573948328674305230e-06
5.637941285385750234e-06
5.566246727539692074e-06
5.541985956369899213e-06
5.520136710401857272e-06
5.505291483132168651e-06
5.493160642799921334e-06
5.482632786879548803e-06
5.472638804349116981e-06
5.460600277729099616e-06
5.447939656733069569e-06
5.433165824797470123e-06
5.415156465460313484e-06
5.407082880992675200e-06
5.395261723606381565e-06
5.388821591623127460e-06
5.383555162552511320e-06
5.377155503083486110e-06
5.411712209024699405e-06
5.374892225518124178e-06
5.369116479414515197e-06
5.362952833820600063e-06
5.354733730200678110e-06
5.346999842004152015e-06
5.340634743333794177e-06
5.334806701284833252e-06
5.328904990165028721e-06
5.322636752680409700e-06
5.315536782291019335e-06
5.309106654749484733e-06
5.303514626575633883e-06
5.300090833770809695e-06
5.297250027069821954e-06
5.291807610774412751e-06
5.284960934659466147e-06
5.278887329041026533e-06
5.273299848340684548e-06
5.265726485959021375e-06
5.260852049104869366e-06
5.255629730527289212e-06
5.252103619568515569e-06
5.249880814517382532e-06
5.247398348728893325e-06
5.244047315500210971e-06
5.240482096269261092e-06
5.235211119725136086e-06
5.231356226431671530e-06
5.225345830695005134e-06
5.220158072916092351e-06
5.217150828684680164e-06
5.212123141973279417e-06
5.210950803302694112e-06
5.206466994422953576e-06
5.198217877477873117e-06
5.187442638998618349e-06
5.264554602035786957e-06
5.184201199881499633e-06
5.174147190700750798e-06
5.166551090951543301e-06
5.161160515854135156e-06
5.152880476089194417e-06
5.142616828379686922e-06
5.136085746926255524e-06
5.128633802087279037e-06
5.122021320858038962e-06
5.116090505907777697e-06
5.112188318889820948e-06
5.110090114612830803e-06
5.105320269649382681e-06
5.099320333101786673e-06
5.200189207243965939e-06
5.096323548059444875e-06
5.089591923024272546e-06
5.084245913167251274e-06
5.080222308606607839e-06
5.075550689070951194e-06
5.059692739450838417e-06
5.050950221630046144e-06
5.042067641625180840e-06
5.036905804445268586e-06
5.032761237089289352e-06
5.023611265642102808e-06
5.017526746087241918e-06
5.012298970541451126e-06
5.008790139982011169e-06
5.004103513783775270e-06
4.997789801564067602e-06
4.991359674022533000e-06
4.981857273378409445e-06
4.975845513399690390e-06
4.971141152054769918e-06
4.963162155036116019e-06
4.956786142429336905e-06
4.952108611178118736e-06
4.947987690684385598e-06
4.943148269376251847e-06
4.937481207889504731e-06
4.931160219712182879e-06
4.926273504679556936e-06
4.921996151097118855e-06
4.916835678159259260e-06
4.912472832074854523e-06
4.907399670628365129e-06
4.904140041617210954e-06
4.897275175608228892e-06
4.895294750895118341e-06
4.889632691629230976e-06
4.886852821073262021e-06
4.884100235358346254e-06
4.881180757365655154e-06
4.874213118455372751e-06
4.972499027644516900e-06
4.872961653745733202e-06
4.867632014793343842e-06
4.861730758420890197e-06
4.852925485465675592e-06
4.845446255785645917e-06
4.837344476982252672e-06
4.832176273339428008e-06
4.825114046980161220e-06
4.819797140953596681e-06
4.807678578799823299e-06
4.797353994945297018e-06
4.789880222233477980e-06
4.785086275660432875e-06
4.781644747708924115e-06
4.773894488607766107e-06
4.770661234942963347e-06
4.765983703691745177e-06
4.763223387271864340e-06
4.760323463415261358e-06
4.754177098220679909e-06
4.748504125018371269e-06
4.743541921925498173e-06
4.740335498354397714e-06
4.738054485642351210e-06
4.736707523989025503e-06
4.734062713396269828e-06
4.731214630737667903e-06
4.728954991151113063e-06
4.726532552012940869e-06
4.738699772133259103e-06
4.725671260530361906e-06
4.723911388282431290e-06
4.721901859738864005e-06
4.720317974715726450e-06
4.717730007541831583e-06
4.715115210274234414e-06
4.712459030997706577e-06
4.710166649601887912e-06
4.707429070549551398e-06
4.703116246673744172e-06
4.697198619396658614e-06
4.695949428423773497e-06
4.688040462497156113e-06
4.685025487560778856e-06
4.679468020185595378e-06
4.675826858147047460e-06
4.670189355238107964e-06
4.665077540266793221e-06
4.660521881305612624e-06
4.655845259549096227e-06
4.646790330298244953e-06
4.643344709620578215e-06
4.638766768039204180e-06
4.635372988559538499e-06
4.630790954252006486e-06
4.628252099792007357e-06
4.626165718946140260e-06
4.623268068826291710e-06
4.617290869646240026e-06
4.613526016328250989e-06
4.606654329109005630e-06
4.601466571330092847e-06
4.595714926836080849e-06
4.582439942169003189e-06
4.601333785103634000e-06
4.576647370413411409e-06
4.563994480122346431e-06
4.555314262688625604e-06
4.547237949736882001e-06
4.543990144156850874e-06
4.534589606919325888e-06
4.528109002421842888e-06
4.519426056504016742e-06
4.511567112785996869e-06
4.511740371526684612e-06
4.507702215050812811e-06
4.501520379562862217e-06
4.495978828344959766e-06
4.488676495384424925e-06
4.489356342674000189e-06
4.484829787543276325e-06
4.478564733290113509e-06
4.471221018320648000e-06
4.465606707526603714e-06
4.459124284039717168e-06
4.516742592386435717e-06
4.458500825421651825e-06
4.455957423488143831e-06
4.452561370271723717e-06
4.445284957910189405e-06
4.437657480593770742e-06
4.433186404639855027e-06
4.425517545314505696e-06
4.421643552632303908e-06
4.417959644342772663e-06
4.410401743371039629e-06
4.402934791869483888e-06
4.401932073960779235e-06
4.397686097945552319e-06
4.389601144794141874e-06
4.383824489195831120e-06
4.379216534289298579e-06
4.375214757601497695e-06
4.371879640530096367e-06
4.367025212559383363e-06
4.361512765171937644e-06
4.356853423814754933e-06
4.350675226305611432e-06
4.344346962170675397e-06
4.336698566476115957e-06
4.333298875280888751e-06
4.331205218477407470e-06
4.328564955358160660e-06
4.323323082644492388e-06
4.319566869526170194e-06
4.312561941333115101e-06
4.304295543988700956e-06
4.292894573154626414e-06
4.285321210772963241e-06
4.277715561329387128e-06
4.271546458767261356e-06
4.266651103534968570e-06
4.258407898305449635e-06
4.254902705724816769e-06
4.247925062372814864e-06
4.244819137966260314e-06
4.240327143634203821e-06
4.234751031617633998e-06
4.226171313348459080e-06
4.219462425680831075e-06
4.214846740069333464e-06
4.210747647448442876e-06
4.200607691018376499e-06
4.203750904707703739e-06
4.195629117020871490e-06
4.185959824098972604e-06
4.178869403403950855e-06
4.175014510110486299e-06
4.172085937170777470e-06
4.170753527432680130e-06
4.170976353634614497e-06
4.168030045548221096e-06
4.164660822425503284e-06
4.162494860793231055e-06
4.158548563282238320e-06
4.154543603362981230e-06
4.149651886109495535e-06
4.160579919698648155e-06
4.143863861827412620e-06
4.138794338359730318e-06
4.132846243010135368e-06
4.130000434088287875e-06
4.121512120036641136e-06
4.116890522709582001e-06
4.109824658371508121e-06
4.102420462004374713e-06
4.094697487744269893e-06
4.079243808519095182e-06
4.072745468874927610e-06
4.067409918206976727e-06
4.058822469232836738e-06
4.055459612573031336e-06
4.048674782097805291e-06
4.065349457960110158e-06
4.046581125294324011e-06
4.041909051011316478e-06
4.038619863422354683e-06
4.035452093376079574e-06
4.033670848002657294e-06
4.030446689284872264e-06
4.027688191854394972e-06
4.024528607260435820e-06
4.021044787805294618e-06
4.018190793431131169e-06
4.014538262708811089e-06
4.009752046840731055e-06
4.005446498922538012e-06
4.006743438367266208e-06
3.998461579612921923e-06
3.992341135017341003e-06
3.984453542216215283e-06
3.980411747761536390e-06
3.973435923398938030e-06
3.971053502027643844e-06
3.966514668718446046e-06
3.964223651564680040e-06
3.960584308515535668e-06
3.958101387979695573e-06
3.954609383072238415e-06
3.952164661313872784e-06
3.950293830712325871e-06
3.946972810808802024e-06
3.944338459405116737e-06
3.939983798773027956e-06
3.936796929338015616e-06
3.935833319701487198e-06
3.934876986022572964e-06
3.931615083274664357e-06
3.929769718524767086e-06
3.928097612515557557e-06
3.926510544260963798e-06
3.924104930774774402e-06
3.920946255675517023e-06
3.917808498954400420e-06
3.927314537577331066e-06
3.916255991498474032e-06
3.913824912160634995e-06
3.912272859452059492e-06
3.911537078238325194e-06
3.910691702913027257e-06
3.909696260961936787e-06
3.907118752977112308e-06
3.905225185008021072e-06
3.901830950781004503e-06
3.895002464560093358e-06
3.896768248523585498e-06
3.890213065460557118e-06
3.881245902448426932e-06
3.876062237395672128e-06
3.872499291901476681e-06
3.867532086587743834e-06
3.865996404783800244e-06
3.858277523249853402e-06
3.855324848700547591e-06
3.854720034723868594e-06
3.852626377920387313e-06
3.852188456221483648e-06
3.850433131447061896e-06
3.848474534606793895e-06
3.845272203761851415e-06
3.843251306534511968e-06
3.837712029053363949e-06
3.834701146843144670e-06
3.829926754406187683e-06
3.826910415227757767e-06
3.823122824542224407e-06
3.819288394879549742e-06
3.818193363258615136e-06
3.816293883573962376e-06
3.815253876382485032e-06
3.813141120190266520e-06
3.811080205196049064e-06
3.808330347965238616e-06
3.886155354848597199e-06
3.806789436566759832e-06
3.801703087447094731e-06
3.797741555899847299e-06
3.794799795286962762e-06
3.792741608776850626e-06
3.789835091083659790e-06
3.783634383580647409e-06
3.779506641876650974e-06
3.778279051402932964e-06
3.776058065341203474e-06
3.774968718062154949e-06
3.772249783651204780e-06
3.769189333979738876e-06
3.764038865483598784e-06
3.759503442779532634e-06
3.758120783459162340e-06
3.754983254111721180e-06
3.754116278287256137e-06
3.752627435460453853e-06
3.751163148990599439e-06
3.748790277313673869e-06
3.745482445083325729e-06
3.741195541806519032e-06
3.740429747267626226e-06
3.735651262104511261e-06
3.733641733560943976e-06
3.730331400220165960e-06
3.737711267604026943e-06
3.728251613210886717e-06
3.724229372892295942e-06
3.717979780049063265e-06
3.712872967298608273e-06
3.707160885824123397e-06
3.702979938680073246e-06
3.696318799484288320e-06
3.694984570756787434e-06
3.688641754706623033e-06
3.686790932988515124e-06
3.683080649352632463e-06
3.678649136418243870e-06
3.673978426377288997e-06
3.670951173262437806e-06
3.669185161925270222e-06
3.667635610327124596e-06
3.665435997390886769e-06
3.664281621240661480e-06
3.662885546873440035e-06
3.659181857074145228e-06
3.655679165603942238e-06
3.651093265943927690e-06
3.646935056167421862e-06
3.642697720351861790e-06
3.639811438915785402e-06
3.636879227997269481e-06
3.645666311058448628e-06
3.635893790487898514e-06
3.634201675595249981e-06
3.631682602645014413e-06
3.629888851719442755e-06
3.630299488577293232e-06
3.628824288171017542e-06
3.627649448390002362e-06
3.626591023930814117e-06
3.624477812991244718e-06
3.624275905167451128e-06
3.622809799708193168e-06
3.621432824729708955e-06
3.619982180680381134e-06
3.619295512180542573e-06
3.618258006099495105e-06
3.616425601649098098e-06
3.614707111410098150e-06
3.613293301896192133e-06
3.611304009609739296e-06
3.610409976317896508e-06
3.608743099903222173e-06
3.606245627452153713e-06
3.604835001169703901e-06
3.603101504268124700e-06
3.601954631449189037e-06
3.600603122322354466e-06
3.598779812818975188e-06
3.596566330088535324e-06
3.593853307393146679e-06
3.593724613892845809e-06
3.592041593947215006e-06
3.589776270018774085e-06
3.588381787267280743e-06
3.586231741792289540e-06
3.582695853765471838e-06
3.581681994546670467e-06
3.578606310838949867e-06
3.579956910471082665e-06
3.576954895834205672e-06
3.575242544684442692e-06
3.568350166460731998e-06
3.561999619705602527e-06
3.557097215889371000e-06
3.554691375029506162e-06
3.551616828190162778e-06
3.549680059222737327e-06
3.547545929905027151e-06
3.544963419699342921e-06
3.542814056345378049e-06
3.540835450621671043e-06
3.536646545398980379e-06
3.531787569954758510e-06
3.531662514433264732e-06
3.529624791553942487e-06
3.527248736645560712e-06
3.525732608977705240e-06
3.523858140397351235e-06
3.519142637742334045e-06
3.514143600114039145e-06
3.516167907946510240e-06
3.511096565489424393e-06
3.507784413159242831e-06
3.505003405734896660e-06
3.503704192553414032e-06
3.501118044368922710e-06
3.499469585221959278e-06
3.496598310448462144e-06
3.495577402645722032e-06
3.493964186418452300e-06
3.493059011816512793e-06
3.491483766993042082e-06
3.492495125101413578e-06
3.489873506623553112e-06
3.487534286250593141e-06
3.484568878775462508e-06
3.482199645077344030e-06
3.478509142951224931e-06
3.472875505394767970e-06
3.468475824774941429e-06
3.463049324636813253e-06
3.459048457443714142e-06
3.456578497207374312e-06
3.455468686297535896e-06
3.454979378147982061e-06
3.453721546975430101e-06
3.451697239142959006e-06
3.449177711445372552e-06
3.445318270678399131e-06
3.443517925916239619e-06
3.441910394030855969e-06
3.440553427935810760e-06
3.438803560129599646e-06
3.435022108533303253e-06
3.483475438770256005e-06
3.434199697949225083e-06
3.430286596994847059e-06
3.427334831940243021e-06
3.424306669330690056e-06
3.421899918976123445e-06
3.420857183300540783e-06
3.417847437958698720e-06
3.416472281969618052e-06
3.414243110455572605e-06
3.412070782360387966e-06
3.409596956771565601e-06
3.406374389669508673e-06
3.404774133741739206e-06
3.401848744033486582e-06
3.399426987016340718e-06
3.396654392417985946e-06
3.394034592929529026e-06
3.392244707356439903e-06
3.390567144379019737e-06
3.389475750736892223e-06
3.388241339052910917e-06
3.387842525626183487e-06
3.385435775271616876e-06
3.383866669537383132e-06
3.382677732588490471e-06
3.381747319508576766e-06
3.382225258974358439e-06
3.380832822585944086e-06
3.379528152436250821e-06
3.377450639163726009e-06
3.375605956534855068e-06
3.373608706169761717e-06
3.371841557964216918e-06
3.369588739587925375e-06
3.366815690242219716e-06
3.364358690305380151e-06
3.361509698152076453e-06
3.359270522196311504e-06
3.354309228598140180e-06
3.349402959429426119e-06
3.342172476550331339e-06
3.352421572344610468e-06
3.340426701470278203e-06
3.336204599690972827e-06
3.331907919346122071e-06
3.327097147121094167e-06
3.322853899589972571e-06
3.319101779197808355e-06
3.313538627480738796e-06
3.310692591185215861e-06
3.307926817797124386e-06
3.305004156572977081e-06
3.300743856016197242e-06
3.295757778687402606e-06
3.290961331003927626e-06
3.287284243924659677e-06
3.280830696894554421e-06
3.275115886935964227e-06
3.269870830990839750e-06
3.266829935455461964e-06
3.264769020461244509e-06
3.263104645157000050e-06
3.261111942265415564e-06
3.257674961787415668e-06
3.274612026871182024e-06
3.256866193623864092e-06
3.253721843066159636e-06
3.251905354773043655e-06
3.249037717978353612e-06
3.246859705541282892e-06
3.243528226448688656e-06
3.241420472477329895e-06
3.239339093852322549e-06
3.238123099436052144e-06
3.236089241909212433e-06
3.232711378586827777e-06
3.229443791497033089e-06
3.227468141631106846e-06
3.226059106964385137e-06
3.223770363547373563e-06
3.222582108719507232e-06
3.221134647901635617e-06
3.219121254005585797e-06
3.216990990040358156e-06
3.220342478016391397e-06
3.216221557522658259e-06
3.213901891285786405e-06
3.211951025150483474e-06
3.209914666513213888e-06
3.207944018868147396e-06
3.205163920938502997e-06
3.205755092494655401e-06
3.203617325198138133e-06
3.201661456841975451e-06
3.200161245331401005e-06
3.198894319211831316e-06
3.197425030521117151e-06
3.196317265974357724e-06
3.204708718840265647e-06
3.196003035554895177e-06
3.194817509211134166e-06
3.191987616446567699e-06
3.188650225638411939e-06
3.182706223014974967e-06
3.179507075401488692e-06
3.176651716785272583e-06
3.173981440340867266e-06
3.172015112795634195e-06
3.170333002344705164e-06
3.168465127600939013e-06
3.166727310599526390e-06
3.163340352330124006e-06
3.161253971484256908e-06
3.159224888804601505e-06
3.157649189233779907e-06
3.155877038807375357e-06
3.154709247610298917e-06
3.151041255478048697e-06
3.146398512399173342e-06
3.140979515592334792e-06
3.138777628919342533e-06
3.136525265290401876e-06
3.134467078780289739e-06
3.131884795948280953e-06
3.129044671368319541e-06
3.125638158962829039e-06
3.122589532722486183e-06
3.117657797702122480e-06
3.115708523182547651e-06
3.112416607109480537e-06
3.109204726570169441e-06
3.106848225797875784e-06
3.103434210061095655e-06
3.101005404460011050e-06
3.098202114415471442e-06
3.096201908192597330e-06
3.093645773333264515e-06
3.091494818363571540e-06
3.089906158493249677e-06
3.088826133534894325e-06
3.087572622462175786e-06
3.084537183895008639e-06
3.080986743952962570e-06
3.078053396166069433e-06
3.076521124967257492e-06
3.075056156376376748e-06
3.074601409025490284e-06
3.073636662520584650e-06
3.072915205848403275e-06
3.071118271691375412e-06
3.069485273954342119e-06
3.068878868361935019e-06
3.068242676818044856e-06
3.067351144636631943e-06
3.066510544158518314e-06
3.064707925659604371e-06
3.063071062570088543e-06
3.061629968215129338e-06
3.060466951865237206e-06
3.059392838622443378e-06
3.058232550756656565e-06
3.055429715459467843e-06
3.097356511716498062e-06
3.054790340684121475e-06
3.052512056456180289e-06
3.050326540687819943e-06
3.049045062653021887e-06
3.047036898351507261e-06
3.047056907234946266e-06
3.046218353119911626e-06
3.044345248781610280e-06
3.042006483156001195e-06
3.040885303562390618e-06
3.039778903257683851e-06
3.043105834876769222e-06
3.038954673684202135e-06
3.038110662600956857e-06
3.036893758689984679e-06
3.035424924746621400e-06
3.034238034160807729e-06
3.035253939742688090e-06
3.032800350410980172e-06
3.030307198059745133e-06
3.028993432963034138e-06
3.027714456038665958e-06
3.026599642907967791e-06
3.026014837814727798e-06
3.027769025720772333e-06
3.025136720680166036e-06
3.023879571628640406e-06
3.023028511961456388e-06
3.022971441168920137e-06
3.023107638000510633e-06
3.023066028617904522e-06
3.023307272087549791e-06
3.022971668542595580e-06
3.022971441168920137e-06
3.022971441168920137e-06
3.022971441168920137e-06
3.022971441168920137e-06
3.022971441168920137e-06
3.022971441168920137e-06
3.022971441168920137e-06
3.022971441168920137e-06
3.022971441168920137e-06
