0.020408163,0.020408163
0.040816327,0.020408163
0.06122449,0.020408163
0.081632653,0.020408163
0.102040816,0.020408163
0.12244898,0.020408163
0.142857143,0.020408163
0.163265306,0.020408163
0.183673469,0.020408163
0.204081633,0.020408163
0.224489796,0.020408163
0.244897959,0.020408163
0.265306122,0.020408163
0.285714286,0.020408163
0.306122449,0.020408163
0.326530612,0.020408163
0.346938776,0.020408163
0.367346939,0.020408163
0.387755102,0.020408163
0.408163265,0.020408163
0.428571429,0.020408163
0.448979592,0.020408163
0.469387755,0.020408163
0.489795918,0.020408163
0.510204082,0.020408163
0.530612245,0.020408163
0.551020408,0.020408163
0.571428571,0.020408163
0.591836735,0.020408163
0.612244898,0.020408163
0.632653061,0.020408163
0.653061224,0.020408163
0.673469388,0.020408163
0.693877551,0.020408163
0.714285714,0.020408163
0.734693878,0.020408163
0.755102041,0.020408163
0.775510204,0.020408163
0.795918367,0.020408163
0.816326531,0.020408163
0.836734694,0.020408163
0.857142857,0.020408163
0.87755102,0.020408163
0.897959184,0.020408163
0.918367347,0.020408163
0.93877551,0.020408163
0.959183673,0.020408163
0.979591837,0.020408163
0.020408163,0.040816327
0.040816327,0.040816327
0.06122449,0.040816327
0.081632653,0.040816327
0.102040816,0.040816327
0.12244898,0.040816327
0.142857143,0.040816327
0.163265306,0.040816327
0.183673469,0.040816327
0.204081633,0.040816327
0.224489796,0.040816327
0.244897959,0.040816327
0.265306122,0.040816327
0.285714286,0.040816327
0.306122449,0.040816327
0.326530612,0.040816327
0.346938776,0.040816327
0.367346939,0.040816327
0.387755102,0.040816327
0.408163265,0.040816327
0.428571429,0.040816327
0.448979592,0.040816327
0.469387755,0.040816327
0.489795918,0.040816327
0.510204082,0.040816327
0.530612245,0.040816327
0.551020408,0.040816327
0.571428571,0.040816327
0.591836735,0.040816327
0.612244898,0.040816327
0.632653061,0.040816327
0.653061224,0.040816327
0.673469388,0.040816327
0.693877551,0.040816327
0.714285714,0.040816327
0.734693878,0.040816327
0.755102041,0.040816327
0.775510204,0.040816327
0.795918367,0.040816327
0.816326531,0.040816327
0.836734694,0.040816327
0.857142857,0.040816327
0.87755102,0.040816327
0.897959184,0.040816327
0.918367347,0.040816327
0.93877551,0.040816327
0.959183673,0.040816327
0.979591837,0.040816327
0.020408163,0.06122449
0.040816327,0.06122449
0.06122449,0.06122449
0.081632653,0.06122449
0.102040816,0.06122449
0.12244898,0.06122449
0.142857143,0.06122449
0.163265306,0.06122449
0.183673469,0.06122449
0.204081633,0.06122449
0.224489796,0.06122449
0.244897959,0.06122449
0.265306122,0.06122449
0.285714286,0.06122449
0.306122449,0.06122449
0.326530612,0.06122449
0.346938776,0.06122449
0.367346939,0.06122449
0.387755102,0.06122449
0.408163265,0.06122449
0.428571429,0.06122449
0.448979592,0.06122449
0.469387755,0.06122449
0.489795918,0.06122449
0.510204082,0.06122449
0.530612245,0.06122449
0.551020408,0.06122449
0.571428571,0.06122449
0.591836735,0.06122449
0.612244898,0.06122449
0.632653061,0.06122449
0.653061224,0.06122449
0.673469388,0.06122449
0.693877551,0.06122449
0.714285714,0.06122449
0.734693878,0.06122449
0.755102041,0.06122449
0.775510204,0.06122449
0.795918367,0.06122449
0.816326531,0.06122449
0.836734694,0.06122449
0.857142857,0.06122449
0.87755102,0.06122449
0.897959184,0.06122449
0.918367347,0.06122449
0.93877551,0.06122449
0.959183673,0.06122449
0.979591837,0.06122449
0.020408163,0.081632653
0.040816327,0.081632653
0.06122449,0.081632653
0.081632653,0.081632653
0.102040816,0.081632653
0.12244898,0.081632653
0.142857143,0.081632653
0.163265306,0.081632653
0.183673469,0.081632653
0.204081633,0.081632653
0.224489796,0.081632653
0.244897959,0.081632653
0.265306122,0.081632653
0.285714286,0.081632653
0.306122449,0.081632653
0.326530612,0.081632653
0.346938776,0.081632653
0.367346939,0.081632653
0.387755102,0.081632653
0.408163265,0.081632653
0.428571429,0.081632653
0.448979592,0.081632653
0.469387755,0.081632653
0.489795918,0.081632653
0.510204082,0.081632653
0.530612245,0.081632653
0.551020408,0.081632653
0.571428571,0.081632653
0.591836735,0.081632653
0.612244898,0.081632653
0.632653061,0.081632653
0.653061224,0.081632653
0.673469388,0.081632653
0.693877551,0.081632653
0.714285714,0.081632653
0.734693878,0.081632653
0.755102041,0.081632653
0.775510204,0.081632653
0.795918367,0.081632653
0.816326531,0.081632653
0.836734694,0.081632653
0.857142857,0.081632653
0.87755102,0.081632653
0.897959184,0.081632653
0.918367347,0.081632653
0.93877551,0.081632653
0.959183673,0.081632653
0.979591837,0.081632653
0.020408163,0.102040816
0.040816327,0.102040816
0.06122449,0.102040816
0.081632653,0.102040816
0.102040816,0.102040816
0.12244898,0.102040816
0.142857143,0.102040816
0.163265306,0.102040816
0.183673469,0.102040816
0.204081633,0.102040816
0.224489796,0.102040816
0.244897959,0.102040816
0.265306122,0.102040816
0.285714286,0.102040816
0.306122449,0.102040816
0.326530612,0.102040816
0.346938776,0.102040816
0.367346939,0.102040816
0.387755102,0.102040816
0.408163265,0.102040816
0.428571429,0.102040816
0.448979592,0.102040816
0.469387755,0.102040816
0.489795918,0.102040816
0.510204082,0.102040816
0.530612245,0.102040816
0.551020408,0.102040816
0.571428571,0.102040816
0.591836735,0.102040816
0.612244898,0.102040816
0.632653061,0.102040816
0.653061224,0.102040816
0.673469388,0.102040816
0.693877551,0.102040816
0.714285714,0.102040816
0.734693878,0.102040816
0.755102041,0.102040816
0.775510204,0.102040816
0.795918367,0.102040816
0.816326531,0.102040816
0.836734694,0.102040816
0.857142857,0.102040816
0.87755102,0.102040816
0.897959184,0.102040816
0.918367347,0.102040816
0.93877551,0.102040816
0.959183673,0.102040816
0.979591837,0.102040816
0.020408163,0.12244898
0.040816327,0.12244898
0.06122449,0.12244898
0.081632653,0.12244898
0.102040816,0.12244898
0.12244898,0.12244898
0.142857143,0.12244898
0.163265306,0.12244898
0.183673469,0.12244898
0.204081633,0.12244898
0.224489796,0.12244898
0.244897959,0.12244898
0.265306122,0.12244898
0.285714286,0.12244898
0.306122449,0.12244898
0.326530612,0.12244898
0.346938776,0.12244898
0.367346939,0.12244898
0.387755102,0.12244898
0.408163265,0.12244898
0.428571429,0.12244898
0.448979592,0.12244898
0.469387755,0.12244898
0.489795918,0.12244898
0.510204082,0.12244898
0.530612245,0.12244898
0.551020408,0.12244898
0.571428571,0.12244898
0.591836735,0.12244898
0.612244898,0.12244898
0.632653061,0.12244898
0.653061224,0.12244898
0.673469388,0.12244898
0.693877551,0.12244898
0.714285714,0.12244898
0.734693878,0.12244898
0.755102041,0.12244898
0.775510204,0.12244898
0.795918367,0.12244898
0.816326531,0.12244898
0.836734694,0.12244898
0.857142857,0.12244898
0.87755102,0.12244898
0.897959184,0.12244898
0.918367347,0.12244898
0.93877551,0.12244898
0.959183673,0.12244898
0.979591837,0.12244898
0.020408163,0.142857143
0.040816327,0.142857143
0.06122449,0.142857143
0.081632653,0.142857143
0.102040816,0.142857143
0.12244898,0.142857143
0.142857143,0.142857143
0.163265306,0.142857143
0.183673469,0.142857143
0.204081633,0.142857143
0.224489796,0.142857143
0.244897959,0.142857143
0.265306122,0.142857143
0.285714286,0.142857143
0.306122449,0.142857143
0.326530612,0.142857143
0.346938776,0.142857143
0.367346939,0.142857143
0.387755102,0.142857143
0.408163265,0.142857143
0.428571429,0.142857143
0.448979592,0.142857143
0.469387755,0.142857143
0.489795918,0.142857143
0.510204082,0.142857143
0.530612245,0.142857143
0.551020408,0.142857143
0.571428571,0.142857143
0.591836735,0.142857143
0.612244898,0.142857143
0.632653061,0.142857143
0.653061224,0.142857143
0.673469388,0.142857143
0.693877551,0.142857143
0.714285714,0.142857143
0.734693878,0.142857143
0.755102041,0.142857143
0.775510204,0.142857143
0.795918367,0.142857143
0.816326531,0.142857143
0.836734694,0.142857143
0.857142857,0.142857143
0.87755102,0.142857143
0.897959184,0.142857143
0.918367347,0.142857143
0.93877551,0.142857143
0.959183673,0.142857143
0.979591837,0.142857143
0.020408163,0.163265306
0.040816327,0.163265306
0.06122449,0.163265306
0.081632653,0.163265306
0.102040816,0.163265306
0.12244898,0.163265306
0.142857143,0.163265306
0.163265306,0.163265306
0.183673469,0.163265306
0.204081633,0.163265306
0.224489796,0.163265306
0.244897959,0.163265306
0.265306122,0.163265306
0.285714286,0.163265306
0.306122449,0.163265306
0.326530612,0.163265306
0.346938776,0.163265306
0.367346939,0.163265306
0.387755102,0.163265306
0.408163265,0.163265306
0.428571429,0.163265306
0.448979592,0.163265306
0.469387755,0.163265306
0.489795918,0.163265306
0.510204082,0.163265306
0.530612245,0.163265306
0.551020408,0.163265306
0.571428571,0.163265306
0.591836735,0.163265306
0.612244898,0.163265306
0.632653061,0.163265306
0.653061224,0.163265306
0.673469388,0.163265306
0.693877551,0.163265306
0.714285714,0.163265306
0.734693878,0.163265306
0.755102041,0.163265306
0.775510204,0.163265306
0.795918367,0.163265306
0.816326531,0.163265306
0.836734694,0.163265306
0.857142857,0.163265306
0.87755102,0.163265306
0.897959184,0.163265306
0.918367347,0.163265306
0.93877551,0.163265306
0.959183673,0.163265306
0.979591837,0.163265306
0.020408163,0.183673469
0.040816327,0.183673469
0.06122449,0.183673469
0.081632653,0.183673469
0.102040816,0.183673469
0.12244898,0.183673469
0.142857143,0.183673469
0.163265306,0.183673469
0.183673469,0.183673469
0.204081633,0.183673469
0.224489796,0.183673469
0.244897959,0.183673469
0.265306122,0.183673469
0.285714286,0.183673469
0.306122449,0.183673469
0.326530612,0.183673469
0.346938776,0.183673469
0.367346939,0.183673469
0.387755102,0.183673469
0.408163265,0.183673469
0.428571429,0.183673469
0.448979592,0.183673469
0.469387755,0.183673469
0.489795918,0.183673469
0.510204082,0.183673469
0.530612245,0.183673469
0.551020408,0.183673469
0.571428571,0.183673469
0.591836735,0.183673469
0.612244898,0.183673469
0.632653061,0.183673469
0.653061224,0.183673469
0.673469388,0.183673469
0.693877551,0.183673469
0.714285714,0.183673469
0.734693878,0.183673469
0.755102041,0.183673469
0.775510204,0.183673469
0.795918367,0.183673469
0.816326531,0.183673469
0.836734694,0.183673469
0.857142857,0.183673469
0.87755102,0.183673469
0.897959184,0.183673469
0.918367347,0.183673469
0.93877551,0.183673469
0.959183673,0.183673469
0.979591837,0.183673469
0.020408163,0.204081633
0.040816327,0.204081633
0.06122449,0.204081633
0.081632653,0.204081633
0.102040816,0.204081633
0.12244898,0.204081633
0.142857143,0.204081633
0.163265306,0.204081633
0.183673469,0.204081633
0.204081633,0.204081633
0.224489796,0.204081633
0.244897959,0.204081633
0.265306122,0.204081633
0.285714286,0.204081633
0.306122449,0.204081633
0.326530612,0.204081633
0.346938776,0.204081633
0.367346939,0.204081633
0.387755102,0.204081633
0.408163265,0.204081633
0.428571429,0.204081633
0.448979592,0.204081633
0.469387755,0.204081633
0.489795918,0.204081633
0.510204082,0.204081633
0.530612245,0.204081633
0.551020408,0.204081633
0.571428571,0.204081633
0.591836735,0.204081633
0.612244898,0.204081633
0.632653061,0.204081633
0.653061224,0.204081633
0.673469388,0.204081633
0.693877551,0.204081633
0.714285714,0.204081633
0.734693878,0.204081633
0.755102041,0.204081633
0.775510204,0.204081633
0.795918367,0.204081633
0.816326531,0.204081633
0.836734694,0.204081633
0.857142857,0.204081633
0.87755102,0.204081633
0.897959184,0.204081633
0.918367347,0.204081633
0.93877551,0.204081633
0.959183673,0.204081633
0.979591837,0.204081633
0.020408163,0.224489796
0.040816327,0.224489796
0.06122449,0.224489796
0.081632653,0.224489796
0.102040816,0.224489796
0.12244898,0.224489796
0.142857143,0.224489796
0.163265306,0.224489796
0.183673469,0.224489796
0.204081633,0.224489796
0.224489796,0.224489796
0.244897959,0.224489796
0.265306122,0.224489796
0.285714286,0.224489796
0.306122449,0.224489796
0.326530612,0.224489796
0.346938776,0.224489796
0.367346939,0.224489796
0.387755102,0.224489796
0.408163265,0.224489796
0.428571429,0.224489796
0.448979592,0.224489796
0.469387755,0.224489796
0.489795918,0.224489796
0.510204082,0.224489796
0.530612245,0.224489796
0.551020408,0.224489796
0.571428571,0.224489796
0.591836735,0.224489796
0.612244898,0.224489796
0.632653061,0.224489796
0.653061224,0.224489796
0.673469388,0.224489796
0.693877551,0.224489796
0.714285714,0.224489796
0.734693878,0.224489796
0.755102041,0.224489796
0.775510204,0.224489796
0.795918367,0.224489796
0.816326531,0.224489796
0.836734694,0.224489796
0.857142857,0.224489796
0.87755102,0.224489796
0.897959184,0.224489796
0.918367347,0.224489796
0.93877551,0.224489796
0.959183673,0.224489796
0.979591837,0.224489796
0.020408163,0.244897959
0.040816327,0.244897959
0.06122449,0.244897959
0.081632653,0.244897959
0.102040816,0.244897959
0.12244898,0.244897959
0.142857143,0.244897959
0.163265306,0.244897959
0.183673469,0.244897959
0.204081633,0.244897959
0.224489796,0.244897959
0.244897959,0.244897959
0.265306122,0.244897959
0.285714286,0.244897959
0.306122449,0.244897959
0.326530612,0.244897959
0.346938776,0.244897959
0.367346939,0.244897959
0.387755102,0.244897959
0.408163265,0.244897959
0.428571429,0.244897959
0.448979592,0.244897959
0.469387755,0.244897959
0.489795918,0.244897959
0.510204082,0.244897959
0.530612245,0.244897959
0.551020408,0.244897959
0.571428571,0.244897959
0.591836735,0.244897959
0.612244898,0.244897959
0.632653061,0.244897959
0.653061224,0.244897959
0.673469388,0.244897959
0.693877551,0.244897959
0.714285714,0.244897959
0.734693878,0.244897959
0.755102041,0.244897959
0.775510204,0.244897959
0.795918367,0.244897959
0.816326531,0.244897959
0.836734694,0.244897959
0.857142857,0.244897959
0.87755102,0.244897959
0.897959184,0.244897959
0.918367347,0.244897959
0.93877551,0.244897959
0.959183673,0.244897959
0.979591837,0.244897959
0.020408163,0.265306122
0.040816327,0.265306122
0.06122449,0.265306122
0.081632653,0.265306122
0.102040816,0.265306122
0.12244898,0.265306122
0.142857143,0.265306122
0.163265306,0.265306122
0.183673469,0.265306122
0.204081633,0.265306122
0.224489796,0.265306122
0.244897959,0.265306122
0.265306122,0.265306122
0.285714286,0.265306122
0.306122449,0.265306122
0.326530612,0.265306122
0.346938776,0.265306122
0.367346939,0.265306122
0.387755102,0.265306122
0.408163265,0.265306122
0.428571429,0.265306122
0.448979592,0.265306122
0.469387755,0.265306122
0.489795918,0.265306122
0.510204082,0.265306122
0.530612245,0.265306122
0.551020408,0.265306122
0.571428571,0.265306122
0.591836735,0.265306122
0.612244898,0.265306122
0.632653061,0.265306122
0.653061224,0.265306122
0.673469388,0.265306122
0.693877551,0.265306122
0.714285714,0.265306122
0.734693878,0.265306122
0.755102041,0.265306122
0.775510204,0.265306122
0.795918367,0.265306122
0.816326531,0.265306122
0.836734694,0.265306122
0.857142857,0.265306122
0.87755102,0.265306122
0.897959184,0.265306122
0.918367347,0.265306122
0.93877551,0.265306122
0.959183673,0.265306122
0.979591837,0.265306122
0.020408163,0.285714286
0.040816327,0.285714286
0.06122449,0.285714286
0.081632653,0.285714286
0.102040816,0.285714286
0.12244898,0.285714286
0.142857143,0.285714286
0.163265306,0.285714286
0.183673469,0.285714286
0.204081633,0.285714286
0.224489796,0.285714286
0.244897959,0.285714286
0.265306122,0.285714286
0.285714286,0.285714286
0.306122449,0.285714286
0.326530612,0.285714286
0.346938776,0.285714286
0.367346939,0.285714286
0.387755102,0.285714286
0.408163265,0.285714286
0.428571429,0.285714286
0.448979592,0.285714286
0.469387755,0.285714286
0.489795918,0.285714286
0.510204082,0.285714286
0.530612245,0.285714286
0.551020408,0.285714286
0.571428571,0.285714286
0.591836735,0.285714286
0.612244898,0.285714286
0.632653061,0.285714286
0.653061224,0.285714286
0.673469388,0.285714286
0.693877551,0.285714286
0.714285714,0.285714286
0.734693878,0.285714286
0.755102041,0.285714286
0.775510204,0.285714286
0.795918367,0.285714286
0.816326531,0.285714286
0.836734694,0.285714286
0.857142857,0.285714286
0.87755102,0.285714286
0.897959184,0.285714286
0.918367347,0.285714286
0.93877551,0.285714286
0.959183673,0.285714286
0.979591837,0.285714286
0.020408163,0.306122449
0.040816327,0.306122449
0.06122449,0.306122449
0.081632653,0.306122449
0.102040816,0.306122449
0.12244898,0.306122449
0.142857143,0.306122449
0.163265306,0.306122449
0.183673469,0.306122449
0.204081633,0.306122449
0.224489796,0.306122449
0.244897959,0.306122449
0.265306122,0.306122449
0.285714286,0.306122449
0.306122449,0.306122449
0.326530612,0.306122449
0.346938776,0.306122449
0.367346939,0.306122449
0.387755102,0.306122449
0.408163265,0.306122449
0.428571429,0.306122449
0.448979592,0.306122449
0.469387755,0.306122449
0.489795918,0.306122449
0.510204082,0.306122449
0.530612245,0.306122449
0.551020408,0.306122449
0.571428571,0.306122449
0.591836735,0.306122449
0.612244898,0.306122449
0.632653061,0.306122449
0.653061224,0.306122449
0.673469388,0.306122449
0.693877551,0.306122449
0.714285714,0.306122449
0.734693878,0.306122449
0.755102041,0.306122449
0.775510204,0.306122449
0.795918367,0.306122449
0.816326531,0.306122449
0.836734694,0.306122449
0.857142857,0.306122449
0.87755102,0.306122449
0.897959184,0.306122449
0.918367347,0.306122449
0.93877551,0.306122449
0.959183673,0.306122449
0.979591837,0.306122449
0.020408163,0.326530612
0.040816327,0.326530612
0.06122449,0.326530612
0.081632653,0.326530612
0.102040816,0.326530612
0.12244898,0.326530612
0.142857143,0.326530612
0.163265306,0.326530612
0.183673469,0.326530612
0.204081633,0.326530612
0.224489796,0.326530612
0.244897959,0.326530612
0.265306122,0.326530612
0.285714286,0.326530612
0.306122449,0.326530612
0.326530612,0.326530612
0.346938776,0.326530612
0.367346939,0.326530612
0.387755102,0.326530612
0.408163265,0.326530612
0.428571429,0.326530612
0.448979592,0.326530612
0.469387755,0.326530612
0.489795918,0.326530612
0.510204082,0.326530612
0.530612245,0.326530612
0.551020408,0.326530612
0.571428571,0.326530612
0.591836735,0.326530612
0.612244898,0.326530612
0.632653061,0.326530612
0.653061224,0.326530612
0.673469388,0.326530612
0.693877551,0.326530612
0.714285714,0.326530612
0.734693878,0.326530612
0.755102041,0.326530612
0.775510204,0.326530612
0.795918367,0.326530612
0.816326531,0.326530612
0.836734694,0.326530612
0.857142857,0.326530612
0.87755102,0.326530612
0.897959184,0.326530612
0.918367347,0.326530612
0.93877551,0.326530612
0.959183673,0.326530612
0.979591837,0.326530612
0.020408163,0.346938776
0.040816327,0.346938776
0.06122449,0.346938776
0.081632653,0.346938776
0.102040816,0.346938776
0.12244898,0.346938776
0.142857143,0.346938776
0.163265306,0.346938776
0.183673469,0.346938776
0.204081633,0.346938776
0.224489796,0.346938776
0.244897959,0.346938776
0.265306122,0.346938776
0.285714286,0.346938776
0.306122449,0.346938776
0.326530612,0.346938776
0.346938776,0.346938776
0.367346939,0.346938776
0.387755102,0.346938776
0.408163265,0.346938776
0.428571429,0.346938776
0.448979592,0.346938776
0.469387755,0.346938776
0.489795918,0.346938776
0.510204082,0.346938776
0.530612245,0.346938776
0.551020408,0.346938776
0.571428571,0.346938776
0.591836735,0.346938776
0.612244898,0.346938776
0.632653061,0.346938776
0.653061224,0.346938776
0.673469388,0.346938776
0.693877551,0.346938776
0.714285714,0.346938776
0.734693878,0.346938776
0.755102041,0.346938776
0.775510204,0.346938776
0.795918367,0.346938776
0.816326531,0.346938776
0.836734694,0.346938776
0.857142857,0.346938776
0.87755102,0.346938776
0.897959184,0.346938776
0.918367347,0.346938776
0.93877551,0.346938776
0.959183673,0.346938776
0.979591837,0.346938776
0.020408163,0.367346939
0.040816327,0.367346939
0.06122449,0.367346939
0.081632653,0.367346939
0.102040816,0.367346939
0.12244898,0.367346939
0.142857143,0.367346939
0.163265306,0.367346939
0.183673469,0.367346939
0.204081633,0.367346939
0.224489796,0.367346939
0.244897959,0.367346939
0.265306122,0.367346939
0.285714286,0.367346939
0.306122449,0.367346939
0.326530612,0.367346939
0.346938776,0.367346939
0.367346939,0.367346939
0.387755102,0.367346939
0.408163265,0.367346939
0.428571429,0.367346939
0.448979592,0.367346939
0.469387755,0.367346939
0.489795918,0.367346939
0.510204082,0.367346939
0.530612245,0.367346939
0.551020408,0.367346939
0.571428571,0.367346939
0.591836735,0.367346939
0.612244898,0.367346939
0.632653061,0.367346939
0.653061224,0.367346939
0.673469388,0.367346939
0.693877551,0.367346939
0.714285714,0.367346939
0.734693878,0.367346939
0.755102041,0.367346939
0.775510204,0.367346939
0.795918367,0.367346939
0.816326531,0.367346939
0.836734694,0.367346939
0.857142857,0.367346939
0.87755102,0.367346939
0.897959184,0.367346939
0.918367347,0.367346939
0.93877551,0.367346939
0.959183673,0.367346939
0.979591837,0.367346939
0.020408163,0.387755102
0.040816327,0.387755102
0.06122449,0.387755102
0.081632653,0.387755102
0.102040816,0.387755102
0.12244898,0.387755102
0.142857143,0.387755102
0.163265306,0.387755102
0.183673469,0.387755102
0.204081633,0.387755102
0.224489796,0.387755102
0.244897959,0.387755102
0.265306122,0.387755102
0.285714286,0.387755102
0.306122449,0.387755102
0.326530612,0.387755102
0.346938776,0.387755102
0.367346939,0.387755102
0.387755102,0.387755102
0.408163265,0.387755102
0.428571429,0.387755102
0.448979592,0.387755102
0.469387755,0.387755102
0.489795918,0.387755102
0.510204082,0.387755102
0.530612245,0.387755102
0.551020408,0.387755102
0.571428571,0.387755102
0.591836735,0.387755102
0.612244898,0.387755102
0.632653061,0.387755102
0.653061224,0.387755102
0.673469388,0.387755102
0.693877551,0.387755102
0.714285714,0.387755102
0.734693878,0.387755102
0.755102041,0.387755102
0.775510204,0.387755102
0.795918367,0.387755102
0.816326531,0.387755102
0.836734694,0.387755102
0.857142857,0.387755102
0.87755102,0.387755102
0.897959184,0.387755102
0.918367347,0.387755102
0.93877551,0.387755102
0.959183673,0.387755102
0.979591837,0.387755102
0.020408163,0.408163265
0.040816327,0.408163265
0.06122449,0.408163265
0.081632653,0.408163265
0.102040816,0.408163265
0.12244898,0.408163265
0.142857143,0.408163265
0.163265306,0.408163265
0.183673469,0.408163265
0.204081633,0.408163265
0.224489796,0.408163265
0.244897959,0.408163265
0.265306122,0.408163265
0.285714286,0.408163265
0.306122449,0.408163265
0.326530612,0.408163265
0.346938776,0.408163265
0.367346939,0.408163265
0.387755102,0.408163265
0.408163265,0.408163265
0.428571429,0.408163265
0.448979592,0.408163265
0.469387755,0.408163265
0.489795918,0.408163265
0.510204082,0.408163265
0.530612245,0.408163265
0.551020408,0.408163265
0.571428571,0.408163265
0.591836735,0.408163265
0.612244898,0.408163265
0.632653061,0.408163265
0.653061224,0.408163265
0.673469388,0.408163265
0.693877551,0.408163265
0.714285714,0.408163265
0.734693878,0.408163265
0.755102041,0.408163265
0.775510204,0.408163265
0.795918367,0.408163265
0.816326531,0.408163265
0.836734694,0.408163265
0.857142857,0.408163265
0.87755102,0.408163265
0.897959184,0.408163265
0.918367347,0.408163265
0.93877551,0.408163265
0.959183673,0.408163265
0.979591837,0.408163265
0.020408163,0.428571429
0.040816327,0.428571429
0.06122449,0.428571429
0.081632653,0.428571429
0.102040816,0.428571429
0.12244898,0.428571429
0.142857143,0.428571429
0.163265306,0.428571429
0.183673469,0.428571429
0.204081633,0.428571429
0.224489796,0.428571429
0.244897959,0.428571429
0.265306122,0.428571429
0.285714286,0.428571429
0.306122449,0.428571429
0.326530612,0.428571429
0.346938776,0.428571429
0.367346939,0.428571429
0.387755102,0.428571429
0.408163265,0.428571429
0.428571429,0.428571429
0.448979592,0.428571429
0.469387755,0.428571429
0.489795918,0.428571429
0.510204082,0.428571429
0.530612245,0.428571429
0.551020408,0.428571429
0.571428571,0.428571429
0.591836735,0.428571429
0.612244898,0.428571429
0.632653061,0.428571429
0.653061224,0.428571429
0.673469388,0.428571429
0.693877551,0.428571429
0.714285714,0.428571429
0.734693878,0.428571429
0.755102041,0.428571429
0.775510204,0.428571429
0.795918367,0.428571429
0.816326531,0.428571429
0.836734694,0.428571429
0.857142857,0.428571429
0.87755102,0.428571429
0.897959184,0.428571429
0.918367347,0.428571429
0.93877551,0.428571429
0.959183673,0.428571429
0.979591837,0.428571429
0.020408163,0.448979592
0.040816327,0.448979592
0.06122449,0.448979592
0.081632653,0.448979592
0.102040816,0.448979592
0.12244898,0.448979592
0.142857143,0.448979592
0.163265306,0.448979592
0.183673469,0.448979592
0.204081633,0.448979592
0.224489796,0.448979592
0.244897959,0.448979592
0.265306122,0.448979592
0.285714286,0.448979592
0.306122449,0.448979592
0.326530612,0.448979592
0.346938776,0.448979592
0.367346939,0.448979592
0.387755102,0.448979592
0.408163265,0.448979592
0.428571429,0.448979592
0.448979592,0.448979592
0.469387755,0.448979592
0.489795918,0.448979592
0.510204082,0.448979592
0.530612245,0.448979592
0.551020408,0.448979592
0.571428571,0.448979592
0.591836735,0.448979592
0.612244898,0.448979592
0.632653061,0.448979592
0.653061224,0.448979592
0.673469388,0.448979592
0.693877551,0.448979592
0.714285714,0.448979592
0.734693878,0.448979592
0.755102041,0.448979592
0.775510204,0.448979592
0.795918367,0.448979592
0.816326531,0.448979592
0.836734694,0.448979592
0.857142857,0.448979592
0.87755102,0.448979592
0.897959184,0.448979592
0.918367347,0.448979592
0.93877551,0.448979592
0.959183673,0.448979592
0.979591837,0.448979592
0.020408163,0.469387755
0.040816327,0.469387755
0.06122449,0.469387755
0.081632653,0.469387755
0.102040816,0.469387755
0.12244898,0.469387755
0.142857143,0.469387755
0.163265306,0.469387755
0.183673469,0.469387755
0.204081633,0.469387755
0.224489796,0.469387755
0.244897959,0.469387755
0.265306122,0.469387755
0.285714286,0.469387755
0.306122449,0.469387755
0.326530612,0.469387755
0.346938776,0.469387755
0.367346939,0.469387755
0.387755102,0.469387755
0.408163265,0.469387755
0.428571429,0.469387755
0.448979592,0.469387755
0.469387755,0.469387755
0.489795918,0.469387755
0.510204082,0.469387755
0.530612245,0.469387755
0.551020408,0.469387755
0.571428571,0.469387755
0.591836735,0.469387755
0.612244898,0.469387755
0.632653061,0.469387755
0.653061224,0.469387755
0.673469388,0.469387755
0.693877551,0.469387755
0.714285714,0.469387755
0.734693878,0.469387755
0.755102041,0.469387755
0.775510204,0.469387755
0.795918367,0.469387755
0.816326531,0.469387755
0.836734694,0.469387755
0.857142857,0.469387755
0.87755102,0.469387755
0.897959184,0.469387755
0.918367347,0.469387755
0.93877551,0.469387755
0.959183673,0.469387755
0.979591837,0.469387755
0.020408163,0.489795918
0.040816327,0.489795918
0.06122449,0.489795918
0.081632653,0.489795918
0.102040816,0.489795918
0.12244898,0.489795918
0.142857143,0.489795918
0.163265306,0.489795918
0.183673469,0.489795918
0.204081633,0.489795918
0.224489796,0.489795918
0.244897959,0.489795918
0.265306122,0.489795918
0.285714286,0.489795918
0.306122449,0.489795918
0.326530612,0.489795918
0.346938776,0.489795918
0.367346939,0.489795918
0.387755102,0.489795918
0.408163265,0.489795918
0.428571429,0.489795918
0.448979592,0.489795918
0.469387755,0.489795918
0.489795918,0.489795918
0.510204082,0.489795918
0.530612245,0.489795918
0.551020408,0.489795918
0.571428571,0.489795918
0.591836735,0.489795918
0.612244898,0.489795918
0.632653061,0.489795918
0.653061224,0.489795918
0.673469388,0.489795918
0.693877551,0.489795918
0.714285714,0.489795918
0.734693878,0.489795918
0.755102041,0.489795918
0.775510204,0.489795918
0.795918367,0.489795918
0.816326531,0.489795918
0.836734694,0.489795918
0.857142857,0.489795918
0.87755102,0.489795918
0.897959184,0.489795918
0.918367347,0.489795918
0.93877551,0.489795918
0.959183673,0.489795918
0.979591837,0.489795918
0.020408163,0.510204082
0.040816327,0.510204082
0.06122449,0.510204082
0.081632653,0.510204082
0.102040816,0.510204082
0.12244898,0.510204082
0.142857143,0.510204082
0.163265306,0.510204082
0.183673469,0.510204082
0.204081633,0.510204082
0.224489796,0.510204082
0.244897959,0.510204082
0.265306122,0.510204082
0.285714286,0.510204082
0.306122449,0.510204082
0.326530612,0.510204082
0.346938776,0.510204082
0.367346939,0.510204082
0.387755102,0.510204082
0.408163265,0.510204082
0.428571429,0.510204082
0.448979592,0.510204082
0.469387755,0.510204082
0.489795918,0.510204082
0.510204082,0.510204082
0.530612245,0.510204082
0.551020408,0.510204082
0.571428571,0.510204082
0.591836735,0.510204082
0.612244898,0.510204082
0.632653061,0.510204082
0.653061224,0.510204082
0.673469388,0.510204082
0.693877551,0.510204082
0.714285714,0.510204082
0.734693878,0.510204082
0.755102041,0.510204082
0.775510204,0.510204082
0.795918367,0.510204082
0.816326531,0.510204082
0.836734694,0.510204082
0.857142857,0.510204082
0.87755102,0.510204082
0.897959184,0.510204082
0.918367347,0.510204082
0.93877551,0.510204082
0.959183673,0.510204082
0.979591837,0.510204082
0.020408163,0.530612245
0.040816327,0.530612245
0.06122449,0.530612245
0.081632653,0.530612245
0.102040816,0.530612245
0.12244898,0.530612245
0.142857143,0.530612245
0.163265306,0.530612245
0.183673469,0.530612245
0.204081633,0.530612245
0.224489796,0.530612245
0.244897959,0.530612245
0.265306122,0.530612245
0.285714286,0.530612245
0.306122449,0.530612245
0.326530612,0.530612245
0.346938776,0.530612245
0.367346939,0.530612245
0.387755102,0.530612245
0.408163265,0.530612245
0.428571429,0.530612245
0.448979592,0.530612245
0.469387755,0.530612245
0.489795918,0.530612245
0.510204082,0.530612245
0.530612245,0.530612245
0.551020408,0.530612245
0.571428571,0.530612245
0.591836735,0.530612245
0.612244898,0.530612245
0.632653061,0.530612245
0.653061224,0.530612245
0.673469388,0.530612245
0.693877551,0.530612245
0.714285714,0.530612245
0.734693878,0.530612245
0.755102041,0.530612245
0.775510204,0.530612245
0.795918367,0.530612245
0.816326531,0.530612245
0.836734694,0.530612245
0.857142857,0.530612245
0.87755102,0.530612245
0.897959184,0.530612245
0.918367347,0.530612245
0.93877551,0.530612245
0.959183673,0.530612245
0.979591837,0.530612245
0.020408163,0.551020408
0.040816327,0.551020408
0.06122449,0.551020408
0.081632653,0.551020408
0.102040816,0.551020408
0.12244898,0.551020408
0.142857143,0.551020408
0.163265306,0.551020408
0.183673469,0.551020408
0.204081633,0.551020408
0.224489796,0.551020408
0.244897959,0.551020408
0.265306122,0.551020408
0.285714286,0.551020408
0.306122449,0.551020408
0.326530612,0.551020408
0.346938776,0.551020408
0.367346939,0.551020408
0.387755102,0.551020408
0.408163265,0.551020408
0.428571429,0.551020408
0.448979592,0.551020408
0.469387755,0.551020408
0.489795918,0.551020408
0.510204082,0.551020408
0.530612245,0.551020408
0.551020408,0.551020408
0.571428571,0.551020408
0.591836735,0.551020408
0.612244898,0.551020408
0.632653061,0.551020408
0.653061224,0.551020408
0.673469388,0.551020408
0.693877551,0.551020408
0.714285714,0.551020408
0.734693878,0.551020408
0.755102041,0.551020408
0.775510204,0.551020408
0.795918367,0.551020408
0.816326531,0.551020408
0.836734694,0.551020408
0.857142857,0.551020408
0.87755102,0.551020408
0.897959184,0.551020408
0.918367347,0.551020408
0.93877551,0.551020408
0.959183673,0.551020408
0.979591837,0.551020408
0.020408163,0.571428571
0.040816327,0.571428571
0.06122449,0.571428571
0.081632653,0.571428571
0.102040816,0.571428571
0.12244898,0.571428571
0.142857143,0.571428571
0.163265306,0.571428571
0.183673469,0.571428571
0.204081633,0.571428571
0.224489796,0.571428571
0.244897959,0.571428571
0.265306122,0.571428571
0.285714286,0.571428571
0.306122449,0.571428571
0.326530612,0.571428571
0.346938776,0.571428571
0.367346939,0.571428571
0.387755102,0.571428571
0.408163265,0.571428571
0.428571429,0.571428571
0.448979592,0.571428571
0.469387755,0.571428571
0.489795918,0.571428571
0.510204082,0.571428571
0.530612245,0.571428571
0.551020408,0.571428571
0.571428571,0.571428571
0.591836735,0.571428571
0.612244898,0.571428571
0.632653061,0.571428571
0.653061224,0.571428571
0.673469388,0.571428571
0.693877551,0.571428571
0.714285714,0.571428571
0.734693878,0.571428571
0.755102041,0.571428571
0.775510204,0.571428571
0.795918367,0.571428571
0.816326531,0.571428571
0.836734694,0.571428571
0.857142857,0.571428571
0.87755102,0.571428571
0.897959184,0.571428571
0.918367347,0.571428571
0.93877551,0.571428571
0.959183673,0.571428571
0.979591837,0.571428571
0.020408163,0.591836735
0.040816327,0.591836735
0.06122449,0.591836735
0.081632653,0.591836735
0.102040816,0.591836735
0.12244898,0.591836735
0.142857143,0.591836735
0.163265306,0.591836735
0.183673469,0.591836735
0.204081633,0.591836735
0.224489796,0.591836735
0.244897959,0.591836735
0.265306122,0.591836735
0.285714286,0.591836735
0.306122449,0.591836735
0.326530612,0.591836735
0.346938776,0.591836735
0.367346939,0.591836735
0.387755102,0.591836735
0.408163265,0.591836735
0.428571429,0.591836735
0.448979592,0.591836735
0.469387755,0.591836735
0.489795918,0.591836735
0.510204082,0.591836735
0.530612245,0.591836735
0.551020408,0.591836735
0.571428571,0.591836735
0.591836735,0.591836735
0.612244898,0.591836735
0.632653061,0.591836735
0.653061224,0.591836735
0.673469388,0.591836735
0.693877551,0.591836735
0.714285714,0.591836735
0.734693878,0.591836735
0.755102041,0.591836735
0.775510204,0.591836735
0.795918367,0.591836735
0.816326531,0.591836735
0.836734694,0.591836735
0.857142857,0.591836735
0.87755102,0.591836735
0.897959184,0.591836735
0.918367347,0.591836735
0.93877551,0.591836735
0.959183673,0.591836735
0.979591837,0.591836735
0.020408163,0.612244898
0.040816327,0.612244898
0.06122449,0.612244898
0.081632653,0.612244898
0.102040816,0.612244898
0.12244898,0.612244898
0.142857143,0.612244898
0.163265306,0.612244898
0.183673469,0.612244898
0.204081633,0.612244898
0.224489796,0.612244898
0.244897959,0.612244898
0.265306122,0.612244898
0.285714286,0.612244898
0.306122449,0.612244898
0.326530612,0.612244898
0.346938776,0.612244898
0.367346939,0.612244898
0.387755102,0.612244898
0.408163265,0.612244898
0.428571429,0.612244898
0.448979592,0.612244898
0.469387755,0.612244898
0.489795918,0.612244898
0.510204082,0.612244898
0.530612245,0.612244898
0.551020408,0.612244898
0.571428571,0.612244898
0.591836735,0.612244898
0.612244898,0.612244898
0.632653061,0.612244898
0.653061224,0.612244898
0.673469388,0.612244898
0.693877551,0.612244898
0.714285714,0.612244898
0.734693878,0.612244898
0.755102041,0.612244898
0.775510204,0.612244898
0.795918367,0.612244898
0.816326531,0.612244898
0.836734694,0.612244898
0.857142857,0.612244898
0.87755102,0.612244898
0.897959184,0.612244898
0.918367347,0.612244898
0.93877551,0.612244898
0.959183673,0.612244898
0.979591837,0.612244898
0.020408163,0.632653061
0.040816327,0.632653061
0.06122449,0.632653061
0.081632653,0.632653061
0.102040816,0.632653061
0.12244898,0.632653061
0.142857143,0.632653061
0.163265306,0.632653061
0.183673469,0.632653061
0.204081633,0.632653061
0.224489796,0.632653061
0.244897959,0.632653061
0.265306122,0.632653061
0.285714286,0.632653061
0.306122449,0.632653061
0.326530612,0.632653061
0.346938776,0.632653061
0.367346939,0.632653061
0.387755102,0.632653061
0.408163265,0.632653061
0.428571429,0.632653061
0.448979592,0.632653061
0.469387755,0.632653061
0.489795918,0.632653061
0.510204082,0.632653061
0.530612245,0.632653061
0.551020408,0.632653061
0.571428571,0.632653061
0.591836735,0.632653061
0.612244898,0.632653061
0.632653061,0.632653061
0.653061224,0.632653061
0.673469388,0.632653061
0.693877551,0.632653061
0.714285714,0.632653061
0.734693878,0.632653061
0.755102041,0.632653061
0.775510204,0.632653061
0.795918367,0.632653061
0.816326531,0.632653061
0.836734694,0.632653061
0.857142857,0.632653061
0.87755102,0.632653061
0.897959184,0.632653061
0.918367347,0.632653061
0.93877551,0.632653061
0.959183673,0.632653061
0.979591837,0.632653061
0.020408163,0.653061224
0.040816327,0.653061224
0.06122449,0.653061224
0.081632653,0.653061224
0.102040816,0.653061224
0.12244898,0.653061224
0.142857143,0.653061224
0.163265306,0.653061224
0.183673469,0.653061224
0.204081633,0.653061224
0.224489796,0.653061224
0.244897959,0.653061224
0.265306122,0.653061224
0.285714286,0.653061224
0.306122449,0.653061224
0.326530612,0.653061224
0.346938776,0.653061224
0.367346939,0.653061224
0.387755102,0.653061224
0.408163265,0.653061224
0.428571429,0.653061224
0.448979592,0.653061224
0.469387755,0.653061224
0.489795918,0.653061224
0.510204082,0.653061224
0.530612245,0.653061224
0.551020408,0.653061224
0.571428571,0.653061224
0.591836735,0.653061224
0.612244898,0.653061224
0.632653061,0.653061224
0.653061224,0.653061224
0.673469388,0.653061224
0.693877551,0.653061224
0.714285714,0.653061224
0.734693878,0.653061224
0.755102041,0.653061224
0.775510204,0.653061224
0.795918367,0.653061224
0.816326531,0.653061224
0.836734694,0.653061224
0.857142857,0.653061224
0.87755102,0.653061224
0.897959184,0.653061224
0.918367347,0.653061224
0.93877551,0.653061224
0.959183673,0.653061224
0.979591837,0.653061224
0.020408163,0.673469388
0.040816327,0.673469388
0.06122449,0.673469388
0.081632653,0.673469388
0.102040816,0.673469388
0.12244898,0.673469388
0.142857143,0.673469388
0.163265306,0.673469388
0.183673469,0.673469388
0.204081633,0.673469388
0.224489796,0.673469388
0.244897959,0.673469388
0.265306122,0.673469388
0.285714286,0.673469388
0.306122449,0.673469388
0.326530612,0.673469388
0.346938776,0.673469388
0.367346939,0.673469388
0.387755102,0.673469388
0.408163265,0.673469388
0.428571429,0.673469388
0.448979592,0.673469388
0.469387755,0.673469388
0.489795918,0.673469388
0.510204082,0.673469388
0.530612245,0.673469388
0.551020408,0.673469388
0.571428571,0.673469388
0.591836735,0.673469388
0.612244898,0.673469388
0.632653061,0.673469388
0.653061224,0.673469388
0.673469388,0.673469388
0.693877551,0.673469388
0.714285714,0.673469388
0.734693878,0.673469388
0.755102041,0.673469388
0.775510204,0.673469388
0.795918367,0.673469388
0.816326531,0.673469388
0.836734694,0.673469388
0.857142857,0.673469388
0.87755102,0.673469388
0.897959184,0.673469388
0.918367347,0.673469388
0.93877551,0.673469388
0.959183673,0.673469388
0.979591837,0.673469388
0.020408163,0.693877551
0.040816327,0.693877551
0.06122449,0.693877551
0.081632653,0.693877551
0.102040816,0.693877551
0.12244898,0.693877551
0.142857143,0.693877551
0.163265306,0.693877551
0.183673469,0.693877551
0.204081633,0.693877551
0.224489796,0.693877551
0.244897959,0.693877551
0.265306122,0.693877551
0.285714286,0.693877551
0.306122449,0.693877551
0.326530612,0.693877551
0.346938776,0.693877551
0.367346939,0.693877551
0.387755102,0.693877551
0.408163265,0.693877551
0.428571429,0.693877551
0.448979592,0.693877551
0.469387755,0.693877551
0.489795918,0.693877551
0.510204082,0.693877551
0.530612245,0.693877551
0.551020408,0.693877551
0.571428571,0.693877551
0.591836735,0.693877551
0.612244898,0.693877551
0.632653061,0.693877551
0.653061224,0.693877551
0.673469388,0.693877551
0.693877551,0.693877551
0.714285714,0.693877551
0.734693878,0.693877551
0.755102041,0.693877551
0.775510204,0.693877551
0.795918367,0.693877551
0.816326531,0.693877551
0.836734694,0.693877551
0.857142857,0.693877551
0.87755102,0.693877551
0.897959184,0.693877551
0.918367347,0.693877551
0.93877551,0.693877551
0.959183673,0.693877551
0.979591837,0.693877551
0.020408163,0.714285714
0.040816327,0.714285714
0.06122449,0.714285714
0.081632653,0.714285714
0.102040816,0.714285714
0.12244898,0.714285714
0.142857143,0.714285714
0.163265306,0.714285714
0.183673469,0.714285714
0.204081633,0.714285714
0.224489796,0.714285714
0.244897959,0.714285714
0.265306122,0.714285714
0.285714286,0.714285714
0.306122449,0.714285714
0.326530612,0.714285714
0.346938776,0.714285714
0.367346939,0.714285714
0.387755102,0.714285714
0.408163265,0.714285714
0.428571429,0.714285714
0.448979592,0.714285714
0.469387755,0.714285714
0.489795918,0.714285714
0.510204082,0.714285714
0.530612245,0.714285714
0.551020408,0.714285714
0.571428571,0.714285714
0.591836735,0.714285714
0.612244898,0.714285714
0.632653061,0.714285714
0.653061224,0.714285714
0.673469388,0.714285714
0.693877551,0.714285714
0.714285714,0.714285714
0.734693878,0.714285714
0.755102041,0.714285714
0.775510204,0.714285714
0.795918367,0.714285714
0.816326531,0.714285714
0.836734694,0.714285714
0.857142857,0.714285714
0.87755102,0.714285714
0.897959184,0.714285714
0.918367347,0.714285714
0.93877551,0.714285714
0.959183673,0.714285714
0.979591837,0.714285714
0.020408163,0.734693878
0.040816327,0.734693878
0.06122449,0.734693878
0.081632653,0.734693878
0.102040816,0.734693878
0.12244898,0.734693878
0.142857143,0.734693878
0.163265306,0.734693878
0.183673469,0.734693878
0.204081633,0.734693878
0.224489796,0.734693878
0.244897959,0.734693878
0.265306122,0.734693878
0.285714286,0.734693878
0.306122449,0.734693878
0.326530612,0.734693878
0.346938776,0.734693878
0.367346939,0.734693878
0.387755102,0.734693878
0.408163265,0.734693878
0.428571429,0.734693878
0.448979592,0.734693878
0.469387755,0.734693878
0.489795918,0.734693878
0.510204082,0.734693878
0.530612245,0.734693878
0.551020408,0.734693878
0.571428571,0.734693878
0.591836735,0.734693878
0.612244898,0.734693878
0.632653061,0.734693878
0.653061224,0.734693878
0.673469388,0.734693878
0.693877551,0.734693878
0.714285714,0.734693878
0.734693878,0.734693878
0.755102041,0.734693878
0.775510204,0.734693878
0.795918367,0.734693878
0.816326531,0.734693878
0.836734694,0.734693878
0.857142857,0.734693878
0.87755102,0.734693878
0.897959184,0.734693878
0.918367347,0.734693878
0.93877551,0.734693878
0.959183673,0.734693878
0.979591837,0.734693878
0.020408163,0.755102041
0.040816327,0.755102041
0.06122449,0.755102041
0.081632653,0.755102041
0.102040816,0.755102041
0.12244898,0.755102041
0.142857143,0.755102041
0.163265306,0.755102041
0.183673469,0.755102041
0.204081633,0.755102041
0.224489796,0.755102041
0.244897959,0.755102041
0.265306122,0.755102041
0.285714286,0.755102041
0.306122449,0.755102041
0.326530612,0.755102041
0.346938776,0.755102041
0.367346939,0.755102041
0.387755102,0.755102041
0.408163265,0.755102041
0.428571429,0.755102041
0.448979592,0.755102041
0.469387755,0.755102041
0.489795918,0.755102041
0.510204082,0.755102041
0.530612245,0.755102041
0.551020408,0.755102041
0.571428571,0.755102041
0.591836735,0.755102041
0.612244898,0.755102041
0.632653061,0.755102041
0.653061224,0.755102041
0.673469388,0.755102041
0.693877551,0.755102041
0.714285714,0.755102041
0.734693878,0.755102041
0.755102041,0.755102041
0.775510204,0.755102041
0.795918367,0.755102041
0.816326531,0.755102041
0.836734694,0.755102041
0.857142857,0.755102041
0.87755102,0.755102041
0.897959184,0.755102041
0.918367347,0.755102041
0.93877551,0.755102041
0.959183673,0.755102041
0.979591837,0.755102041
0.020408163,0.775510204
0.040816327,0.775510204
0.06122449,0.775510204
0.081632653,0.775510204
0.102040816,0.775510204
0.12244898,0.775510204
0.142857143,0.775510204
0.163265306,0.775510204
0.183673469,0.775510204
0.204081633,0.775510204
0.224489796,0.775510204
0.244897959,0.775510204
0.265306122,0.775510204
0.285714286,0.775510204
0.306122449,0.775510204
0.326530612,0.775510204
0.346938776,0.775510204
0.367346939,0.775510204
0.387755102,0.775510204
0.408163265,0.775510204
0.428571429,0.775510204
0.448979592,0.775510204
0.469387755,0.775510204
0.489795918,0.775510204
0.510204082,0.775510204
0.530612245,0.775510204
0.551020408,0.775510204
0.571428571,0.775510204
0.591836735,0.775510204
0.612244898,0.775510204
0.632653061,0.775510204
0.653061224,0.775510204
0.673469388,0.775510204
0.693877551,0.775510204
0.714285714,0.775510204
0.734693878,0.775510204
0.755102041,0.775510204
0.775510204,0.775510204
0.795918367,0.775510204
0.816326531,0.775510204
0.836734694,0.775510204
0.857142857,0.775510204
0.87755102,0.775510204
0.897959184,0.775510204
0.918367347,0.775510204
0.93877551,0.775510204
0.959183673,0.775510204
0.979591837,0.775510204
0.020408163,0.795918367
0.040816327,0.795918367
0.06122449,0.795918367
0.081632653,0.795918367
0.102040816,0.795918367
0.12244898,0.795918367
0.142857143,0.795918367
0.163265306,0.795918367
0.183673469,0.795918367
0.204081633,0.795918367
0.224489796,0.795918367
0.244897959,0.795918367
0.265306122,0.795918367
0.285714286,0.795918367
0.306122449,0.795918367
0.326530612,0.795918367
0.346938776,0.795918367
0.367346939,0.795918367
0.387755102,0.795918367
0.408163265,0.795918367
0.428571429,0.795918367
0.448979592,0.795918367
0.469387755,0.795918367
0.489795918,0.795918367
0.510204082,0.795918367
0.530612245,0.795918367
0.551020408,0.795918367
0.571428571,0.795918367
0.591836735,0.795918367
0.612244898,0.795918367
0.632653061,0.795918367
0.653061224,0.795918367
0.673469388,0.795918367
0.693877551,0.795918367
0.714285714,0.795918367
0.734693878,0.795918367
0.755102041,0.795918367
0.775510204,0.795918367
0.795918367,0.795918367
0.816326531,0.795918367
0.836734694,0.795918367
0.857142857,0.795918367
0.87755102,0.795918367
0.897959184,0.795918367
0.918367347,0.795918367
0.93877551,0.795918367
0.959183673,0.795918367
0.979591837,0.795918367
0.020408163,0.816326531
0.040816327,0.816326531
0.06122449,0.816326531
0.081632653,0.816326531
0.102040816,0.816326531
0.12244898,0.816326531
0.142857143,0.816326531
0.163265306,0.816326531
0.183673469,0.816326531
0.204081633,0.816326531
0.224489796,0.816326531
0.244897959,0.816326531
0.265306122,0.816326531
0.285714286,0.816326531
0.306122449,0.816326531
0.326530612,0.816326531
0.346938776,0.816326531
0.367346939,0.816326531
0.387755102,0.816326531
0.408163265,0.816326531
0.428571429,0.816326531
0.448979592,0.816326531
0.469387755,0.816326531
0.489795918,0.816326531
0.510204082,0.816326531
0.530612245,0.816326531
0.551020408,0.816326531
0.571428571,0.816326531
0.591836735,0.816326531
0.612244898,0.816326531
0.632653061,0.816326531
0.653061224,0.816326531
0.673469388,0.816326531
0.693877551,0.816326531
0.714285714,0.816326531
0.734693878,0.816326531
0.755102041,0.816326531
0.775510204,0.816326531
0.795918367,0.816326531
0.816326531,0.816326531
0.836734694,0.816326531
0.857142857,0.816326531
0.87755102,0.816326531
0.897959184,0.816326531
0.918367347,0.816326531
0.93877551,0.816326531
0.959183673,0.816326531
0.979591837,0.816326531
0.020408163,0.836734694
0.040816327,0.836734694
0.06122449,0.836734694
0.081632653,0.836734694
0.102040816,0.836734694
0.12244898,0.836734694
0.142857143,0.836734694
0.163265306,0.836734694
0.183673469,0.836734694
0.204081633,0.836734694
0.224489796,0.836734694
0.244897959,0.836734694
0.265306122,0.836734694
0.285714286,0.836734694
0.306122449,0.836734694
0.326530612,0.836734694
0.346938776,0.836734694
0.367346939,0.836734694
0.387755102,0.836734694
0.408163265,0.836734694
0.428571429,0.836734694
0.448979592,0.836734694
0.469387755,0.836734694
0.489795918,0.836734694
0.510204082,0.836734694
0.530612245,0.836734694
0.551020408,0.836734694
0.571428571,0.836734694
0.591836735,0.836734694
0.612244898,0.836734694
0.632653061,0.836734694
0.653061224,0.836734694
0.673469388,0.836734694
0.693877551,0.836734694
0.714285714,0.836734694
0.734693878,0.836734694
0.755102041,0.836734694
0.775510204,0.836734694
0.795918367,0.836734694
0.816326531,0.836734694
0.836734694,0.836734694
0.857142857,0.836734694
0.87755102,0.836734694
0.897959184,0.836734694
0.918367347,0.836734694
0.93877551,0.836734694
0.959183673,0.836734694
0.979591837,0.836734694
0.020408163,0.857142857
0.040816327,0.857142857
0.06122449,0.857142857
0.081632653,0.857142857
0.102040816,0.857142857
0.12244898,0.857142857
0.142857143,0.857142857
0.163265306,0.857142857
0.183673469,0.857142857
0.204081633,0.857142857
0.224489796,0.857142857
0.244897959,0.857142857
0.265306122,0.857142857
0.285714286,0.857142857
0.306122449,0.857142857
0.326530612,0.857142857
0.346938776,0.857142857
0.367346939,0.857142857
0.387755102,0.857142857
0.408163265,0.857142857
0.428571429,0.857142857
0.448979592,0.857142857
0.469387755,0.857142857
0.489795918,0.857142857
0.510204082,0.857142857
0.530612245,0.857142857
0.551020408,0.857142857
0.571428571,0.857142857
0.591836735,0.857142857
0.612244898,0.857142857
0.632653061,0.857142857
0.653061224,0.857142857
0.673469388,0.857142857
0.693877551,0.857142857
0.714285714,0.857142857
0.734693878,0.857142857
0.755102041,0.857142857
0.775510204,0.857142857
0.795918367,0.857142857
0.816326531,0.857142857
0.836734694,0.857142857
0.857142857,0.857142857
0.87755102,0.857142857
0.897959184,0.857142857
0.918367347,0.857142857
0.93877551,0.857142857
0.959183673,0.857142857
0.979591837,0.857142857
0.020408163,0.87755102
0.040816327,0.87755102
0.06122449,0.87755102
0.081632653,0.87755102
0.102040816,0.87755102
0.12244898,0.87755102
0.142857143,0.87755102
0.163265306,0.87755102
0.183673469,0.87755102
0.204081633,0.87755102
0.224489796,0.87755102
0.244897959,0.87755102
0.265306122,0.87755102
0.285714286,0.87755102
0.306122449,0.87755102
0.326530612,0.87755102
0.346938776,0.87755102
0.367346939,0.87755102
0.387755102,0.87755102
0.408163265,0.87755102
0.428571429,0.87755102
0.448979592,0.87755102
0.469387755,0.87755102
0.489795918,0.87755102
0.510204082,0.87755102
0.530612245,0.87755102
0.551020408,0.87755102
0.571428571,0.87755102
0.591836735,0.87755102
0.612244898,0.87755102
0.632653061,0.87755102
0.653061224,0.87755102
0.673469388,0.87755102
0.693877551,0.87755102
0.714285714,0.87755102
0.734693878,0.87755102
0.755102041,0.87755102
0.775510204,0.87755102
0.795918367,0.87755102
0.816326531,0.87755102
0.836734694,0.87755102
0.857142857,0.87755102
0.87755102,0.87755102
0.897959184,0.87755102
0.918367347,0.87755102
0.93877551,0.87755102
0.959183673,0.87755102
0.979591837,0.87755102
0.020408163,0.897959184
0.040816327,0.897959184
0.06122449,0.897959184
0.081632653,0.897959184
0.102040816,0.897959184
0.12244898,0.897959184
0.142857143,0.897959184
0.163265306,0.897959184
0.183673469,0.897959184
0.204081633,0.897959184
0.224489796,0.897959184
0.244897959,0.897959184
0.265306122,0.897959184
0.285714286,0.897959184
0.306122449,0.897959184
0.326530612,0.897959184
0.346938776,0.897959184
0.367346939,0.897959184
0.387755102,0.897959184
0.408163265,0.897959184
0.428571429,0.897959184
0.448979592,0.897959184
0.469387755,0.897959184
0.489795918,0.897959184
0.510204082,0.897959184
0.530612245,0.897959184
0.551020408,0.897959184
0.571428571,0.897959184
0.591836735,0.897959184
0.612244898,0.897959184
0.632653061,0.897959184
0.653061224,0.897959184
0.673469388,0.897959184
0.693877551,0.897959184
0.714285714,0.897959184
0.734693878,0.897959184
0.755102041,0.897959184
0.775510204,0.897959184
0.795918367,0.897959184
0.816326531,0.897959184
0.836734694,0.897959184
0.857142857,0.897959184
0.87755102,0.897959184
0.897959184,0.897959184
0.918367347,0.897959184
0.93877551,0.897959184
0.959183673,0.897959184
0.979591837,0.897959184
0.020408163,0.918367347
0.040816327,0.918367347
0.06122449,0.918367347
0.081632653,0.918367347
0.102040816,0.918367347
0.12244898,0.918367347
0.142857143,0.918367347
0.163265306,0.918367347
0.183673469,0.918367347
0.204081633,0.918367347
0.224489796,0.918367347
0.244897959,0.918367347
0.265306122,0.918367347
0.285714286,0.918367347
0.306122449,0.918367347
0.326530612,0.918367347
0.346938776,0.918367347
0.367346939,0.918367347
0.387755102,0.918367347
0.408163265,0.918367347
0.428571429,0.918367347
0.448979592,0.918367347
0.469387755,0.918367347
0.489795918,0.918367347
0.510204082,0.918367347
0.530612245,0.918367347
0.551020408,0.918367347
0.571428571,0.918367347
0.591836735,0.918367347
0.612244898,0.918367347
0.632653061,0.918367347
0.653061224,0.918367347
0.673469388,0.918367347
0.693877551,0.918367347
0.714285714,0.918367347
0.734693878,0.918367347
0.755102041,0.918367347
0.775510204,0.918367347
0.795918367,0.918367347
0.816326531,0.918367347
0.836734694,0.918367347
0.857142857,0.918367347
0.87755102,0.918367347
0.897959184,0.918367347
0.918367347,0.918367347
0.93877551,0.918367347
0.959183673,0.918367347
0.979591837,0.918367347
0.020408163,0.93877551
0.040816327,0.93877551
0.06122449,0.93877551
0.081632653,0.93877551
0.102040816,0.93877551
0.12244898,0.93877551
0.142857143,0.93877551
0.163265306,0.93877551
0.183673469,0.93877551
0.204081633,0.93877551
0.224489796,0.93877551
0.244897959,0.93877551
0.265306122,0.93877551
0.285714286,0.93877551
0.306122449,0.93877551
0.326530612,0.93877551
0.346938776,0.93877551
0.367346939,0.93877551
0.387755102,0.93877551
0.408163265,0.93877551
0.428571429,0.93877551
0.448979592,0.93877551
0.469387755,0.93877551
0.489795918,0.93877551
0.510204082,0.93877551
0.530612245,0.93877551
0.551020408,0.93877551
0.571428571,0.93877551
0.591836735,0.93877551
0.612244898,0.93877551
0.632653061,0.93877551
0.653061224,0.93877551
0.673469388,0.93877551
0.693877551,0.93877551
0.714285714,0.93877551
0.734693878,0.93877551
0.755102041,0.93877551
0.775510204,0.93877551
0.795918367,0.93877551
0.816326531,0.93877551
0.836734694,0.93877551
0.857142857,0.93877551
0.87755102,0.93877551
0.897959184,0.93877551
0.918367347,0.93877551
0.93877551,0.93877551
0.959183673,0.93877551
0.979591837,0.93877551
0.020408163,0.959183673
0.040816327,0.959183673
0.06122449,0.959183673
0.081632653,0.959183673
0.102040816,0.959183673
0.12244898,0.959183673
0.142857143,0.959183673
0.163265306,0.959183673
0.183673469,0.959183673
0.204081633,0.959183673
0.224489796,0.959183673
0.244897959,0.959183673
0.265306122,0.959183673
0.285714286,0.959183673
0.306122449,0.959183673
0.326530612,0.959183673
0.346938776,0.959183673
0.367346939,0.959183673
0.387755102,0.959183673
0.408163265,0.959183673
0.428571429,0.959183673
0.448979592,0.959183673
0.469387755,0.959183673
0.489795918,0.959183673
0.510204082,0.959183673
0.530612245,0.959183673
0.551020408,0.959183673
0.571428571,0.959183673
0.591836735,0.959183673
0.612244898,0.959183673
0.632653061,0.959183673
0.653061224,0.959183673
0.673469388,0.959183673
0.693877551,0.959183673
0.714285714,0.959183673
0.734693878,0.959183673
0.755102041,0.959183673
0.775510204,0.959183673
0.795918367,0.959183673
0.816326531,0.959183673
0.836734694,0.959183673
0.857142857,0.959183673
0.87755102,0.959183673
0.897959184,0.959183673
0.918367347,0.959183673
0.93877551,0.959183673
0.959183673,0.959183673
0.979591837,0.959183673
0.020408163,0.979591837
0.040816327,0.979591837
0.06122449,0.979591837
0.081632653,0.979591837
0.102040816,0.979591837
0.12244898,0.979591837
0.142857143,0.979591837
0.163265306,0.979591837
0.183673469,0.979591837
0.204081633,0.979591837
0.224489796,0.979591837
0.244897959,0.979591837
0.265306122,0.979591837
0.285714286,0.979591837
0.306122449,0.979591837
0.326530612,0.979591837
0.346938776,0.979591837
0.367346939,0.979591837
0.387755102,0.979591837
0.408163265,0.979591837
0.428571429,0.979591837
0.448979592,0.979591837
0.469387755,0.979591837
0.489795918,0.979591837
0.510204082,0.979591837
0.530612245,0.979591837
0.551020408,0.979591837
0.571428571,0.979591837
0.591836735,0.979591837
0.612244898,0.979591837
0.632653061,0.979591837
0.653061224,0.979591837
0.673469388,0.979591837
0.693877551,0.979591837
0.714285714,0.979591837
0.734693878,0.979591837
0.755102041,0.979591837
0.775510204,0.979591837
0.795918367,0.979591837
0.816326531,0.979591837
0.836734694,0.979591837
0.857142857,0.979591837
0.87755102,0.979591837
0.897959184,0.979591837
0.918367347,0.979591837
0.93877551,0.979591837
0.959183673,0.979591837
0.979591837,0.979591837
0,0
0.001736111,0
0.003472222,0
0.005208333,0
0.006944444,0
0.008680556,0
0.010416667,0
0.012152778,0
0.013888889,0
0.015625,0
0.017361111,0
0.019097222,0
0.020833333,0
0.022569444,0
0.024305556,0
0.026041667,0
0.027777778,0
0.029513889,0
0.03125,0
0.032986111,0
0.034722222,0
0.036458333,0
0.038194444,0
0.039930556,0
0.041666667,0
0.043402778,0
0.045138889,0
0.046875,0
0.048611111,0
0.050347222,0
0.052083333,0
0.053819444,0
0.055555556,0
0.057291667,0
0.059027778,0
0.060763889,0
0.0625,0
0.064236111,0
0.065972222,0
0.067708333,0
0.069444444,0
0.071180556,0
0.072916667,0
0.074652778,0
0.076388889,0
0.078125,0
0.079861111,0
0.081597222,0
0.083333333,0
0.085069444,0
0.086805556,0
0.088541667,0
0.090277778,0
0.092013889,0
0.09375,0
0.095486111,0
0.097222222,0
0.098958333,0
0.100694444,0
0.102430556,0
0.104166667,0
0.105902778,0
0.107638889,0
0.109375,0
0.111111111,0
0.112847222,0
0.114583333,0
0.116319444,0
0.118055556,0
0.119791667,0
0.121527778,0
0.123263889,0
0.125,0
0.126736111,0
0.128472222,0
0.130208333,0
0.131944444,0
0.133680556,0
0.135416667,0
0.137152778,0
0.138888889,0
0.140625,0
0.142361111,0
0.144097222,0
0.145833333,0
0.147569444,0
0.149305556,0
0.151041667,0
0.152777778,0
0.154513889,0
0.15625,0
0.157986111,0
0.159722222,0
0.161458333,0
0.163194444,0
0.164930556,0
0.166666667,0
0.168402778,0
0.170138889,0
0.171875,0
0.173611111,0
0.175347222,0
0.177083333,0
0.178819444,0
0.180555556,0
0.182291667,0
0.184027778,0
0.185763889,0
0.1875,0
0.189236111,0
0.190972222,0
0.192708333,0
0.194444444,0
0.196180556,0
0.197916667,0
0.199652778,0
0.201388889,0
0.203125,0
0.204861111,0
0.206597222,0
0.208333333,0
0.210069444,0
0.211805556,0
0.213541667,0
0.215277778,0
0.217013889,0
0.21875,0
0.220486111,0
0.222222222,0
0.223958333,0
0.225694444,0
0.227430556,0
0.229166667,0
0.230902778,0
0.232638889,0
0.234375,0
0.236111111,0
0.237847222,0
0.239583333,0
0.241319444,0
0.243055556,0
0.244791667,0
0.246527778,0
0.248263889,0
0.25,0
0.251736111,0
0.253472222,0
0.255208333,0
0.256944444,0
0.258680556,0
0.260416667,0
0.262152778,0
0.263888889,0
0.265625,0
0.267361111,0
0.269097222,0
0.270833333,0
0.272569444,0
0.274305556,0
0.276041667,0
0.277777778,0
0.279513889,0
0.28125,0
0.282986111,0
0.284722222,0
0.286458333,0
0.288194444,0
0.289930556,0
0.291666667,0
0.293402778,0
0.295138889,0
0.296875,0
0.298611111,0
0.300347222,0
0.302083333,0
0.303819444,0
0.305555556,0
0.307291667,0
0.309027778,0
0.310763889,0
0.3125,0
0.314236111,0
0.315972222,0
0.317708333,0
0.319444444,0
0.321180556,0
0.322916667,0
0.324652778,0
0.326388889,0
0.328125,0
0.329861111,0
0.331597222,0
0.333333333,0
0.335069444,0
0.336805556,0
0.338541667,0
0.340277778,0
0.342013889,0
0.34375,0
0.345486111,0
0.347222222,0
0.348958333,0
0.350694444,0
0.352430556,0
0.354166667,0
0.355902778,0
0.357638889,0
0.359375,0
0.361111111,0
0.362847222,0
0.364583333,0
0.366319444,0
0.368055556,0
0.369791667,0
0.371527778,0
0.373263889,0
0.375,0
0.376736111,0
0.378472222,0
0.380208333,0
0.381944444,0
0.383680556,0
0.385416667,0
0.387152778,0
0.388888889,0
0.390625,0
0.392361111,0
0.394097222,0
0.395833333,0
0.397569444,0
0.399305556,0
0.401041667,0
0.402777778,0
0.404513889,0
0.40625,0
0.407986111,0
0.409722222,0
0.411458333,0
0.413194444,0
0.414930556,0
0.416666667,0
0.418402778,0
0.420138889,0
0.421875,0
0.423611111,0
0.425347222,0
0.427083333,0
0.428819444,0
0.430555556,0
0.432291667,0
0.434027778,0
0.435763889,0
0.4375,0
0.439236111,0
0.440972222,0
0.442708333,0
0.444444444,0
0.446180556,0
0.447916667,0
0.449652778,0
0.451388889,0
0.453125,0
0.454861111,0
0.456597222,0
0.458333333,0
0.460069444,0
0.461805556,0
0.463541667,0
0.465277778,0
0.467013889,0
0.46875,0
0.470486111,0
0.472222222,0
0.473958333,0
0.475694444,0
0.477430556,0
0.479166667,0
0.480902778,0
0.482638889,0
0.484375,0
0.486111111,0
0.487847222,0
0.489583333,0
0.491319444,0
0.493055556,0
0.494791667,0
0.496527778,0
0.498263889,0
0.5,0
0.501736111,0
0.503472222,0
0.505208333,0
0.506944444,0
0.508680556,0
0.510416667,0
0.512152778,0
0.513888889,0
0.515625,0
0.517361111,0
0.519097222,0
0.520833333,0
0.522569444,0
0.524305556,0
0.526041667,0
0.527777778,0
0.529513889,0
0.53125,0
0.532986111,0
0.534722222,0
0.536458333,0
0.538194444,0
0.539930556,0
0.541666667,0
0.543402778,0
0.545138889,0
0.546875,0
0.548611111,0
0.550347222,0
0.552083333,0
0.553819444,0
0.555555556,0
0.557291667,0
0.559027778,0
0.560763889,0
0.5625,0
0.564236111,0
0.565972222,0
0.567708333,0
0.569444444,0
0.571180556,0
0.572916667,0
0.574652778,0
0.576388889,0
0.578125,0
0.579861111,0
0.581597222,0
0.583333333,0
0.585069444,0
0.586805556,0
0.588541667,0
0.590277778,0
0.592013889,0
0.59375,0
0.595486111,0
0.597222222,0
0.598958333,0
0.600694444,0
0.602430556,0
0.604166667,0
0.605902778,0
0.607638889,0
0.609375,0
0.611111111,0
0.612847222,0
0.614583333,0
0.616319444,0
0.618055556,0
0.619791667,0
0.621527778,0
0.623263889,0
0.625,0
0.626736111,0
0.628472222,0
0.630208333,0
0.631944444,0
0.633680556,0
0.635416667,0
0.637152778,0
0.638888889,0
0.640625,0
0.642361111,0
0.644097222,0
0.645833333,0
0.647569444,0
0.649305556,0
0.651041667,0
0.652777778,0
0.654513889,0
0.65625,0
0.657986111,0
0.659722222,0
0.661458333,0
0.663194444,0
0.664930556,0
0.666666667,0
0.668402778,0
0.670138889,0
0.671875,0
0.673611111,0
0.675347222,0
0.677083333,0
0.678819444,0
0.680555556,0
0.682291667,0
0.684027778,0
0.685763889,0
0.6875,0
0.689236111,0
0.690972222,0
0.692708333,0
0.694444444,0
0.696180556,0
0.697916667,0
0.699652778,0
0.701388889,0
0.703125,0
0.704861111,0
0.706597222,0
0.708333333,0
0.710069444,0
0.711805556,0
0.713541667,0
0.715277778,0
0.717013889,0
0.71875,0
0.720486111,0
0.722222222,0
0.723958333,0
0.725694444,0
0.727430556,0
0.729166667,0
0.730902778,0
0.732638889,0
0.734375,0
0.736111111,0
0.737847222,0
0.739583333,0
0.741319444,0
0.743055556,0
0.744791667,0
0.746527778,0
0.748263889,0
0.75,0
0.751736111,0
0.753472222,0
0.755208333,0
0.756944444,0
0.758680556,0
0.760416667,0
0.762152778,0
0.763888889,0
0.765625,0
0.767361111,0
0.769097222,0
0.770833333,0
0.772569444,0
0.774305556,0
0.776041667,0
0.777777778,0
0.779513889,0
0.78125,0
0.782986111,0
0.784722222,0
0.786458333,0
0.788194444,0
0.789930556,0
0.791666667,0
0.793402778,0
0.795138889,0
0.796875,0
0.798611111,0
0.800347222,0
0.802083333,0
0.803819444,0
0.805555556,0
0.807291667,0
0.809027778,0
0.810763889,0
0.8125,0
0.814236111,0
0.815972222,0
0.817708333,0
0.819444444,0
0.821180556,0
0.822916667,0
0.824652778,0
0.826388889,0
0.828125,0
0.829861111,0
0.831597222,0
0.833333333,0
0.835069444,0
0.836805556,0
0.838541667,0
0.840277778,0
0.842013889,0
0.84375,0
0.845486111,0
0.847222222,0
0.848958333,0
0.850694444,0
0.852430556,0
0.854166667,0
0.855902778,0
0.857638889,0
0.859375,0
0.861111111,0
0.862847222,0
0.864583333,0
0.866319444,0
0.868055556,0
0.869791667,0
0.871527778,0
0.873263889,0
0.875,0
0.876736111,0
0.878472222,0
0.880208333,0
0.881944444,0
0.883680556,0
0.885416667,0
0.887152778,0
0.888888889,0
0.890625,0
0.892361111,0
0.894097222,0
0.895833333,0
0.897569444,0
0.899305556,0
0.901041667,0
0.902777778,0
0.904513889,0
0.90625,0
0.907986111,0
0.909722222,0
0.911458333,0
0.913194444,0
0.914930556,0
0.916666667,0
0.918402778,0
0.920138889,0
0.921875,0
0.923611111,0
0.925347222,0
0.927083333,0
0.928819444,0
0.930555556,0
0.932291667,0
0.934027778,0
0.935763889,0
0.9375,0
0.939236111,0
0.940972222,0
0.942708333,0
0.944444444,0
0.946180556,0
0.947916667,0
0.949652778,0
0.951388889,0
0.953125,0
0.954861111,0
0.956597222,0
0.958333333,0
0.960069444,0
0.961805556,0
0.963541667,0
0.965277778,0
0.967013889,0
0.96875,0
0.970486111,0
0.972222222,0
0.973958333,0
0.975694444,0
0.977430556,0
0.979166667,0
0.980902778,0
0.982638889,0
0.984375,0
0.986111111,0
0.987847222,0
0.989583333,0
0.991319444,0
0.993055556,0
0.994791667,0
0.996527778,0
0.998263889,0
1,0
0,1
0.001736111,1
0.003472222,1
0.005208333,1
0.006944444,1
0.008680556,1
0.010416667,1
0.012152778,1
0.013888889,1
0.015625,1
0.017361111,1
0.019097222,1
0.020833333,1
0.022569444,1
0.024305556,1
0.026041667,1
0.027777778,1
0.029513889,1
0.03125,1
0.032986111,1
0.034722222,1
0.036458333,1
0.038194444,1
0.039930556,1
0.041666667,1
0.043402778,1
0.045138889,1
0.046875,1
0.048611111,1
0.050347222,1
0.052083333,1
0.053819444,1
0.055555556,1
0.057291667,1
0.059027778,1
0.060763889,1
0.0625,1
0.064236111,1
0.065972222,1
0.067708333,1
0.069444444,1
0.071180556,1
0.072916667,1
0.074652778,1
0.076388889,1
0.078125,1
0.079861111,1
0.081597222,1
0.083333333,1
0.085069444,1
0.086805556,1
0.088541667,1
0.090277778,1
0.092013889,1
0.09375,1
0.095486111,1
0.097222222,1
0.098958333,1
0.100694444,1
0.102430556,1
0.104166667,1
0.105902778,1
0.107638889,1
0.109375,1
0.111111111,1
0.112847222,1
0.114583333,1
0.116319444,1
0.118055556,1
0.119791667,1
0.121527778,1
0.123263889,1
0.125,1
0.126736111,1
0.128472222,1
0.130208333,1
0.131944444,1
0.133680556,1
0.135416667,1
0.137152778,1
0.138888889,1
0.140625,1
0.142361111,1
0.144097222,1
0.145833333,1
0.147569444,1
0.149305556,1
0.151041667,1
0.152777778,1
0.154513889,1
0.15625,1
0.157986111,1
0.159722222,1
0.161458333,1
0.163194444,1
0.164930556,1
0.166666667,1
0.168402778,1
0.170138889,1
0.171875,1
0.173611111,1
0.175347222,1
0.177083333,1
0.178819444,1
0.180555556,1
0.182291667,1
0.184027778,1
0.185763889,1
0.1875,1
0.189236111,1
0.190972222,1
0.192708333,1
0.194444444,1
0.196180556,1
0.197916667,1
0.199652778,1
0.201388889,1
0.203125,1
0.204861111,1
0.206597222,1
0.208333333,1
0.210069444,1
0.211805556,1
0.213541667,1
0.215277778,1
0.217013889,1
0.21875,1
0.220486111,1
0.222222222,1
0.223958333,1
0.225694444,1
0.227430556,1
0.229166667,1
0.230902778,1
0.232638889,1
0.234375,1
0.236111111,1
0.237847222,1
0.239583333,1
0.241319444,1
0.243055556,1
0.244791667,1
0.246527778,1
0.248263889,1
0.25,1
0.251736111,1
0.253472222,1
0.255208333,1
0.256944444,1
0.258680556,1
0.260416667,1
0.262152778,1
0.263888889,1
0.265625,1
0.267361111,1
0.269097222,1
0.270833333,1
0.272569444,1
0.274305556,1
0.276041667,1
0.277777778,1
0.279513889,1
0.28125,1
0.282986111,1
0.284722222,1
0.286458333,1
0.288194444,1
0.289930556,1
0.291666667,1
0.293402778,1
0.295138889,1
0.296875,1
0.298611111,1
0.300347222,1
0.302083333,1
0.303819444,1
0.305555556,1
0.307291667,1
0.309027778,1
0.310763889,1
0.3125,1
0.314236111,1
0.315972222,1
0.317708333,1
0.319444444,1
0.321180556,1
0.322916667,1
0.324652778,1
0.326388889,1
0.328125,1
0.329861111,1
0.331597222,1
0.333333333,1
0.335069444,1
0.336805556,1
0.338541667,1
0.340277778,1
0.342013889,1
0.34375,1
0.345486111,1
0.347222222,1
0.348958333,1
0.350694444,1
0.352430556,1
0.354166667,1
0.355902778,1
0.357638889,1
0.359375,1
0.361111111,1
0.362847222,1
0.364583333,1
0.366319444,1
0.368055556,1
0.369791667,1
0.371527778,1
0.373263889,1
0.375,1
0.376736111,1
0.378472222,1
0.380208333,1
0.381944444,1
0.383680556,1
0.385416667,1
0.387152778,1
0.388888889,1
0.390625,1
0.392361111,1
0.394097222,1
0.395833333,1
0.397569444,1
0.399305556,1
0.401041667,1
0.402777778,1
0.404513889,1
0.40625,1
0.407986111,1
0.409722222,1
0.411458333,1
0.413194444,1
0.414930556,1
0.416666667,1
0.418402778,1
0.420138889,1
0.421875,1
0.423611111,1
0.425347222,1
0.427083333,1
0.428819444,1
0.430555556,1
0.432291667,1
0.434027778,1
0.435763889,1
0.4375,1
0.439236111,1
0.440972222,1
0.442708333,1
0.444444444,1
0.446180556,1
0.447916667,1
0.449652778,1
0.451388889,1
0.453125,1
0.454861111,1
0.456597222,1
0.458333333,1
0.460069444,1
0.461805556,1
0.463541667,1
0.465277778,1
0.467013889,1
0.46875,1
0.470486111,1
0.472222222,1
0.473958333,1
0.475694444,1
0.477430556,1
0.479166667,1
0.480902778,1
0.482638889,1
0.484375,1
0.486111111,1
0.487847222,1
0.489583333,1
0.491319444,1
0.493055556,1
0.494791667,1
0.496527778,1
0.498263889,1
0.5,1
0.501736111,1
0.503472222,1
0.505208333,1
0.506944444,1
0.508680556,1
0.510416667,1
0.512152778,1
0.513888889,1
0.515625,1
0.517361111,1
0.519097222,1
0.520833333,1
0.522569444,1
0.524305556,1
0.526041667,1
0.527777778,1
0.529513889,1
0.53125,1
0.532986111,1
0.534722222,1
0.536458333,1
0.538194444,1
0.539930556,1
0.541666667,1
0.543402778,1
0.545138889,1
0.546875,1
0.548611111,1
0.550347222,1
0.552083333,1
0.553819444,1
0.555555556,1
0.557291667,1
0.559027778,1
0.560763889,1
0.5625,1
0.564236111,1
0.565972222,1
0.567708333,1
0.569444444,1
0.571180556,1
0.572916667,1
0.574652778,1
0.576388889,1
0.578125,1
0.579861111,1
0.581597222,1
0.583333333,1
0.585069444,1
0.586805556,1
0.588541667,1
0.590277778,1
0.592013889,1
0.59375,1
0.595486111,1
0.597222222,1
0.598958333,1
0.600694444,1
0.602430556,1
0.604166667,1
0.605902778,1
0.607638889,1
0.609375,1
0.611111111,1
0.612847222,1
0.614583333,1
0.616319444,1
0.618055556,1
0.619791667,1
0.621527778,1
0.623263889,1
0.625,1
0.626736111,1
0.628472222,1
0.630208333,1
0.631944444,1
0.633680556,1
0.635416667,1
0.637152778,1
0.638888889,1
0.640625,1
0.642361111,1
0.644097222,1
0.645833333,1
0.647569444,1
0.649305556,1
0.651041667,1
0.652777778,1
0.654513889,1
0.65625,1
0.657986111,1
0.659722222,1
0.661458333,1
0.663194444,1
0.664930556,1
0.666666667,1
0.668402778,1
0.670138889,1
0.671875,1
0.673611111,1
0.675347222,1
0.677083333,1
0.678819444,1
0.680555556,1
0.682291667,1
0.684027778,1
0.685763889,1
0.6875,1
0.689236111,1
0.690972222,1
0.692708333,1
0.694444444,1
0.696180556,1
0.697916667,1
0.699652778,1
0.701388889,1
0.703125,1
0.704861111,1
0.706597222,1
0.708333333,1
0.710069444,1
0.711805556,1
0.713541667,1
0.715277778,1
0.717013889,1
0.71875,1
0.720486111,1
0.722222222,1
0.723958333,1
0.725694444,1
0.727430556,1
0.729166667,1
0.730902778,1
0.732638889,1
0.734375,1
0.736111111,1
0.737847222,1
0.739583333,1
0.741319444,1
0.743055556,1
0.744791667,1
0.746527778,1
0.748263889,1
0.75,1
0.751736111,1
0.753472222,1
0.755208333,1
0.756944444,1
0.758680556,1
0.760416667,1
0.762152778,1
0.763888889,1
0.765625,1
0.767361111,1
0.769097222,1
0.770833333,1
0.772569444,1
0.774305556,1
0.776041667,1
0.777777778,1
0.779513889,1
0.78125,1
0.782986111,1
0.784722222,1
0.786458333,1
0.788194444,1
0.789930556,1
0.791666667,1
0.793402778,1
0.795138889,1
0.796875,1
0.798611111,1
0.800347222,1
0.802083333,1
0.803819444,1
0.805555556,1
0.807291667,1
0.809027778,1
0.810763889,1
0.8125,1
0.814236111,1
0.815972222,1
0.817708333,1
0.819444444,1
0.821180556,1
0.822916667,1
0.824652778,1
0.826388889,1
0.828125,1
0.829861111,1
0.831597222,1
0.833333333,1
0.835069444,1
0.836805556,1
0.838541667,1
0.840277778,1
0.842013889,1
0.84375,1
0.845486111,1
0.847222222,1
0.848958333,1
0.850694444,1
0.852430556,1
0.854166667,1
0.855902778,1
0.857638889,1
0.859375,1
0.861111111,1
0.862847222,1
0.864583333,1
0.866319444,1
0.868055556,1
0.869791667,1
0.871527778,1
0.873263889,1
0.875,1
0.876736111,1
0.878472222,1
0.880208333,1
0.881944444,1
0.883680556,1
0.885416667,1
0.887152778,1
0.888888889,1
0.890625,1
0.892361111,1
0.894097222,1
0.895833333,1
0.897569444,1
0.899305556,1
0.901041667,1
0.902777778,1
0.904513889,1
0.90625,1
0.907986111,1
0.909722222,1
0.911458333,1
0.913194444,1
0.914930556,1
0.916666667,1
0.918402778,1
0.920138889,1
0.921875,1
0.923611111,1
0.925347222,1
0.927083333,1
0.928819444,1
0.930555556,1
0.932291667,1
0.934027778,1
0.935763889,1
0.9375,1
0.939236111,1
0.940972222,1
0.942708333,1
0.944444444,1
0.946180556,1
0.947916667,1
0.949652778,1
0.951388889,1
0.953125,1
0.954861111,1
0.956597222,1
0.958333333,1
0.960069444,1
0.961805556,1
0.963541667,1
0.965277778,1
0.967013889,1
0.96875,1
0.970486111,1
0.972222222,1
0.973958333,1
0.975694444,1
0.977430556,1
0.979166667,1
0.980902778,1
0.982638889,1
0.984375,1
0.986111111,1
0.987847222,1
0.989583333,1
0.991319444,1
0.993055556,1
0.994791667,1
0.996527778,1
0.998263889,1
1,1
1,0.001736111
1,0.003472222
1,0.005208333
1,0.006944444
1,0.008680556
1,0.010416667
1,0.012152778
1,0.013888889
1,0.015625
1,0.017361111
1,0.019097222
1,0.020833333
1,0.022569444
1,0.024305556
1,0.026041667
1,0.027777778
1,0.029513889
1,0.03125
1,0.032986111
1,0.034722222
1,0.036458333
1,0.038194444
1,0.039930556
1,0.041666667
1,0.043402778
1,0.045138889
1,0.046875
1,0.048611111
1,0.050347222
1,0.052083333
1,0.053819444
1,0.055555556
1,0.057291667
1,0.059027778
1,0.060763889
1,0.0625
1,0.064236111
1,0.065972222
1,0.067708333
1,0.069444444
1,0.071180556
1,0.072916667
1,0.074652778
1,0.076388889
1,0.078125
1,0.079861111
1,0.081597222
1,0.083333333
1,0.085069444
1,0.086805556
1,0.088541667
1,0.090277778
1,0.092013889
1,0.09375
1,0.095486111
1,0.097222222
1,0.098958333
1,0.100694444
1,0.102430556
1,0.104166667
1,0.105902778
1,0.107638889
1,0.109375
1,0.111111111
1,0.112847222
1,0.114583333
1,0.116319444
1,0.118055556
1,0.119791667
1,0.121527778
1,0.123263889
1,0.125
1,0.126736111
1,0.128472222
1,0.130208333
1,0.131944444
1,0.133680556
1,0.135416667
1,0.137152778
1,0.138888889
1,0.140625
1,0.142361111
1,0.144097222
1,0.145833333
1,0.147569444
1,0.149305556
1,0.151041667
1,0.152777778
1,0.154513889
1,0.15625
1,0.157986111
1,0.159722222
1,0.161458333
1,0.163194444
1,0.164930556
1,0.166666667
1,0.168402778
1,0.170138889
1,0.171875
1,0.173611111
1,0.175347222
1,0.177083333
1,0.178819444
1,0.180555556
1,0.182291667
1,0.184027778
1,0.185763889
1,0.1875
1,0.189236111
1,0.190972222
1,0.192708333
1,0.194444444
1,0.196180556
1,0.197916667
1,0.199652778
1,0.201388889
1,0.203125
1,0.204861111
1,0.206597222
1,0.208333333
1,0.210069444
1,0.211805556
1,0.213541667
1,0.215277778
1,0.217013889
1,0.21875
1,0.220486111
1,0.222222222
1,0.223958333
1,0.225694444
1,0.227430556
1,0.229166667
1,0.230902778
1,0.232638889
1,0.234375
1,0.236111111
1,0.237847222
1,0.239583333
1,0.241319444
1,0.243055556
1,0.244791667
1,0.246527778
1,0.248263889
1,0.25
1,0.251736111
1,0.253472222
1,0.255208333
1,0.256944444
1,0.258680556
1,0.260416667
1,0.262152778
1,0.263888889
1,0.265625
1,0.267361111
1,0.269097222
1,0.270833333
1,0.272569444
1,0.274305556
1,0.276041667
1,0.277777778
1,0.279513889
1,0.28125
1,0.282986111
1,0.284722222
1,0.286458333
1,0.288194444
1,0.289930556
1,0.291666667
1,0.293402778
1,0.295138889
1,0.296875
1,0.298611111
1,0.300347222
1,0.302083333
1,0.303819444
1,0.305555556
1,0.307291667
1,0.309027778
1,0.310763889
1,0.3125
1,0.314236111
1,0.315972222
1,0.317708333
1,0.319444444
1,0.321180556
1,0.322916667
1,0.324652778
1,0.326388889
1,0.328125
1,0.329861111
1,0.331597222
1,0.333333333
1,0.335069444
1,0.336805556
1,0.338541667
1,0.340277778
1,0.342013889
1,0.34375
1,0.345486111
1,0.347222222
1,0.348958333
1,0.350694444
1,0.352430556
1,0.354166667
1,0.355902778
1,0.357638889
1,0.359375
1,0.361111111
1,0.362847222
1,0.364583333
1,0.366319444
1,0.368055556
1,0.369791667
1,0.371527778
1,0.373263889
1,0.375
1,0.376736111
1,0.378472222
1,0.380208333
1,0.381944444
1,0.383680556
1,0.385416667
1,0.387152778
1,0.388888889
1,0.390625
1,0.392361111
1,0.394097222
1,0.395833333
1,0.397569444
1,0.399305556
1,0.401041667
1,0.402777778
1,0.404513889
1,0.40625
1,0.407986111
1,0.409722222
1,0.411458333
1,0.413194444
1,0.414930556
1,0.416666667
1,0.418402778
1,0.420138889
1,0.421875
1,0.423611111
1,0.425347222
1,0.427083333
1,0.428819444
1,0.430555556
1,0.432291667
1,0.434027778
1,0.435763889
1,0.4375
1,0.439236111
1,0.440972222
1,0.442708333
1,0.444444444
1,0.446180556
1,0.447916667
1,0.449652778
1,0.451388889
1,0.453125
1,0.454861111
1,0.456597222
1,0.458333333
1,0.460069444
1,0.461805556
1,0.463541667
1,0.465277778
1,0.467013889
1,0.46875
1,0.470486111
1,0.472222222
1,0.473958333
1,0.475694444
1,0.477430556
1,0.479166667
1,0.480902778
1,0.482638889
1,0.484375
1,0.486111111
1,0.487847222
1,0.489583333
1,0.491319444
1,0.493055556
1,0.494791667
1,0.496527778
1,0.498263889
1,0.5
1,0.501736111
1,0.503472222
1,0.505208333
1,0.506944444
1,0.508680556
1,0.510416667
1,0.512152778
1,0.513888889
1,0.515625
1,0.517361111
1,0.519097222
1,0.520833333
1,0.522569444
1,0.524305556
1,0.526041667
1,0.527777778
1,0.529513889
1,0.53125
1,0.532986111
1,0.534722222
1,0.536458333
1,0.538194444
1,0.539930556
1,0.541666667
1,0.543402778
1,0.545138889
1,0.546875
1,0.548611111
1,0.550347222
1,0.552083333
1,0.553819444
1,0.555555556
1,0.557291667
1,0.559027778
1,0.560763889
1,0.5625
1,0.564236111
1,0.565972222
1,0.567708333
1,0.569444444
1,0.571180556
1,0.572916667
1,0.574652778
1,0.576388889
1,0.578125
1,0.579861111
1,0.581597222
1,0.583333333
1,0.585069444
1,0.586805556
1,0.588541667
1,0.590277778
1,0.592013889
1,0.59375
1,0.595486111
1,0.597222222
1,0.598958333
1,0.600694444
1,0.602430556
1,0.604166667
1,0.605902778
1,0.607638889
1,0.609375
1,0.611111111
1,0.612847222
1,0.614583333
1,0.616319444
1,0.618055556
1,0.619791667
1,0.621527778
1,0.623263889
1,0.625
1,0.626736111
1,0.628472222
1,0.630208333
1,0.631944444
1,0.633680556
1,0.635416667
1,0.637152778
1,0.638888889
1,0.640625
1,0.642361111
1,0.644097222
1,0.645833333
1,0.647569444
1,0.649305556
1,0.651041667
1,0.652777778
1,0.654513889
1,0.65625
1,0.657986111
1,0.659722222
1,0.661458333
1,0.663194444
1,0.664930556
1,0.666666667
1,0.668402778
1,0.670138889
1,0.671875
1,0.673611111
1,0.675347222
1,0.677083333
1,0.678819444
1,0.680555556
1,0.682291667
1,0.684027778
1,0.685763889
1,0.6875
1,0.689236111
1,0.690972222
1,0.692708333
1,0.694444444
1,0.696180556
1,0.697916667
1,0.699652778
1,0.701388889
1,0.703125
1,0.704861111
1,0.706597222
1,0.708333333
1,0.710069444
1,0.711805556
1,0.713541667
1,0.715277778
1,0.717013889
1,0.71875
1,0.720486111
1,0.722222222
1,0.723958333
1,0.725694444
1,0.727430556
1,0.729166667
1,0.730902778
1,0.732638889
1,0.734375
1,0.736111111
1,0.737847222
1,0.739583333
1,0.741319444
1,0.743055556
1,0.744791667
1,0.746527778
1,0.748263889
1,0.75
1,0.751736111
1,0.753472222
1,0.755208333
1,0.756944444
1,0.758680556
1,0.760416667
1,0.762152778
1,0.763888889
1,0.765625
1,0.767361111
1,0.769097222
1,0.770833333
1,0.772569444
1,0.774305556
1,0.776041667
1,0.777777778
1,0.779513889
1,0.78125
1,0.782986111
1,0.784722222
1,0.786458333
1,0.788194444
1,0.789930556
1,0.791666667
1,0.793402778
1,0.795138889
1,0.796875
1,0.798611111
1,0.800347222
1,0.802083333
1,0.803819444
1,0.805555556
1,0.807291667
1,0.809027778
1,0.810763889
1,0.8125
1,0.814236111
1,0.815972222
1,0.817708333
1,0.819444444
1,0.821180556
1,0.822916667
1,0.824652778
1,0.826388889
1,0.828125
1,0.829861111
1,0.831597222
1,0.833333333
1,0.835069444
1,0.836805556
1,0.838541667
1,0.840277778
1,0.842013889
1,0.84375
1,0.845486111
1,0.847222222
1,0.848958333
1,0.850694444
1,0.852430556
1,0.854166667
1,0.855902778
1,0.857638889
1,0.859375
1,0.861111111
1,0.862847222
1,0.864583333
1,0.866319444
1,0.868055556
1,0.869791667
1,0.871527778
1,0.873263889
1,0.875
1,0.876736111
1,0.878472222
1,0.880208333
1,0.881944444
1,0.883680556
1,0.885416667
1,0.887152778
1,0.888888889
1,0.890625
1,0.892361111
1,0.894097222
1,0.895833333
1,0.897569444
1,0.899305556
1,0.901041667
1,0.902777778
1,0.904513889
1,0.90625
1,0.907986111
1,0.909722222
1,0.911458333
1,0.913194444
1,0.914930556
1,0.916666667
1,0.918402778
1,0.920138889
1,0.921875
1,0.923611111
1,0.925347222
1,0.927083333
1,0.928819444
1,0.930555556
1,0.932291667
1,0.934027778
1,0.935763889
1,0.9375
1,0.939236111
1,0.940972222
1,0.942708333
1,0.944444444
1,0.946180556
1,0.947916667
1,0.949652778
1,0.951388889
1,0.953125
1,0.954861111
1,0.956597222
1,0.958333333
1,0.960069444
1,0.961805556
1,0.963541667
1,0.965277778
1,0.967013889
1,0.96875
1,0.970486111
1,0.972222222
1,0.973958333
1,0.975694444
1,0.977430556
1,0.979166667
1,0.980902778
1,0.982638889
1,0.984375
1,0.986111111
1,0.987847222
1,0.989583333
1,0.991319444
1,0.993055556
1,0.994791667
1,0.996527778
1,0.998263889
0,0.001736111
0,0.003472222
0,0.005208333
0,0.006944444
0,0.008680556
0,0.010416667
0,0.012152778
0,0.013888889
0,0.015625
0,0.017361111
0,0.019097222
0,0.020833333
0,0.022569444
0,0.024305556
0,0.026041667
0,0.027777778
0,0.029513889
0,0.03125
0,0.032986111
0,0.034722222
0,0.036458333
0,0.038194444
0,0.039930556
0,0.041666667
0,0.043402778
0,0.045138889
0,0.046875
0,0.048611111
0,0.050347222
0,0.052083333
0,0.053819444
0,0.055555556
0,0.057291667
0,0.059027778
0,0.060763889
0,0.0625
0,0.064236111
0,0.065972222
0,0.067708333
0,0.069444444
0,0.071180556
0,0.072916667
0,0.074652778
0,0.076388889
0,0.078125
0,0.079861111
0,0.081597222
0,0.083333333
0,0.085069444
0,0.086805556
0,0.088541667
0,0.090277778
0,0.092013889
0,0.09375
0,0.095486111
0,0.097222222
0,0.098958333
0,0.100694444
0,0.102430556
0,0.104166667
0,0.105902778
0,0.107638889
0,0.109375
0,0.111111111
0,0.112847222
0,0.114583333
0,0.116319444
0,0.118055556
0,0.119791667
0,0.121527778
0,0.123263889
0,0.125
0,0.126736111
0,0.128472222
0,0.130208333
0,0.131944444
0,0.133680556
0,0.135416667
0,0.137152778
0,0.138888889
0,0.140625
0,0.142361111
0,0.144097222
0,0.145833333
0,0.147569444
0,0.149305556
0,0.151041667
0,0.152777778
0,0.154513889
0,0.15625
0,0.157986111
0,0.159722222
0,0.161458333
0,0.163194444
0,0.164930556
0,0.166666667
0,0.168402778
0,0.170138889
0,0.171875
0,0.173611111
0,0.175347222
0,0.177083333
0,0.178819444
0,0.180555556
0,0.182291667
0,0.184027778
0,0.185763889
0,0.1875
0,0.189236111
0,0.190972222
0,0.192708333
0,0.194444444
0,0.196180556
0,0.197916667
0,0.199652778
0,0.201388889
0,0.203125
0,0.204861111
0,0.206597222
0,0.208333333
0,0.210069444
0,0.211805556
0,0.213541667
0,0.215277778
0,0.217013889
0,0.21875
0,0.220486111
0,0.222222222
0,0.223958333
0,0.225694444
0,0.227430556
0,0.229166667
0,0.230902778
0,0.232638889
0,0.234375
0,0.236111111
0,0.237847222
0,0.239583333
0,0.241319444
0,0.243055556
0,0.244791667
0,0.246527778
0,0.248263889
0,0.25
0,0.251736111
0,0.253472222
0,0.255208333
0,0.256944444
0,0.258680556
0,0.260416667
0,0.262152778
0,0.263888889
0,0.265625
0,0.267361111
0,0.269097222
0,0.270833333
0,0.272569444
0,0.274305556
0,0.276041667
0,0.277777778
0,0.279513889
0,0.28125
0,0.282986111
0,0.284722222
0,0.286458333
0,0.288194444
0,0.289930556
0,0.291666667
0,0.293402778
0,0.295138889
0,0.296875
0,0.298611111
0,0.300347222
0,0.302083333
0,0.303819444
0,0.305555556
0,0.307291667
0,0.309027778
0,0.310763889
0,0.3125
0,0.314236111
0,0.315972222
0,0.317708333
0,0.319444444
0,0.321180556
0,0.322916667
0,0.324652778
0,0.326388889
0,0.328125
0,0.329861111
0,0.331597222
0,0.333333333
0,0.335069444
0,0.336805556
0,0.338541667
0,0.340277778
0,0.342013889
0,0.34375
0,0.345486111
0,0.347222222
0,0.348958333
0,0.350694444
0,0.352430556
0,0.354166667
0,0.355902778
0,0.357638889
0,0.359375
0,0.361111111
0,0.362847222
0,0.364583333
0,0.366319444
0,0.368055556
0,0.369791667
0,0.371527778
0,0.373263889
0,0.375
0,0.376736111
0,0.378472222
0,0.380208333
0,0.381944444
0,0.383680556
0,0.385416667
0,0.387152778
0,0.388888889
0,0.390625
0,0.392361111
0,0.394097222
0,0.395833333
0,0.397569444
0,0.399305556
0,0.401041667
0,0.402777778
0,0.404513889
0,0.40625
0,0.407986111
0,0.409722222
0,0.411458333
0,0.413194444
0,0.414930556
0,0.416666667
0,0.418402778
0,0.420138889
0,0.421875
0,0.423611111
0,0.425347222
0,0.427083333
0,0.428819444
0,0.430555556
0,0.432291667
0,0.434027778
0,0.435763889
0,0.4375
0,0.439236111
0,0.440972222
0,0.442708333
0,0.444444444
0,0.446180556
0,0.447916667
0,0.449652778
0,0.451388889
0,0.453125
0,0.454861111
0,0.456597222
0,0.458333333
0,0.460069444
0,0.461805556
0,0.463541667
0,0.465277778
0,0.467013889
0,0.46875
0,0.470486111
0,0.472222222
0,0.473958333
0,0.475694444
0,0.477430556
0,0.479166667
0,0.480902778
0,0.482638889
0,0.484375
0,0.486111111
0,0.487847222
0,0.489583333
0,0.491319444
0,0.493055556
0,0.494791667
0,0.496527778
0,0.498263889
0,0.5
0,0.501736111
0,0.503472222
0,0.505208333
0,0.506944444
0,0.508680556
0,0.510416667
0,0.512152778
0,0.513888889
0,0.515625
0,0.517361111
0,0.519097222
0,0.520833333
0,0.522569444
0,0.524305556
0,0.526041667
0,0.527777778
0,0.529513889
0,0.53125
0,0.532986111
0,0.534722222
0,0.536458333
0,0.538194444
0,0.539930556
0,0.541666667
0,0.543402778
0,0.545138889
0,0.546875
0,0.548611111
0,0.550347222
0,0.552083333
0,0.553819444
0,0.555555556
0,0.557291667
0,0.559027778
0,0.560763889
0,0.5625
0,0.564236111
0,0.565972222
0,0.567708333
0,0.569444444
0,0.571180556
0,0.572916667
0,0.574652778
0,0.576388889
0,0.578125
0,0.579861111
0,0.581597222
0,0.583333333
0,0.585069444
0,0.586805556
0,0.588541667
0,0.590277778
0,0.592013889
0,0.59375
0,0.595486111
0,0.597222222
0,0.598958333
0,0.600694444
0,0.602430556
0,0.604166667
0,0.605902778
0,0.607638889
0,0.609375
0,0.611111111
0,0.612847222
0,0.614583333
0,0.616319444
0,0.618055556
0,0.619791667
0,0.621527778
0,0.623263889
0,0.625
0,0.626736111
0,0.628472222
0,0.630208333
0,0.631944444
0,0.633680556
0,0.635416667
0,0.637152778
0,0.638888889
0,0.640625
0,0.642361111
0,0.644097222
0,0.645833333
0,0.647569444
0,0.649305556
0,0.651041667
0,0.652777778
0,0.654513889
0,0.65625
0,0.657986111
0,0.659722222
0,0.661458333
0,0.663194444
0,0.664930556
0,0.666666667
0,0.668402778
0,0.670138889
0,0.671875
0,0.673611111
0,0.675347222
0,0.677083333
0,0.678819444
0,0.680555556
0,0.682291667
0,0.684027778
0,0.685763889
0,0.6875
0,0.689236111
0,0.690972222
0,0.692708333
0,0.694444444
0,0.696180556
0,0.697916667
0,0.699652778
0,0.701388889
0,0.703125
0,0.704861111
0,0.706597222
0,0.708333333
0,0.710069444
0,0.711805556
0,0.713541667
0,0.715277778
0,0.717013889
0,0.71875
0,0.720486111
0,0.722222222
0,0.723958333
0,0.725694444
0,0.727430556
0,0.729166667
0,0.730902778
0,0.732638889
0,0.734375
0,0.736111111
0,0.737847222
0,0.739583333
0,0.741319444
0,0.743055556
0,0.744791667
0,0.746527778
0,0.748263889
0,0.75
0,0.751736111
0,0.753472222
0,0.755208333
0,0.756944444
0,0.758680556
0,0.760416667
0,0.762152778
0,0.763888889
0,0.765625
0,0.767361111
0,0.769097222
0,0.770833333
0,0.772569444
0,0.774305556
0,0.776041667
0,0.777777778
0,0.779513889
0,0.78125
0,0.782986111
0,0.784722222
0,0.786458333
0,0.788194444
0,0.789930556
0,0.791666667
0,0.793402778
0,0.795138889
0,0.796875
0,0.798611111
0,0.800347222
0,0.802083333
0,0.803819444
0,0.805555556
0,0.807291667
0,0.809027778
0,0.810763889
0,0.8125
0,0.814236111
0,0.815972222
0,0.817708333
0,0.819444444
0,0.821180556
0,0.822916667
0,0.824652778
0,0.826388889
0,0.828125
0,0.829861111
0,0.831597222
0,0.833333333
0,0.835069444
0,0.836805556
0,0.838541667
0,0.840277778
0,0.842013889
0,0.84375
0,0.845486111
0,0.847222222
0,0.848958333
0,0.850694444
0,0.852430556
0,0.854166667
0,0.855902778
0,0.857638889
0,0.859375
0,0.861111111
0,0.862847222
0,0.864583333
0,0.866319444
0,0.868055556
0,0.869791667
0,0.871527778
0,0.873263889
0,0.875
0,0.876736111
0,0.878472222
0,0.880208333
0,0.881944444
0,0.883680556
0,0.885416667
0,0.887152778
0,0.888888889
0,0.890625
0,0.892361111
0,0.894097222
0,0.895833333
0,0.897569444
0,0.899305556
0,0.901041667
0,0.902777778
0,0.904513889
0,0.90625
0,0.907986111
0,0.909722222
0,0.911458333
0,0.913194444
0,0.914930556
0,0.916666667
0,0.918402778
0,0.920138889
0,0.921875
0,0.923611111
0,0.925347222
0,0.927083333
0,0.928819444
0,0.930555556
0,0.932291667
0,0.934027778
0,0.935763889
0,0.9375
0,0.939236111
0,0.940972222
0,0.942708333
0,0.944444444
0,0.946180556
0,0.947916667
0,0.949652778
0,0.951388889
0,0.953125
0,0.954861111
0,0.956597222
0,0.958333333
0,0.960069444
0,0.961805556
0,0.963541667
0,0.965277778
0,0.967013889
0,0.96875
0,0.970486111
0,0.972222222
0,0.973958333
0,0.975694444
0,0.977430556
0,0.979166667
0,0.980902778
0,0.982638889
0,0.984375
0,0.986111111
0,0.987847222
0,0.989583333
0,0.991319444
0,0.993055556
0,0.994791667
0,0.996527778
0,0.998263889
