0.014814814,0.97037037
0.029629629,0.985185185
0.033333333,0.966666666
0.016666667,0.949999999
0.053333333,0.973333333
0.044444444,0.955555555
0.029629629,0.940740741
0.018518518,0.925925925
0.074074074,0.97037037
0.066666666,0.944444444
0.083333333,0.949999999
0.047619047,0.936507936
0.033333333,0.916666667
0.015873015,0.904761904
0.095238095,0.984126984
0.093333333,0.937777777
0.103703703,0.965432099
0.096969697,0.919191919
0.077777777,0.922222222
0.05,0.916666667
0.062222222,0.906666666
0.033333333,0.899999999
0.016666667,0.883333332
0.124444444,0.968888888
0.116666667,0.983333333
0.113131313,0.935353535
0.129292929,0.951515151
0.107692307,0.907692307
0.12005772,0.92005772
0.083333333,0.896296296
0.046666666,0.89111111
0.064646464,0.886868686
0.032323232,0.872727272
0.015555555,0.86
0.145454545,0.971717171
0.153846154,0.953846154
0.145299145,0.938461538
0.136752136,0.923076922
0.102564102,0.892307692
0.126984126,0.904761904
0.076923077,0.876923077
0.095238095,0.873015873
0.048484848,0.87070707
0.061538461,0.861538461
0.032323232,0.854545454
0.016161616,0.838383838
0.206349206,0.984126984
0.174603174,0.952380952
0.183333333,0.985185185
0.166666666,0.97037037
0.228148148,0.985185185
0.162962963,0.925925925
0.152777778,0.908333333
0.114074074,0.881481481
0.1375,0.893055555
0.133333333,0.877777777
0.081481481,0.851851852
0.106944444,0.862499999
0.051282051,0.846153845
0.065185185,0.837037036
0.03076923,0.83076923
0.015384615,0.815384615
0.083333333,0.831944444
0.183333333,0.938888888
0.213888888,0.969444444
0.195555555,0.955555555
0.233333333,0.969444444
0.251851852,0.983950617
0.192592592,0.919753086
0.177777777,0.903703703
0.162962963,0.887654321
0.125490196,0.858823529
0.148148147,0.871604938
0.128395061,0.839506172
0.109803921,0.843137254
0.103703703,0.823456789
0.048888889,0.822222222
0.066666666,0.816666667
0.032592593,0.807407407
0.015873015,0.793650793
0.088888888,0.807407407
0.240740741,0.951851852
0.203921569,0.937254902
0.222222222,0.951851852
0.208641975,0.919753086
0.27368421,0.98362573
0.295555555,0.984444444
0.256790122,0.967901234
0.248888889,0.937777777
0.167251462,0.869005848
0.197660818,0.901754386
0.18245614,0.885380116
0.152046783,0.852631579
0.139999999,0.828888888
0.121637426,0.81988304
0.106432748,0.803508772
0.05,0.801388889
0.074074074,0.791358024
0.030555555,0.786111111
0.015277777,0.770833333
0.095238095,0.777777777
0.217777777,0.906666666
0.228070175,0.934502923
0.317460317,0.984126984
0.279999999,0.968888888
0.301587301,0.968253968
0.269841269,0.940740741
0.257575757,0.919191919
0.383999999,0.983999999
0.1745348,0.85369484
0.19047619,0.866666666
0.204891014,0.886230727
0.181818181,0.838383838
0.158730158,0.825396825
0.142857142,0.809523809
0.136363635,0.78989899
0.180676328,0.814492753
0.111111111,0.777777777
0.047058823,0.780392156
0.06419753,0.775308641
0.079365079,0.762962963
0.031372549,0.764705882
0.015686274,0.749019607
0.123671497,0.768115942
0.106060606,0.757575757
0.222222222,0.888888888
0.238095238,0.904761904
0.340096618,0.984541062
0.32463768,0.969082125
0.287878787,0.951515151
0.309178744,0.953623188
0.278260869,0.922705314
0.264787878,0.903595959
0.362666666,0.983999999
0.389743589,0.969230769
0.405982906,0.984615384
0.196444444,0.807999999
0.200966183,0.845410628
0.212121212,0.87070707
0.229166666,0.873611109
0.204629629,0.826851851
0.141666666,0.763888889
0.164251208,0.799033816
0.157407407,0.779629629
0.192,0.792
0.048148147,0.759259258
0.063492063,0.748148147
0.092753623,0.737198067
0.079365079,0.746031746
0.045614034,0.738011695
0.016049382,0.727160494
0.125925925,0.748148147
0.110185185,0.732407407
0.144,0.744
0.246376811,0.876328502
0.330555555,0.952777778
0.347555555,0.967999999
0.335999999,0.935999999
0.299074074,0.921296296
0.314814814,0.937037036
0.272,0.888
0.287111111,0.904
0.304,0.904
0.373504273,0.953846154
0.396825396,0.952380952
0.412698412,0.969841269
0.428571428,0.984126984
0.211111111,0.799999999
0.22037037,0.842592592
0.23611111,0.858333333
0.223999999,0.823999999
0.162393162,0.753846154
0.176,0.776
0.20329218,0.781069958
0.222222222,0.788888888
0.063492063,0.73015873
0.031111111,0.72
0.255999999,0.855999999
0.094444444,0.716666667
0.077294685,0.72173913
0.06060606,0.709090908
0.015204677,0.705263158
0.129914529,0.723076922
0.111999999,0.711999999
0.1563786,0.734156378
0.276068376,0.861538461
0.357264956,0.938461538
0.344032921,0.921810699
0.324786325,0.907692307
0.292307692,0.876923077
0.312757202,0.890534979
0.38095238,0.939682539
0.404444444,0.937777777
0.42,0.953333333
0.435555555,0.968888888
0.450574712,0.984674329
0.2345679,0.812345678
0.243589743,0.83076923
0.174603174,0.743650794
0.19047619,0.758730158
0.206349206,0.761904761
0.225287356,0.770114942
0.238095238,0.793650793
0.031746031,0.698412698
0.265843621,0.843621399
0.142857142,0.713492063
0.285714285,0.841269841
0.090666666,0.695999999
0.046376811,0.690821255
0.062962963,0.685185185
0.03030303,0.676767676
0.177011493,0.724137931
0.126984126,0.698412698
0.111111111,0.683333333
0.158730158,0.714285714
0.301587301,0.857142857
0.365079365,0.92063492
0.333333333,0.894444444
0.349206349,0.904761904
0.317460317,0.873015873
0.388888888,0.922222222
0.407407407,0.922222222
0.423703703,0.937777777
0.439999999,0.953333333
0.458333333,0.968055555
0.472592592,0.984444444
0.526388889,0.984027777
0.548888889,0.983703703
0.253968253,0.809523809
0.269841269,0.825396825
0.26074074,0.782222222
0.202222221,0.735555555
0.228148148,0.75111111
0.244444444,0.766666666
0.144827586,0.693486589
0.195555555,0.72
0.294814814,0.82111111
0.309629629,0.828888888
0.081196581,0.676923077
0.016425121,0.659903381
0.095238095,0.668253968
0.047222221,0.669444444
0.064,0.664
0.031481481,0.653703703
0.171111111,0.704444444
0.126984126,0.682539682
0.111111111,0.666666666
0.162962963,0.688888888
0.325925925,0.844444444
0.373333333,0.906666666
0.337931034,0.877394635
0.357777777,0.89111111
0.342222222,0.86
0.39111111,0.906666666
0.411259258,0.898666665
0.489382716,0.977777777
0.504377104,0.984511784
0.519865319,0.969023569
0.424296296,0.911111111
0.445432097,0.936296296
0.456805561,0.95201387
0.473611124,0.950694407
0.489876543,0.955555555
0.542652329,0.968458781
0.570881225,0.983908045
0.592857143,0.984126984
0.616,0.984888888
0.564444444,0.967407406
0.277037037,0.797777778
0.279999999,0.813333332
0.259722222,0.760416666
0.279132997,0.774835857
0.213888888,0.7125
0.22078853,0.731899641
0.244444444,0.744444444
0.146666666,0.673333333
0.19861111,0.696527777
0.305555556,0.808333333
0.328117283,0.82015432
0.079365079,0.653174603
0.01574074,0.637962962
0.096551723,0.647509578
0.048717948,0.646153845
0.063492063,0.638095238
0.032,0.632
0.183333333,0.680555555
0.124444444,0.657777777
0.114074074,0.642222222
0.168055555,0.664583333
0.346913579,0.83611111
0.381944444,0.888194444
0.359845678,0.852916666
0.366666666,0.872222222
0.403925926,0.883888888
0.441185185,0.899999999
0.425907407,0.879583333
0.512615039,0.954545453
0.535353535,0.953535353
0.457530864,0.913333332
0.467160492,0.934814814
0.488888888,0.933333333
0.458074074,0.888888887
0.558422939,0.952688172
0.637962962,0.984259259
0.587301587,0.968253968
0.609053497,0.96872428
0.632,0.967999999
0.579999999,0.953333333
0.297446689,0.789520201
0.265432098,0.737962962
0.281228957,0.751893939
0.296127946,0.767106247
0.219345237,0.689632936
0.266061253,0.714957256
0.235042735,0.703846146
0.250237416,0.720904554
0.141935483,0.653046594
0.203703696,0.672222238
0.325925926,0.797530864
0.346604938,0.811419752
0.079365079,0.634920634
0.015111111,0.616
0.093333333,0.626666666
0.047619047,0.623015873
0.063492063,0.619047619
0.031746031,0.607936507
0.189444444,0.657314814
0.162538579,0.643383487
0.1375,0.632638889
0.122222222,0.616666667
0.179476719,0.640566895
0.437833332,0.861249999
0.367901234,0.827777777
0.387037036,0.863888889
0.377469135,0.845833332
0.407407406,0.855555555
0.447888889,0.875277777
0.55084175,0.938047137
0.505693969,0.925252529
0.530849229,0.929068465
0.474444444,0.90111111
0.490864197,0.911111111
0.46987037,0.870972221
0.572222222,0.93611111
0.568271604,0.913888888
0.727160494,0.985185185
0.66060606,0.984848485
0.653703703,0.968518518
0.682539682,0.984126984
0.705263158,0.984795322
0.749019607,0.984313725
0.603174603,0.952380952
0.624691358,0.953086419
0.646153845,0.951282051
0.595555555,0.937777777
0.770833333,0.984722222
0.792592592,0.983703703
0.815384615,0.984615384
0.318195848,0.779477646
0.317255894,0.757823606
0.224074067,0.663888904
0.286419752,0.73148148
0.302735692,0.743371213
0.281885091,0.70900996
0.240079364,0.682738094
0.256196583,0.695192293
0.210833334,0.650046296
0.346296298,0.786728395
0.368312757,0.798148148
0.081481481,0.611111111
0.015873015,0.592857143
0.106944444,0.600694444
0.047619047,0.603174603
0.065185185,0.595555555
0.031746031,0.587301587
0.196414929,0.637750288
0.157021604,0.622183641
0.136555405,0.610145982
0.176543209,0.611728394
0.453240758,0.844212879
0.427777776,0.847222221
0.388888887,0.819444443
0.398148147,0.837499999
0.42116402,0.831746031
0.470265431,0.853194444
0.549043208,0.907638888
0.511185933,0.905274971
0.529814814,0.901388888
0.491358024,0.888888888
0.491851851,0.866666666
0.558407407,0.889166666
0.587499999,0.920138888
0.580592592,0.896666666
0.721637426,0.969590643
0.743209876,0.967901234
0.675362319,0.967149758
0.692929292,0.954545454
0.764705882,0.96862745
0.616858237,0.935632184
0.664,0.935999999
0.638095238,0.936507936
0.611111111,0.918518518
0.837037036,0.983333332
0.86,0.984444444
0.83076923,0.965811966
0.786111111,0.966666666
0.809523809,0.968253968
0.344675926,0.764607884
0.324242428,0.734848486
0.343055555,0.742487373
0.232222222,0.642777778
0.24444444,0.655555569
0.300854702,0.711111111
0.27735043,0.686538441
0.260813491,0.675843253
0.217803814,0.630481773
0.366666668,0.775925926
0.389451302,0.784876542
0.389170094,0.802160493
0.091666666,0.584722222
0.239479166,0.624438657
0.016091954,0.570881225
0.135610812,0.587653075
0.107289426,0.578474461
0.046666666,0.579999999
0.063082437,0.574193548
0.032592593,0.564444444
0.203385416,0.618185763
0.196064813,0.601273148
0.15607701,0.599690734
0.175834755,0.594858675
0.471064837,0.833217488
0.457142857,0.82063492
0.439329805,0.818253967
0.409876542,0.811111111
0.492345679,0.844444444
0.488888888,0.822222222
0.536222222,0.881666666
0.51098148,0.87736111
0.512420495,0.849719421
0.564417507,0.872323231
0.580555555,0.879351851
0.596693602,0.886380471
0.602777777,0.904166666
0.714285714,0.952380952
0.735555555,0.953333333
0.759259258,0.951851852
0.676923077,0.918803418
0.685185185,0.937037036
0.706280192,0.934299517
0.775308641,0.940740741
0.632183908,0.91954023
0.655967078,0.921810699
0.626666666,0.902222221
0.883333332,0.983333332
0.854545454,0.967676767
0.875555555,0.968888888
0.846153845,0.953846154
0.822222222,0.95111111
0.801388889,0.954166666
0.365277778,0.756965488
0.328395061,0.718518517
0.319658122,0.700000001
0.363888888,0.73800505
0.345749164,0.72632576
0.253611112,0.63550926
0.264814811,0.647222236
0.298504278,0.677884587
0.276018522,0.658935185
0.318482909,0.683386738
0.225347221,0.613368055
0.38703704,0.765123457
0.410425239,0.779012345
0.09199522,0.563560334
0.261154514,0.618395544
0.247309027,0.608550346
0.015555555,0.548888889
0.154896268,0.571574602
0.134666218,0.565160169
0.107634408,0.556254479
0.061111111,0.552777778
0.045833333,0.536805555
0.215586419,0.590817901
0.19512022,0.578780241
0.175126318,0.577989035
0.475238094,0.810317459
0.45749559,0.804761904
0.430864197,0.802777777
0.493333333,0.799999999
0.512611831,0.808658007
0.512516163,0.829188714
0.552570142,0.860269363
0.532495319,0.854994392
0.532192825,0.836155204
0.572974185,0.850729516
0.592884398,0.863411895
0.612794613,0.876094275
0.668253968,0.904761904
0.73015873,0.936507936
0.748148147,0.936507936
0.72173913,0.922705314
0.695999999,0.909333333
0.716666667,0.905555555
0.766666666,0.922222222
0.79607843,0.937254902
0.647509578,0.903448276
0.637275985,0.873835125
0.904761904,0.984126984
0.899999999,0.966666666
0.966666666,0.983333332
0.949999999,0.983333332
0.925925925,0.985185185
0.87070707,0.951515151
0.89111111,0.953333333
0.861538461,0.938461538
0.841269841,0.936507936
0.831944444,0.923611111
0.816666666,0.933333333
0.801742919,0.920479302
0.384722221,0.733522726
0.338461542,0.688888889
0.349588476,0.702777777
0.3672559,0.717803033
0.341105769,0.668576388
0.275000002,0.628240741
0.310760074,0.666521658
0.295370375,0.649537039
0.323015871,0.655158729
0.230227622,0.596865354
0.407407411,0.754320989
0.431399175,0.773148147
0.092323774,0.542398446
0.174276183,0.557745418
0.269270832,0.603732639
0.250969327,0.589228876
0.235108024,0.580362654
0.015770609,0.52688172
0.030555555,0.520833332
0.153998903,0.550206341
0.133721624,0.542667263
0.117921146,0.530058651
0.065898617,0.530133127
0.046202957,0.512998431
0.214830743,0.572823575
0.194175618,0.556287325
0.405555554,0.729040403
0.475661374,0.79126984
0.451989025,0.784567901
0.49382716,0.777777777
0.513035113,0.789610388
0.528584251,0.801803753
0.531890331,0.817316016
0.553063972,0.838047137
0.57044733,0.834632033
0.589725829,0.843290042
0.609004328,0.851948051
0.628282828,0.86060606
0.666666666,0.888888888
0.687242797,0.890534979
0.741414141,0.909090908
0.711999999,0.888
0.732407407,0.889814814
0.761904761,0.904761904
0.787134502,0.908771929
0.657777777,0.875555555
0.648611111,0.856249999
0.92063492,0.968253968
0.916666667,0.949999999
0.985185185,0.97037037
0.966666666,0.966666666
0.940740741,0.97037037
0.881481481,0.933333333
0.906666666,0.937777777
0.876923077,0.914529914
0.857142857,0.92063492
0.847222221,0.908333333
0.82745098,0.905882353
0.807407407,0.903703703
0.797777778,0.89111111
0.388762636,0.709280306
0.357264961,0.677777778
0.370617284,0.694444443
0.343749998,0.648263888
0.360874543,0.659573412
0.29638889,0.620972223
0.314722228,0.640138891
0.334074081,0.630740743
0.452373113,0.767283949
0.427777782,0.743518519
0.440075447,0.755401234
0.426388887,0.72455808
0.092652329,0.521236558
0.173394552,0.536752043
0.291232637,0.59891493
0.271711033,0.581592399
0.254629628,0.569907407
0.234320859,0.561618566
0.015277777,0.50486111
0.030884109,0.499671445
0.153085783,0.528463203
0.13277703,0.520174357
0.116845877,0.508406646
0.052831541,0.486057346
0.070686123,0.507488478
0.193231026,0.533794431
0.213697227,0.54583209
0.410269371,0.70075758
0.473347049,0.761419752
0.494320987,0.755555555
0.52781144,0.781818186
0.516089275,0.760344181
0.544556672,0.794949499
0.561301903,0.80808081
0.581381358,0.815851638
0.601460814,0.823622466
0.621569248,0.830990681
0.642729067,0.835634229
0.682539682,0.873015873
0.702880658,0.874897119
0.752657005,0.885024154
0.723076922,0.87008547
0.773737374,0.878787878
0.673333333,0.86
0.663888889,0.840277777
0.933333333,0.944444444
0.973333333,0.946666666
0.955555555,0.944444444
0.985185185,0.925925925
0.899487179,0.922735042
0.915151514,0.919191919
0.892307692,0.907692307
0.866666666,0.902222221
0.843137254,0.890196078
0.823456789,0.887654321
0.862499999,0.883333332
0.793650793,0.873015873
0.813333332,0.875555555
0.39164609,0.68611111
0.376068381,0.666666668
0.364484126,0.641369047
0.31777778,0.613703705
0.3462963,0.6138889
0.460747601,0.747067901
0.448148153,0.732716051
0.429861109,0.705334594
0.092980883,0.50007467
0.172494894,0.51533017
0.313194443,0.594097222
0.233488697,0.541803364
0.292452737,0.573955921
0.274151233,0.55945216
0.253819965,0.550627761
0.031212663,0.478509557
0.015770609,0.473118279
0.412674897,0.677777777
0.152298626,0.509719113
0.131832437,0.49768145
0.115770609,0.486754643
0.061851851,0.466728395
0.07547363,0.484843829
0.192286394,0.511301476
0.212752604,0.523339147
0.23168991,0.52459962
0.433333332,0.68611111
0.477781207,0.740200616
0.494814815,0.733333333
0.516528244,0.740591095
0.552255888,0.77502806
0.538241675,0.747848858
0.537857576,0.765132808
0.56724404,0.784408903
0.582232192,0.793789749
0.598683598,0.800762474
0.616408882,0.805397893
0.634134167,0.810033312
0.655293987,0.81467686
0.698412698,0.857142857
0.715944591,0.854582964
0.756328502,0.866956521
0.744,0.855999999
0.783574878,0.860869565
0.688888888,0.844444444
0.679166667,0.824305555
0.949999999,0.916666666
0.966666666,0.916666666
0.984126984,0.904761904
0.937777777,0.906666666
0.911111111,0.899999999
0.888888888,0.888888888
0.877777777,0.877777777
0.839506172,0.871604938
0.855555555,0.866666666
0.809523809,0.857142857
0.828888888,0.86
0.394871801,0.655555557
0.385218252,0.634474206
0.372777787,0.611944448
0.360555558,0.599166668
0.335156249,0.589279513
0.468055553,0.715593433
0.450694442,0.700852271
0.093309438,0.478912783
0.171820185,0.499263805
0.313194443,0.566319444
0.250357332,0.519433547
0.293672838,0.548996913
0.271655464,0.538466454
0.031541218,0.45734767
0.210256836,0.502353441
0.015555555,0.45111111
0.413175058,0.661111111
0.433703703,0.669444444
0.047311827,0.44157706
0.151353975,0.487226135
0.130887842,0.475188545
0.11469534,0.465102638
0.066180235,0.440565795
0.080261136,0.462199179
0.189434087,0.48731782
0.229891123,0.507395876
0.454320987,0.679629629
0.488888888,0.711111111
0.505554534,0.714692377
0.526657143,0.721902526
0.547759751,0.729112674
0.559955106,0.75510662
0.581668537,0.762364383
0.603162482,0.779498689
0.624930784,0.784287316
0.646699086,0.789075944
0.668467387,0.79386457
0.70881226,0.839080459
0.734156378,0.843621399
0.799033816,0.845410628
0.76,0.848888889
0.779629629,0.842592592
0.704444444,0.82074074
0.69023569,0.798653198
0.953333333,0.89111111
0.966666666,0.899999999
0.983333333,0.883333332
0.935353535,0.886868686
0.923076922,0.876923077
0.896296296,0.869629629
0.874509803,0.858823529
0.844444444,0.844444444
0.822222222,0.833333333
0.41367522,0.644444446
0.405952379,0.627579364
0.393948414,0.609738757
0.381944448,0.59189815
0.369637347,0.575945217
0.351990098,0.572413516
0.334342848,0.568881815
0.471682097,0.69437079
0.098730584,0.46307497
0.168967873,0.475280169
0.323768646,0.55371174
0.313194443,0.538541666
0.248277525,0.501945459
0.269159696,0.517480748
0.288031731,0.526506856
0.031111111,0.435555555
0.217756481,0.485387942
0.205918952,0.465878304
0.015873015,0.428571428
0.433091171,0.651388889
0.45473251,0.66111111
0.062222222,0.423703703
0.045977011,0.418390804
0.147881257,0.460450383
0.129943249,0.452695638
0.113620071,0.443450635
0.085048643,0.43955453
0.18658178,0.463334165
0.246197718,0.48445737
0.47530864,0.673148147
0.557277828,0.710376491
0.536786042,0.703213957
0.495802469,0.688888888
0.516294255,0.696051423
0.573575757,0.732794612
0.593019079,0.743771043
0.612462401,0.754747473
0.631905723,0.765723904
0.663739617,0.764309763
0.684731761,0.773737372
0.743650794,0.825396825
0.724137931,0.822988506
0.79537037,0.826851851
0.765432099,0.812345678
0.776,0.823999999
0.716129032,0.794982078
0.705723905,0.783164983
0.951515151,0.87070707
0.968888888,0.875555555
0.984444444,0.86
0.938461538,0.861538461
0.92063492,0.857142857
0.893055555,0.849999999
0.869005848,0.832748537
0.841269841,0.825396825
0.814492753,0.819323671
0.432478639,0.633333335
0.420802049,0.612456864
0.403333337,0.584629631
0.390559416,0.567880016
0.367091051,0.554764661
0.345023147,0.544039352
0.166115571,0.451296587
0.332716048,0.528086419
0.310471786,0.515648169
0.266663929,0.496495042
0.282390624,0.504016799
0.03015873,0.412698412
0.203839134,0.448390259
0.225256125,0.468422444
0.015384615,0.405982906
0.450656861,0.639209363
0.475761316,0.652777776
0.0942951,0.415427119
0.077777777,0.407407407
0.062222222,0.404444444
0.045238094,0.396825396
0.146256937,0.438546979
0.128998655,0.430202732
0.112544802,0.42179863
0.183729475,0.439350572
0.244058485,0.466469643
0.264168161,0.475509336
0.983838383,0.838383838
0.577769614,0.717539026
0.496296296,0.666666666
0.557636971,0.694214879
0.537190076,0.685032144
0.516743183,0.675849408
0.618753187,0.731864095
0.598261401,0.72470156
0.627702955,0.716329965
0.639244974,0.739026629
0.659871439,0.740128559
0.680318333,0.749311295
0.700765226,0.758494031
0.746031746,0.809523809
0.761904761,0.793650793
0.781069958,0.796707819
0.792,0.807999999
0.735555555,0.788148148
0.721212121,0.767676767
0.955555555,0.849999999
0.936507936,0.841269841
0.923611111,0.831944444
0.905882353,0.82745098
0.887654321,0.823456789
0.875555555,0.813333332
0.854545454,0.803030302
0.807999999,0.803555555
0.82995169,0.80289855
0.969230769,0.83076923
0.446581212,0.617307617
0.451634625,0.591536642
0.435651719,0.597334365
0.424722226,0.577361113
0.416361885,0.557201004
0.352237653,0.517631172
0.382665896,0.548516589
0.398240742,0.542268519
0.365011573,0.534380787
0.171105301,0.426321154
0.330295908,0.507736643
0.30243083,0.497922218
0.285893821,0.483586921
0.03076923,0.389743589
0.201343378,0.427404558
0.217049574,0.439430752
0.23275577,0.451456947
0.015111111,0.383999999
0.471748188,0.63071577
0.496790123,0.644444444
0.111469534,0.400146627
0.094623655,0.394265232
0.076628352,0.386206896
0.06031746,0.38095238
0.149626909,0.418140134
0.128054061,0.407709825
0.191686328,0.413133912
0.261672394,0.45452363
0.283300816,0.46178359
0.985185185,0.816666666
0.571597455,0.685521884
0.590299288,0.695791245
0.515491956,0.654713804
0.552895623,0.675252525
0.534193789,0.664983164
0.609001122,0.706060605
0.624758841,0.698102822
0.645596275,0.704008027
0.661680517,0.715907324
0.682322681,0.723451295
0.710240255,0.73923652
0.75111111,0.782222222
0.777777777,0.777777777
0.796707819,0.781069958
0.740277777,0.760416666
0.736581956,0.740518277
0.940740741,0.82074074
0.921568627,0.811764706
0.903703703,0.807407407
0.89111111,0.797777778
0.873015873,0.793650793
0.860869565,0.783574878
0.839999999,0.773333333
0.823999999,0.776
0.968253968,0.809523809
0.467735059,0.608653763
0.467617531,0.585738919
0.446111116,0.570092595
0.432403552,0.551749615
0.418695989,0.533406637
0.349696507,0.496263908
0.399641203,0.516880787
0.371759258,0.507175926
0.384999999,0.524722222
0.170255163,0.406077538
0.32787577,0.487386869
0.308609059,0.481277878
0.032,0.367999999
0.218957282,0.415458542
0.233195628,0.428480215
0.259176626,0.433537925
0.01574074,0.362037037
0.314787277,0.464633551
0.347155361,0.474896644
0.49728395,0.622222222
0.518083398,0.629836829
0.127109467,0.38521692
0.110394265,0.378494623
0.093333333,0.373333333
0.075396824,0.365079365
0.045333333,0.351999999
0.061538461,0.357264956
0.148446166,0.390024002
0.195198003,0.396101006
0.212267354,0.39994667
0.28070781,0.439980258
0.302303819,0.446967677
0.984615384,0.794871795
0.58013986,0.668065267
0.600977294,0.673970473
0.538882845,0.637451436
0.559682293,0.645066044
0.579995312,0.65116735
0.621814727,0.679875678
0.642652162,0.685780885
0.663489596,0.691686091
0.68432703,0.697591296
0.701018983,0.721715152
0.719715285,0.71997901
0.812345678,0.765432099
0.766666666,0.766666666
0.785440612,0.758620689
0.755555555,0.744444444
0.751994547,0.727705626
0.935802469,0.792592592
0.954166666,0.801388889
0.876328502,0.768115942
0.918128655,0.787134502
0.888888888,0.777777777
0.858333333,0.763888889
0.83076923,0.756410256
0.97037037,0.788148148
0.488888888,0.599999999
0.482885804,0.570300927
0.467500005,0.562824076
0.45332562,0.543684415
0.439151235,0.524544754
0.443416283,0.504590082
0.419629629,0.507222222
0.410802467,0.486265432
0.365313791,0.487899711
0.391280862,0.496720679
0.1748809,0.39040963
0.330971313,0.469765104
0.030917874,0.344927536
0.361615061,0.465528945
0.236571186,0.403512527
0.256680858,0.412552218
0.278114804,0.418176927
0.015458937,0.340096618
0.331812191,0.450645129
0.352422858,0.449347281
0.528527028,0.612946311
0.50739939,0.605122654
0.126164874,0.362724014
0.147501546,0.36753109
0.046376811,0.328502415
0.095238095,0.349206349
0.108888889,0.357777777
0.0781893,0.344032921
0.060444444,0.335999999
0.211511673,0.381952344
0.168838255,0.372338175
0.190174964,0.377145259
0.232848382,0.386759429
0.320615355,0.426337542
0.302834764,0.422331639
0.984722222,0.770833333
0.621091747,0.656243755
0.600498267,0.648721647
0.559501239,0.625130424
0.579850766,0.634269434
0.641685227,0.663765863
0.640718294,0.641750841
0.662278708,0.67128797
0.693046952,0.683379582
0.709947089,0.690476189
0.729190316,0.700721499
0.748433541,0.71096681
0.800766284,0.742528735
0.782222222,0.739259259
0.767676767,0.721212121
0.935802469,0.775308641
0.952941176,0.780392156
0.922222222,0.766666666
0.874074074,0.748148147
0.903030302,0.757575757
0.855999999,0.744
0.810189452,0.723143881
0.843621399,0.734156378
0.825396825,0.73015873
0.969444444,0.766666666
0.498271605,0.577777777
0.47629244,0.538508874
0.488888888,0.555555555
0.460773534,0.513415316
0.447681326,0.484635415
0.430324073,0.475810185
0.40482621,0.465114475
0.388255689,0.471283459
0.030917874,0.32463768
0.376074748,0.456161307
0.254185091,0.391566513
0.2755218,0.396373597
0.296858508,0.401180683
0.015873015,0.317460317
0.342073071,0.432162115
0.368471691,0.435881621
0.559320186,0.605194804
0.538970659,0.596055795
0.51751483,0.588023087
0.162196904,0.34913205
0.122605364,0.337931034
0.139999999,0.342222222
0.032323232,0.303030302
0.062962963,0.314814814
0.105555555,0.333333333
0.079999999,0.32
0.23470376,0.363989033
0.21352167,0.357284434
0.19233958,0.350579815
0.339531926,0.410794851
0.255885855,0.370693651
0.318195217,0.405987767
0.984313725,0.749019607
0.620368767,0.632611832
0.60001924,0.623472823
0.579669713,0.614333813
0.639847362,0.624152637
0.660001924,0.633952219
0.661067821,0.65088985
0.681417348,0.660028859
0.701766875,0.669167869
0.762815456,0.696584895
0.722116402,0.678306877
0.742465929,0.687445886
0.794982078,0.716129032
0.783164983,0.705723905
0.778693602,0.679775533
0.92063492,0.746031746
0.950877193,0.756725145
0.907246376,0.737198067
0.872,0.727999999
0.888,0.727999999
0.859259258,0.718518518
0.813333332,0.706666666
0.841269841,0.714285714
0.828888888,0.704444444
0.967901234,0.743209876
0.518366843,0.565908288
0.479344144,0.520397407
0.499259259,0.533333333
0.519218855,0.54379349
0.482395832,0.502285879
0.466481438,0.480606955
0.449845677,0.465354938
0.421396732,0.458945491
0.40596219,0.44556588
0.38721694,0.44072375
0.271733771,0.376196496
0.308763782,0.388403962
0.287581688,0.381699343
0.015555555,0.295555555
0.360868634,0.415601936
0.382205343,0.420409021
0.549054352,0.5803848
0.569208914,0.590184382
0.533710598,0.573146544
0.589363475,0.599983966
0.257586619,0.349820788
0.178350542,0.336573193
0.155555555,0.325925925
0.12063492,0.317460317
0.137931034,0.32183908
0.031111111,0.279999999
0.047619047,0.285714285
0.077294685,0.295652173
0.090666666,0.304
0.107692307,0.308547008
0.236559139,0.341218637
0.19450418,0.324014336
0.21553166,0.332616487
0.341696536,0.384229391
0.362724016,0.392831542
0.278614098,0.35842294
0.320669057,0.375627241
0.983950617,0.727160494
0.6196928,0.614353053
0.604528137,0.607168509
0.638976431,0.606554433
0.658936027,0.61701459
0.678895622,0.627474747
0.698855218,0.637934904
0.718814814,0.648395061
0.758734006,0.669315375
0.73877441,0.658855219
0.798653198,0.69023569
0.779218854,0.660871679
0.953333333,0.735555555
0.935353535,0.727272727
0.922705314,0.713526569
0.907246376,0.720772946
0.888,0.711999999
0.864285714,0.698412698
0.816666666,0.680555555
0.844444444,0.688888888
0.968888888,0.72
0.539178451,0.554253647
0.499753086,0.511111111
0.520068656,0.51891464
0.54038423,0.526718165
0.483446521,0.48104426
0.500246913,0.488888888
0.485053956,0.460783143
0.437362219,0.447689063
0.453663193,0.440714305
0.469367282,0.454899691
0.42487876,0.43002319
0.403542052,0.425216105
0.299641578,0.36702509
0.014814814,0.272839505
0.579097643,0.575173961
0.383751494,0.401433693
0.559138047,0.564713804
0.599057239,0.585634119
0.249175613,0.328602136
0.269151721,0.338255661
0.173476702,0.315412186
0.153256704,0.305747126
0.135714285,0.301587301
0.046666666,0.264444444
0.063492063,0.269841269
0.029629629,0.256790122
0.077294685,0.278260869
0.094444443,0.283333333
0.111999999,0.288
0.189247311,0.299641577
0.229199506,0.31894861
0.209223399,0.309295085
0.337491035,0.358805249
0.375340501,0.380215048
0.356415768,0.369510148
0.299641568,0.337395449
0.318566302,0.348100348
0.984444444,0.704444444
0.619016835,0.596094276
0.633966329,0.590650953
0.654754208,0.59933221
0.675542087,0.608013468
0.696329966,0.616694724
0.717117844,0.625375981
0.748713803,0.637508417
0.732915823,0.631442198
0.769501682,0.646189673
0.790552187,0.645419003
0.809276093,0.655260941
0.952380952,0.714285714
0.938164251,0.706280192
0.92,0.697777778
0.904,0.695999999
0.890534979,0.687242797
0.862068965,0.678160919
0.831944444,0.664583333
0.968253968,0.698412698
0.560699805,0.53452169
0.521294992,0.480539738
0.521444459,0.497088512
0.563839658,0.513487802
0.542642059,0.505288156
0.50074074,0.466666666
0.488888888,0.444444444
0.451039434,0.423034646
0.485846281,0.427980883
0.469964168,0.433739546
0.432114701,0.412329747
0.413189968,0.401624847
0.590214297,0.56265135
0.392465765,0.381038505
0.409628195,0.381869311
0.342100905,0.338620831
0.581015379,0.542325216
0.607340067,0.567845117
0.242867368,0.305280751
0.261792102,0.31598565
0.280716835,0.326690549
0.296002199,0.318242802
0.168582375,0.289655172
0.015277777,0.229166666
0.031372549,0.235294117
0.138461538,0.276068376
0.079365079,0.253968253
0.060818713,0.245614034
0.092753623,0.262801932
0.120888889,0.272
0.186666667,0.279999999
0.205017921,0.283870967
0.223942635,0.29457585
0.356901017,0.349841614
0.384074992,0.359514745
0.327300794,0.327400049
0.985185185,0.682539682
0.65057239,0.58164983
0.628956229,0.574747474
0.672188551,0.588552188
0.693804713,0.595454545
0.715420874,0.602356901
0.737037036,0.609259258
0.758653198,0.616161616
0.780269359,0.623063972
0.801885521,0.629966329
0.823501683,0.636868685
0.845117845,0.643771043
0.953623188,0.690821255
0.935999999,0.682666666
0.907692307,0.675213674
0.894444444,0.666666666
0.877394635,0.662068965
0.86,0.657777777
0.969082125,0.675362319
0.585037259,0.521687446
0.521102149,0.45721326
0.542343087,0.472190592
0.553016621,0.484564801
0.570706198,0.494155967
0.511415271,0.439717739
0.531896786,0.430905016
0.501728394,0.422222222
0.449765037,0.403691754
0.485668396,0.410422141
0.468100363,0.41535643
0.426790624,0.382700117
0.601330953,0.55012874
0.220860206,0.277658295
0.418285084,0.361771893
0.401180037,0.360643318
0.357386266,0.330173081
0.174603174,0.269841269
0.606234859,0.529887091
0.621966031,0.54355316
0.252722742,0.289424677
0.270526601,0.295285359
0.292362829,0.299090156
0.314199058,0.302894953
0.1563786,0.265843621
0.015384615,0.205128204
0.029629629,0.211851851
0.059259258,0.224691358
0.144,0.255999999
0.088888888,0.238095238
0.10821256,0.254589371
0.123671497,0.246376811
0.199233715,0.257471264
0.217777777,0.26074074
0.239286131,0.27321385
0.378251995,0.336277913
0.399542318,0.339061664
0.336035286,0.306699751
0.984541062,0.659903381
0.606047987,0.509201107
0.662539087,0.561774593
0.642252559,0.552663877
0.691025259,0.56268567
0.754618059,0.587284603
0.712222859,0.570885315
0.73342046,0.579084959
0.79701326,0.603683893
0.775815659,0.595484249
0.818210859,0.611883538
0.83940846,0.620083183
0.86060606,0.628282828
0.952777778,0.669444444
0.935999999,0.664
0.921810699,0.655967078
0.904761904,0.65079365
0.89111111,0.642222222
0.873835125,0.637275985
0.812715956,0.588192901
0.967999999,0.652444443
0.591853963,0.496839348
0.541463559,0.447759855
0.584638605,0.477557348
0.563391183,0.463841446
0.436138511,0.353311275
0.547287947,0.424455644
0.522330013,0.414050178
0.502222221,0.399999999
0.449809343,0.386409795
0.48549051,0.3928634
0.467415375,0.395053761
0.449853648,0.369127837
0.464227277,0.359665471
0.420832642,0.341845416
0.357871515,0.310504548
0.379707744,0.314309346
0.169230769,0.243589743
0.639109141,0.529889902
0.622879919,0.522601329
0.327006937,0.292188217
0.262578115,0.273568605
0.283874411,0.280976013
0.305440673,0.286582114
0.623793806,0.501649499
0.15111111,0.239999999
0.015384615,0.184615384
0.03076923,0.188034188
0.045833333,0.19861111
0.438686069,0.333384798
0.074074074,0.208641975
0.093333333,0.217777777
0.131400971,0.231400965
0.113131313,0.227272727
0.184615384,0.227350426
0.206349206,0.238095238
0.233333333,0.244444444
0.254629629,0.251851851
0.423380201,0.32191894
0.401543973,0.318114142
0.339814816,0.281481482
0.361111112,0.288888889
0.984541062,0.638647343
0.616385164,0.48434055
0.66954189,0.540189997
0.687292992,0.539254011
0.657826917,0.524247651
0.717298006,0.548112041
0.772119805,0.576083703
0.75445514,0.569250666
0.735576413,0.557930978
0.809919628,0.570937402
0.796817756,0.582043168
0.832147089,0.595709243
0.860410556,0.606642103
0.876094275,0.612794613
0.951999999,0.648
0.937448559,0.640329218
0.908045977,0.629885057
0.89111111,0.625185185
0.828418652,0.57270191
0.844316852,0.578851644
0.967999999,0.632
0.605674244,0.467829138
0.561824969,0.43830645
0.584439277,0.4554923
0.453991939,0.344850658
0.56267911,0.418006271
0.542931633,0.405878135
0.522007167,0.390578597
0.502716048,0.377777777
0.476284848,0.373452807
0.478600907,0.350203106
0.388888895,0.289506177
0.166222222,0.223999999
0.64402956,0.511924205
0.318518519,0.274074074
0.275925926,0.259259258
0.297222222,0.266666666
0.632822304,0.484341955
0.139130434,0.216425121
0.016161616,0.161616161
0.03076923,0.169230769
0.059259258,0.179259259
0.448888897,0.315802474
0.428888896,0.307037042
0.078431372,0.188235293
0.096296296,0.192592592
0.108888889,0.202222221
0.126984126,0.206349206
0.173148148,0.204629629
0.192,0.207999999
0.211111111,0.222222222
0.229885057,0.225287356
0.248888889,0.228148148
0.268888889,0.23691358
0.408888895,0.298271609
0.37706091,0.263343092
0.329151716,0.257043542
0.349118863,0.266579767
0.983999999,0.616
0.629678886,0.461567982
0.676544693,0.5186054
0.69976823,0.528374
0.669304411,0.496565266
0.722373154,0.525338769
0.737732365,0.536776998
0.77548982,0.559416373
0.756611093,0.548096685
0.786815643,0.546566483
0.8071233,0.553681903
0.875888898,0.590060921
0.860215052,0.585001377
0.891582492,0.597306396
0.936507936,0.619047619
0.953086419,0.624691358
0.922222222,0.611111111
0.905376344,0.605734767
0.860019549,0.563360653
0.838821949,0.555161008
0.96872428,0.609053497
0.605487373,0.447143154
0.582186378,0.428853046
0.57801022,0.411236558
0.467592596,0.325925928
0.563533252,0.397706092
0.544045057,0.383410138
0.523984926,0.369341053
0.503209876,0.355555555
0.488888888,0.333333333
0.395698907,0.275008133
0.155838383,0.210484847
0.651063357,0.49045361
0.308888891,0.254444446
0.288888889,0.245679012
0.645806561,0.471184533
0.145454545,0.196969697
0.015555555,0.139999999
0.044444444,0.15
0.074074074,0.162962963
0.468778381,0.302425332
0.44996416,0.292381522
0.430501796,0.283016729
0.103703703,0.17654321
0.124444444,0.186666667
0.170048309,0.185507246
0.196444444,0.192
0.226190475,0.206349206
0.215384615,0.194871795
0.245210728,0.209195402
0.264444444,0.211851851
0.285698904,0.226798255
0.413906801,0.267002274
0.394982066,0.257038114
0.321146917,0.228347971
0.3762007,0.246223513
0.358422912,0.251678052
0.339784914,0.240013011
0.626535469,0.438794009
0.984615384,0.594017093
0.969841269,0.587301587
0.646695062,0.450814698
0.693540915,0.507118344
0.727448301,0.502565497
0.710494608,0.50484192
0.676096192,0.468959034
0.687313602,0.485862687
0.739888319,0.515623017
0.759306034,0.521654209
0.773060838,0.534110345
0.798141465,0.533716595
0.817559181,0.539747788
0.891384816,0.575425218
0.87568352,0.567327231
0.908333333,0.584722222
0.938697318,0.597701148
0.922222222,0.592592592
0.842865966,0.535160211
0.875478143,0.54459354
0.859824045,0.541719928
0.954022988,0.581609195
0.602547788,0.419399641
0.59334133,0.404466845
0.584134872,0.389534049
0.486487956,0.306768221
0.564956476,0.375115207
0.545253805,0.360904328
0.523581573,0.345639187
0.50419753,0.311111111
0.513889551,0.328375149
0.305017903,0.237013491
0.141148325,0.180356192
0.661395627,0.459886866
0.158730158,0.174603174
0.042424242,0.129292929
0.016666666,0.116666667
0.061538461,0.138461538
0.091666666,0.152777778
0.079365079,0.142857142
0.488888888,0.288888888
0.432114696,0.258996416
0.469964166,0.278924736
0.45103943,0.268960576
0.109803921,0.156862745
0.136842105,0.16374269
0.185507246,0.170048309
0.211555555,0.176
0.200966183,0.164251208
0.241269841,0.19047619
0.23076923,0.178632478
0.260536398,0.193103447
0.283870967,0.205017921
0.302508919,0.21668293
0.394265225,0.239068096
0.41318996,0.249032256
0.33142172,0.214930654
0.37534049,0.229103936
0.351254466,0.223829679
0.622909199,0.409946236
0.647583563,0.430444863
0.984126984,0.571428571
0.968888888,0.564444444
0.674858972,0.443351373
0.742044272,0.494469036
0.732523449,0.479792224
0.709918566,0.482827465
0.694080464,0.455498323
0.760922988,0.505788717
0.779801719,0.517108407
0.761427414,0.488554724
0.811692381,0.52360379
0.795999261,0.511739089
0.825243298,0.513490986
0.90687303,0.559937003
0.891187139,0.553544041
0.922558922,0.566329966
0.937777777,0.576296296
0.890989463,0.531662864
0.859628543,0.520079203
0.846277979,0.503656694
0.875272766,0.521859848
0.953333333,0.56
0.604736492,0.381362007
0.613822845,0.395654121
0.585867894,0.366820276
0.504691357,0.288888888
0.566522683,0.352467603
0.543953271,0.335722818
0.535142342,0.320028238
0.526331414,0.304333659
0.162962963,0.158730158
0.629214007,0.389204747
0.027777777,0.099999999
0.046666666,0.108888889
0.074074074,0.116666667
0.103703703,0.13037037
0.488888888,0.266666666
0.42896057,0.242520906
0.446833904,0.249462353
0.467861396,0.258064509
0.425806446,0.226045397
0.133333333,0.144444444
0.152046783,0.14736842
0.19047619,0.142857142
0.226666666,0.16
0.216425121,0.139130434
0.256349205,0.174603174
0.246153845,0.162393162
0.275862068,0.177011493
0.299641577,0.189247311
0.320669007,0.192911176
0.383751484,0.213779368
0.404778964,0.219912382
0.341696522,0.201513339
0.362724003,0.207646353
0.643270608,0.400492831
0.668631659,0.422095717
0.984674329,0.549425287
0.968888888,0.543703704
0.69111773,0.437617156
0.749022507,0.473300752
0.72006882,0.43728091
0.726296134,0.458536566
0.78030614,0.499874389
0.78081056,0.482640374
0.765521679,0.466809294
0.812718502,0.495108505
0.832927416,0.487234185
0.920411099,0.544821874
0.938888888,0.552777778
0.909068461,0.514635239
0.890791789,0.509781687
0.860570028,0.490024531
0.875067388,0.499126158
0.953535353,0.535353535
0.606779313,0.358525344
0.625338111,0.373189963
0.587791562,0.344030879
0.505185184,0.266666666
0.524258063,0.278924729
0.564324969,0.325806451
0.548465297,0.297556207
0.171111111,0.139999999
0.376241665,0.19889059
0.295555555,0.171111111
0.64460517,0.382755375
0.336686569,0.183231114
0.014814814,0.074074074
0.031746031,0.079365079
0.049999999,0.083333333
0.07070707,0.096969697
0.092307692,0.107692307
0.122222222,0.122222222
0.111111111,0.111111111
0.488888888,0.244444444
0.446833926,0.232178412
0.467861407,0.238311427
0.446833915,0.214894464
0.428810409,0.207344809
0.148148147,0.128395061
0.206349206,0.126984126
0.163986926,0.12490196
0.186666667,0.124444444
0.241777778,0.144
0.226262625,0.121212121
0.268700262,0.161582657
0.261538461,0.146153845
0.285714285,0.158730158
0.311111111,0.162962963
0.331676618,0.16494889
0.411788142,0.201233607
0.394765877,0.195122405
0.368731846,0.184001813
0.645939731,0.36501792
0.663632018,0.391039426
0.681330611,0.405397443
0.688154998,0.419735993
0.98422939,0.52688172
0.969023569,0.519865319
0.708543917,0.420636658
0.728932836,0.421537322
0.746356179,0.452161075
0.742673743,0.434245678
0.800193706,0.476726025
0.786269571,0.45364647
0.769615947,0.445063865
0.819576853,0.470811676
0.844612061,0.473305297
0.927345135,0.519488794
0.911518047,0.497466419
0.890594113,0.487900509
0.874862011,0.476392467
0.950211794,0.513444118
0.609060441,0.335594154
0.627690731,0.350230414
0.584696667,0.315890083
0.603298715,0.315853321
0.505679012,0.244444444
0.525118809,0.256312226
0.546978892,0.272114692
0.573346857,0.299033337
0.561997048,0.282176593
0.665086683,0.373942651
0.352208549,0.170772024
0.140740741,0.113086417
0.016666666,0.05
0.029629629,0.059259258
0.047619047,0.063492063
0.074074074,0.069135802
0.107692307,0.092307692
0.096969697,0.08080808
0.133333333,0.097777778
0.431814309,0.187850587
0.488888888,0.222222222
0.467861401,0.218558344
0.452841782,0.194777262
0.156862745,0.109803921
0.202222221,0.108888889
0.17654321,0.112345678
0.222222222,0.095238095
0.251851852,0.125925925
0.247342994,0.10821256
0.238095238,0.095238095
0.286507935,0.142857142
0.272,0.127999999
0.30651341,0.144827586
0.326666666,0.146666666
0.36773053,0.158312935
0.353707099,0.141689699
0.412789425,0.178509783
0.38675541,0.167389186
0.506172839,0.222222222
0.648602149,0.341935483
0.66654135,0.356845877
0.683993427,0.38158602
0.701451023,0.396120612
0.984722222,0.50486111
0.968835326,0.499026089
0.724599957,0.403796509
0.747748891,0.411472406
0.761099454,0.427894914
0.806226291,0.454389168
0.792875727,0.437966659
0.82376637,0.447431546
0.779525164,0.42154415
0.839211691,0.45216399
0.856296706,0.45937641
0.929738242,0.496068208
0.913967633,0.480297599
0.890396437,0.466019332
0.874656633,0.453658777
0.946888236,0.491534701
0.630329319,0.327157429
0.623316483,0.307912874
0.59801589,0.299927311
0.525557767,0.236559139
0.545052434,0.245957785
0.568122659,0.263727595
0.592733064,0.284001302
0.581263554,0.272531753
0.022222222,0.033333333
0.044444444,0.044444444
0.069444444,0.05
0.093333333,0.062222222
0.123076922,0.085470085
0.118518518,0.066666666
0.148148147,0.081481481
0.43481821,0.168356366
0.452841769,0.178904243
0.488888888,0.199999999
0.470865328,0.18945212
0.177777777,0.096296296
0.195228755,0.09366013
0.212865497,0.081871344
0.233333333,0.077777777
0.272,0.111999999
0.262801932,0.092753623
0.253968253,0.079365079
0.301587301,0.126984126
0.288,0.111999999
0.317460317,0.126984126
0.342222222,0.13037037
0.362724014,0.126164874
0.380747534,0.136712734
0.416794651,0.157808488
0.398771092,0.147260611
0.526503384,0.214157705
0.506666666,0.199999999
0.651598198,0.318720705
0.669513568,0.333640552
0.721571435,0.386843781
0.687142969,0.348673834
0.704354837,0.372132615
0.964727922,0.476849136
0.98422939,0.473118279
0.752824039,0.388699134
0.766174601,0.405121642
0.81554153,0.433319472
0.805387283,0.419972736
0.833315662,0.432784491
0.795233035,0.406626001
0.858846529,0.433516304
0.874451257,0.430925085
0.932131348,0.472647622
0.91181981,0.458789507
0.890198761,0.444138154
0.952899965,0.465021179
0.643334251,0.299972428
0.629100599,0.288598139
0.614866947,0.27722385
0.545436523,0.228673835
0.56498606,0.235603344
0.582958183,0.249032254
0.600530061,0.262886913
0.54683393,0.206093189
0.033333333,0.016666667
0.168055555,0.076388888
0.059259258,0.037037036
0.049999999,0.016666667
0.083333332,0.033333333
0.113131313,0.048484848
0.103703703,0.0345679
0.138461538,0.061538461
0.129292929,0.048484848
0.158730158,0.063492063
0.430762917,0.147649771
0.452090796,0.155316612
0.470489839,0.166547198
0.488888888,0.177777777
0.188235293,0.078431372
0.207407407,0.06419753
0.224691358,0.06419753
0.251851852,0.063492063
0.287111111,0.095999999
0.278260869,0.082125604
0.269841269,0.063492063
0.316666666,0.111111111
0.304,0.095999999
0.333333333,0.111111111
0.357777777,0.108888889
0.396893666,0.121624851
0.378494623,0.110394265
0.422652329,0.12845878
0.507160493,0.177777777
0.526935457,0.194713256
0.741837092,0.371030992
0.663352019,0.292031981
0.672867076,0.31028398
0.690424986,0.325345622
0.724716248,0.36267921
0.707744589,0.340501792
0.968458781,0.45734767
0.984444444,0.45111111
0.890001085,0.422256977
0.761928455,0.363061352
0.790867013,0.39098325
0.773872134,0.380349988
0.842864954,0.418137438
0.82485677,0.412249777
0.810901804,0.387379707
0.858651025,0.411875578
0.874245879,0.408191395
0.934524455,0.449227037
0.909671988,0.437281415
0.905574018,0.416146409
0.952688172,0.44157706
0.650176425,0.281239189
0.637000832,0.270446398
0.623705512,0.258699899
0.610410194,0.2469534
0.566855833,0.211917561
0.584919685,0.225248904
0.597664939,0.236101152
0.547204278,0.189426519
0.177777777,0.048888889
0.074074074,0.018518518
0.097222222,0.016666667
0.124444444,0.031111111
0.116666666,0.016666667
0.148148147,0.033333333
0.169230769,0.03076923
0.444731182,0.137491039
0.466810035,0.146523296
0.488888888,0.155555555
0.19861111,0.045833333
0.216666666,0.045833333
0.243274854,0.049122806
0.266666666,0.047619047
0.302222221,0.079999999
0.293719807,0.061835748
0.285714285,0.047619047
0.331746031,0.095238095
0.32,0.079999999
0.349206349,0.095238095
0.422652329,0.110681002
0.373333333,0.093333333
0.402891277,0.104516127
0.444731182,0.110824372
0.50765432,0.155555555
0.526217974,0.166547191
0.546239866,0.172371562
0.567473099,0.184139781
0.745077657,0.353225805
0.666183458,0.276224611
0.683369788,0.284091534
0.694135954,0.301847255
0.711336405,0.317050691
0.728346209,0.332329748
0.967407406,0.435555555
0.983908045,0.429118774
0.88980341,0.4003758
0.765439067,0.343772401
0.782019817,0.355091713
0.79492023,0.372000842
0.844423458,0.39580095
0.830195891,0.379726323
0.815968324,0.363651696
0.872732702,0.384853914
0.936917562,0.425806451
0.921146953,0.410035842
0.905376344,0.394265232
0.953333333,0.42
0.659440593,0.253201908
0.631553961,0.238566302
0.618203636,0.226730382
0.587248107,0.201075268
0.604853311,0.214894463
0.19047619,0.031746031
0.141414141,0.016161616
0.161616161,0.016161616
0.184615384,0.015384615
0.466810035,0.128745518
0.488888888,0.133333333
0.466810035,0.110967741
0.207407407,0.016296296
0.235294117,0.031372549
0.258479531,0.032748537
0.279999999,0.031111111
0.317333333,0.064
0.307070707,0.045454545
0.344032921,0.0781893
0.335999999,0.064
0.428888891,0.093333331
0.365079365,0.079365079
0.40888889,0.087407405
0.388888888,0.081481481
0.446666669,0.088148152
0.508148147,0.133333333
0.527270409,0.143369175
0.545275453,0.155316606
0.58774192,0.178853043
0.562642065,0.168356351
0.748947829,0.324157705
0.686555157,0.266308243
0.703387555,0.276151088
0.715404833,0.293410531
0.732247823,0.30875576
0.680198326,0.244050175
0.967816091,0.413793103
0.984362139,0.406584361
0.889605734,0.378494623
0.769549448,0.315985662
0.785800477,0.334318996
0.802111181,0.347122074
0.858260018,0.368594129
0.83701642,0.35530255
0.822202543,0.339152434
0.873835125,0.362724014
0.937777777,0.404444444
0.922222222,0.388888888
0.906666666,0.373333333
0.952380952,0.396825396
0.652697729,0.230179205
0.638742332,0.217359614
0.624786936,0.204540023
0.607640382,0.190232974
0.469964161,0.092998807
0.488888888,0.111111111
0.229166666,0.015277777
0.295555555,0.015555555
0.251851852,0.016049382
0.272839505,0.016049382
0.330555555,0.047222221
0.317460317,0.015873015
0.32463768,0.030917874
0.361904761,0.063492063
0.351999999,0.048
0.425555556,0.076666668
0.441451615,0.068918764
0.383141762,0.064367815
0.404444444,0.065185185
0.473118287,0.075029872
0.457347674,0.061170849
0.508641975,0.111111111
0.60801074,0.173566306
0.527665429,0.125591409
0.546886498,0.131182795
0.564332933,0.144086021
0.581300554,0.157808466
0.673841496,0.221792107
0.753159241,0.300460829
0.706926854,0.256391875
0.723405324,0.268210641
0.736673711,0.284973806
0.700956059,0.234898443
0.968253968,0.392063492
0.983999999,0.383999999
0.89111111,0.357777777
0.774070659,0.292165898
0.790151068,0.307813619
0.806161886,0.324865591
0.858064516,0.346953405
0.842293906,0.331182795
0.826523297,0.315412186
0.875555555,0.342222222
0.936507936,0.38095238
0.92063492,0.365079365
0.904761904,0.349206349
0.953086419,0.375308641
0.65698664,0.206451608
0.644720562,0.194185582
0.628032655,0.17939068
0.488888888,0.088888888
0.347555555,0.032
0.340096618,0.015458937
0.376984126,0.047619047
0.367999999,0.032
0.44157706,0.047311827
0.42,0.048888889
0.396825396,0.047619047
0.45734767,0.031541218
0.473118278,0.037992831
0.488888888,0.066666666
0.52897252,0.103046594
0.509135802,0.088888888
0.621811382,0.157078824
0.599959044,0.147260583
0.549056146,0.106093189
0.566502587,0.118996415
0.583390415,0.132855435
0.694985263,0.21340501
0.678672563,0.197849458
0.75794259,0.276537082
0.727298552,0.246475507
0.743423091,0.260270195
0.721713792,0.225746697
0.967999999,0.367999999
0.983999999,0.362666666
0.888888888,0.333333333
0.779211469,0.268100358
0.794982078,0.283870967
0.810752688,0.299641577
0.86,0.326666666
0.828888888,0.295555555
0.844444444,0.311111111
0.873015873,0.317460317
0.936507936,0.361904761
0.921810699,0.344032921
0.904761904,0.331746031
0.951282051,0.353846154
0.664709057,0.181362007
0.648424929,0.168548386
0.362666666,0.016
0.488888888,0.044444444
0.392063492,0.031746031
0.383999999,0.016
0.435555555,0.031111111
0.412698412,0.031746031
0.45111111,0.016296296
0.642850458,0.147356615
0.473118279,0.015770609
0.488888888,0.022222222
0.509629629,0.066666666
0.529342891,0.086379928
0.54954998,0.083870967
0.615590116,0.134767019
0.602447895,0.12162485
0.568129827,0.10017921
0.586118676,0.106810035
0.684587813,0.173476702
0.716129032,0.205017921
0.700358422,0.189247311
0.76344086,0.252329749
0.74767025,0.236559139
0.739259259,0.217777777
0.968518518,0.346296296
0.983574878,0.340096618
0.890534979,0.312757202
0.797777778,0.264444444
0.782222222,0.248888889
0.813333332,0.279999999
0.828477366,0.27292181
0.857142857,0.301587301
0.841269841,0.285714285
0.874897119,0.297119341
0.935999999,0.335999999
0.918803418,0.323076922
0.904,0.304
0.951999999,0.332444444
0.668817204,0.157706093
0.510123456,0.044444444
0.407142856,0.015873015
0.429118774,0.016091954
0.657777777,0.139999999
0.637275985,0.126164874
0.510617283,0.022222222
0.526140979,0.049103942
0.569757068,0.081362007
0.541993893,0.061170847
0.621505376,0.110394265
0.605734767,0.094623655
0.589964157,0.078853046
0.688888888,0.155555555
0.704444444,0.171111111
0.735555555,0.202222221
0.72,0.186666667
0.766666666,0.233333333
0.758620689,0.214559387
0.969082125,0.32463768
0.983838383,0.318181818
0.888,0.288
0.809523809,0.253968253
0.793650793,0.238095238
0.825396825,0.256349205
0.843621399,0.265843621
0.87008547,0.276923077
0.855999999,0.255999999
0.935999999,0.317333333
0.921296296,0.299074074
0.904,0.287111111
0.953623188,0.309178744
0.678160919,0.137931034
0.526511349,0.032437275
0.662068965,0.122605364
0.642222222,0.108888889
0.698412698,0.142857142
0.52688172,0.015770609
0.542652329,0.031541218
0.558422939,0.047311827
0.576296296,0.062222222
0.626666666,0.093333333
0.611111111,0.077777777
0.595555555,0.062222222
0.687242797,0.10946502
0.714285714,0.158730158
0.73015873,0.174603174
0.746031746,0.19047619
0.796707819,0.218930041
0.777777777,0.211111111
0.765432099,0.187654321
0.984126984,0.296296296
0.968253968,0.301587301
0.889814814,0.267592592
0.821367521,0.23076923
0.837606837,0.246153845
0.872,0.256888888
0.858333333,0.23611111
0.938164251,0.293719807
0.917874395,0.278260869
0.907246376,0.262801932
0.952380952,0.285714285
0.707692307,0.123076922
0.666666666,0.105555555
0.65079365,0.095238095
0.695999999,0.095999999
0.723931623,0.138461538
0.548888889,0.015555555
0.564444444,0.031111111
0.579999999,0.046666666
0.634920634,0.075396824
0.619047619,0.06031746
0.603174603,0.047619047
0.675213674,0.092307692
0.74017094,0.153846154
0.756410256,0.169230769
0.720772946,0.092753623
0.776,0.176
0.823999999,0.211555555
0.807999999,0.207999999
0.788888888,0.199999999
0.983950617,0.272839505
0.968888888,0.279999999
0.885024154,0.247342994
0.842592592,0.22037037
0.876328502,0.231884057
0.860869565,0.216425121
0.936507936,0.269841269
0.904761904,0.238095238
0.92063492,0.253968253
0.953333333,0.264444444
0.732407407,0.110185185
0.658974359,0.076923077
0.835748791,0.200966183
0.700925925,0.078703703
0.744,0.135999999
0.571428571,0.015873015
0.587301587,0.031746031
0.61025641,0.03076923
0.642735043,0.061538461
0.626495726,0.046153845
0.685185185,0.062962963
0.779629629,0.157407407
0.763888889,0.141666666
0.737198067,0.092753623
0.73015873,0.063492063
0.80289855,0.170048309
0.811111111,0.188888888
0.97037037,0.256790122
0.904761904,0.222222222
0.888888888,0.222222222
0.854545454,0.196969697
0.873015873,0.206349206
0.936507936,0.251851852
0.922222222,0.233333333
0.955555555,0.240740741
0.752657005,0.10821256
0.664,0.060444444
0.82995169,0.185507246
0.706280192,0.061835748
0.768115942,0.123671497
0.799033816,0.154589371
0.594017093,0.015384615
0.761904761,0.095238095
0.632,0.030222221
0.616,0.016
0.671497584,0.046376811
0.653703703,0.031481481
0.690821255,0.046376811
0.714285714,0.047619047
0.78989899,0.136363635
0.746031746,0.074074074
0.735555555,0.046666666
0.857142857,0.177777777
0.841269841,0.174603174
0.822222222,0.166666666
0.984722222,0.229166666
0.919753086,0.208641975
0.89111111,0.202222221
0.875555555,0.186666667
0.940740741,0.224691358
0.969444444,0.213888888
0.937254902,0.203921569
0.777777777,0.103703703
0.793650793,0.118518518
0.809523809,0.142857142
0.766666666,0.077777777
0.638647343,0.015458937
0.675362319,0.030917874
0.659903381,0.015458937
0.698412698,0.031746031
0.72,0.031111111
0.825396825,0.148148147
0.813333332,0.124444444
0.743209876,0.032098765
0.759259258,0.048148147
0.861904761,0.16111111
0.844444444,0.155555555
0.984126984,0.206349206
0.903703703,0.192592592
0.921568627,0.188235293
0.887654321,0.17654321
0.881481481,0.160493827
0.954166666,0.19861111
0.968253968,0.19047619
0.938888888,0.183333332
0.807407407,0.096296296
0.791358024,0.080246913
0.775308641,0.06419753
0.682539682,0.015873015
0.704444444,0.015555555
0.727160494,0.016049382
0.823456789,0.112345678
0.839506172,0.128395061
0.748148147,0.016049382
0.764705882,0.031372549
0.792592592,0.06419753
0.777777777,0.048148147
0.809027777,0.06111111
0.866666666,0.144444444
0.985185185,0.183333332
0.916666666,0.168055555
0.908333333,0.152777778
0.888888902,0.14543209
0.969230769,0.169230769
0.952380952,0.174603174
0.936507936,0.158730158
0.833333333,0.091666666
0.816666666,0.076388888
0.858823529,0.125490196
0.843137254,0.109803921
0.848290598,0.084294871
0.770833333,0.015277777
0.786111111,0.030555555
0.801388889,0.045833333
0.822222222,0.048888889
0.877777777,0.122222222
0.983838383,0.161616161
0.92063492,0.142857142
0.896296296,0.13037037
0.967676767,0.145454545
0.953846154,0.153846154
0.938461538,0.138461538
0.841269841,0.063492063
0.862499999,0.106944444
0.863247863,0.076923077
0.873015873,0.095238095
0.793650793,0.015873015
0.811965811,0.03076923
0.846153845,0.046153845
0.83076923,0.03076923
0.897435897,0.107692307
0.983838383,0.141414141
0.914529914,0.123076922
0.968888888,0.124444444
0.951515151,0.129292929
0.943434343,0.114141412
0.87070707,0.048484848
0.886868686,0.064646464
0.892307692,0.092307692
0.879942279,0.079942279
0.815384615,0.015384615
0.838383838,0.016161616
0.854545454,0.028282828
0.89111111,0.046666666
0.919191919,0.096969697
0.983333332,0.116666666
0.935353535,0.098989898
0.955555555,0.103703703
0.881481481,0.01728395
0.903030302,0.07070707
0.899999999,0.033333333
0.911111111,0.051851852
0.922222222,0.077777777
0.984126984,0.095238095
0.949999999,0.083333332
0.968253968,0.079365079
0.904761904,0.015873015
0.92063492,0.031746031
0.933333333,0.055555555
0.985185185,0.074074074
0.962962963,0.059259258
0.925925925,0.014814814
0.940740741,0.029629629
0.955555555,0.044444444
0.982222222,0.053333333
0.966666666,0.033333333
0.949999999,0.016666666
0.983333332,0.033333333
0.97037037,0.014814814
0,0
0.001718213,0
0.003436426,0
0.005154639,0
0.006872852,0
0.008591065,0
0.010309278,0
0.012027491,0
0.013745704,0
0.015463918,0
0.017182131,0
0.018900344,0
0.020618557,0
0.02233677,0
0.024054983,0
0.025773196,0
0.027491409,0
0.029209622,0
0.030927835,0
0.032646048,0
0.034364261,0
0.036082474,0
0.037800687,0
0.0395189,0
0.041237113,0
0.042955326,0
0.04467354,0
0.046391753,0
0.048109966,0
0.049828179,0
0.051546392,0
0.053264605,0
0.054982818,0
0.056701031,0
0.058419244,0
0.060137457,0
0.06185567,0
0.063573883,0
0.065292096,0
0.067010309,0
0.068728522,0
0.070446735,0
0.072164948,0
0.073883162,0
0.075601375,0
0.077319588,0
0.079037801,0
0.080756014,0
0.082474227,0
0.08419244,0
0.085910653,0
0.087628866,0
0.089347079,0
0.091065292,0
0.092783505,0
0.094501718,0
0.096219931,0
0.097938144,0
0.099656357,0
0.10137457,0
0.103092784,0
0.104810997,0
0.10652921,0
0.108247423,0
0.109965636,0
0.111683849,0
0.113402062,0
0.115120275,0
0.116838488,0
0.118556701,0
0.120274914,0
0.121993127,0
0.12371134,0
0.125429553,0
0.127147766,0
0.128865979,0
0.130584192,0
0.132302405,0
0.134020619,0
0.135738832,0
0.137457045,0
0.139175258,0
0.140893471,0
0.142611684,0
0.144329897,0
0.14604811,0
0.147766323,0
0.149484536,0
0.151202749,0
0.152920962,0
0.154639175,0
0.156357388,0
0.158075601,0
0.159793814,0
0.161512027,0
0.163230241,0
0.164948454,0
0.166666667,0
0.16838488,0
0.170103093,0
0.171821306,0
0.173539519,0
0.175257732,0
0.176975945,0
0.178694158,0
0.180412371,0
0.182130584,0
0.183848797,0
0.18556701,0
0.187285223,0
0.189003436,0
0.190721649,0
0.192439863,0
0.194158076,0
0.195876289,0
0.197594502,0
0.199312715,0
0.201030928,0
0.202749141,0
0.204467354,0
0.206185567,0
0.20790378,0
0.209621993,0
0.211340206,0
0.213058419,0
0.214776632,0
0.216494845,0
0.218213058,0
0.219931271,0
0.221649485,0
0.223367698,0
0.225085911,0
0.226804124,0
0.228522337,0
0.23024055,0
0.231958763,0
0.233676976,0
0.235395189,0
0.237113402,0
0.238831615,0
0.240549828,0
0.242268041,0
0.243986254,0
0.245704467,0
0.24742268,0
0.249140893,0
0.250859107,0
0.25257732,0
0.254295533,0
0.256013746,0
0.257731959,0
0.259450172,0
0.261168385,0
0.262886598,0
0.264604811,0
0.266323024,0
0.268041237,0
0.26975945,0
0.271477663,0
0.273195876,0
0.274914089,0
0.276632302,0
0.278350515,0
0.280068729,0
0.281786942,0
0.283505155,0
0.285223368,0
0.286941581,0
0.288659794,0
0.290378007,0
0.29209622,0
0.293814433,0
0.295532646,0
0.297250859,0
0.298969072,0
0.300687285,0
0.302405498,0
0.304123711,0
0.305841924,0
0.307560137,0
0.309278351,0
0.310996564,0
0.312714777,0
0.31443299,0
0.316151203,0
0.317869416,0
0.319587629,0
0.321305842,0
0.323024055,0
0.324742268,0
0.326460481,0
0.328178694,0
0.329896907,0
0.33161512,0
0.333333333,0
0.335051546,0
0.336769759,0
0.338487973,0
0.340206186,0
0.341924399,0
0.343642612,0
0.345360825,0
0.347079038,0
0.348797251,0
0.350515464,0
0.352233677,0
0.35395189,0
0.355670103,0
0.357388316,0
0.359106529,0
0.360824742,0
0.362542955,0
0.364261168,0
0.365979381,0
0.367697595,0
0.369415808,0
0.371134021,0
0.372852234,0
0.374570447,0
0.37628866,0
0.378006873,0
0.379725086,0
0.381443299,0
0.383161512,0
0.384879725,0
0.386597938,0
0.388316151,0
0.390034364,0
0.391752577,0
0.39347079,0
0.395189003,0
0.396907216,0
0.39862543,0
0.400343643,0
0.402061856,0
0.403780069,0
0.405498282,0
0.407216495,0
0.408934708,0
0.410652921,0
0.412371134,0
0.414089347,0
0.41580756,0
0.417525773,0
0.419243986,0
0.420962199,0
0.422680412,0
0.424398625,0
0.426116838,0
0.427835052,0
0.429553265,0
0.431271478,0
0.432989691,0
0.434707904,0
0.436426117,0
0.43814433,0
0.439862543,0
0.441580756,0
0.443298969,0
0.445017182,0
0.446735395,0
0.448453608,0
0.450171821,0
0.451890034,0
0.453608247,0
0.45532646,0
0.457044674,0
0.458762887,0
0.4604811,0
0.462199313,0
0.463917526,0
0.465635739,0
0.467353952,0
0.469072165,0
0.470790378,0
0.472508591,0
0.474226804,0
0.475945017,0
0.47766323,0
0.479381443,0
0.481099656,0
0.482817869,0
0.484536082,0
0.486254296,0
0.487972509,0
0.489690722,0
0.491408935,0
0.493127148,0
0.494845361,0
0.496563574,0
0.498281787,0
0.5,0
0.501718213,0
0.503436426,0
0.505154639,0
0.506872852,0
0.508591065,0
0.510309278,0
0.512027491,0
0.513745704,0
0.515463918,0
0.517182131,0
0.518900344,0
0.520618557,0
0.52233677,0
0.524054983,0
0.525773196,0
0.527491409,0
0.529209622,0
0.530927835,0
0.532646048,0
0.534364261,0
0.536082474,0
0.537800687,0
0.5395189,0
0.541237113,0
0.542955326,0
0.54467354,0
0.546391753,0
0.548109966,0
0.549828179,0
0.551546392,0
0.553264605,0
0.554982818,0
0.556701031,0
0.558419244,0
0.560137457,0
0.56185567,0
0.563573883,0
0.565292096,0
0.567010309,0
0.568728522,0
0.570446735,0
0.572164948,0
0.573883162,0
0.575601375,0
0.577319588,0
0.579037801,0
0.580756014,0
0.582474227,0
0.58419244,0
0.585910653,0
0.587628866,0
0.589347079,0
0.591065292,0
0.592783505,0
0.594501718,0
0.596219931,0
0.597938144,0
0.599656357,0
0.60137457,0
0.603092784,0
0.604810997,0
0.60652921,0
0.608247423,0
0.609965636,0
0.611683849,0
0.613402062,0
0.615120275,0
0.616838488,0
0.618556701,0
0.620274914,0
0.621993127,0
0.62371134,0
0.625429553,0
0.627147766,0
0.628865979,0
0.630584192,0
0.632302405,0
0.634020619,0
0.635738832,0
0.637457045,0
0.639175258,0
0.640893471,0
0.642611684,0
0.644329897,0
0.64604811,0
0.647766323,0
0.649484536,0
0.651202749,0
0.652920962,0
0.654639175,0
0.656357388,0
0.658075601,0
0.659793814,0
0.661512027,0
0.663230241,0
0.664948454,0
0.666666667,0
0.66838488,0
0.670103093,0
0.671821306,0
0.673539519,0
0.675257732,0
0.676975945,0
0.678694158,0
0.680412371,0
0.682130584,0
0.683848797,0
0.68556701,0
0.687285223,0
0.689003436,0
0.690721649,0
0.692439863,0
0.694158076,0
0.695876289,0
0.697594502,0
0.699312715,0
0.701030928,0
0.702749141,0
0.704467354,0
0.706185567,0
0.70790378,0
0.709621993,0
0.711340206,0
0.713058419,0
0.714776632,0
0.716494845,0
0.718213058,0
0.719931271,0
0.721649485,0
0.723367698,0
0.725085911,0
0.726804124,0
0.728522337,0
0.73024055,0
0.731958763,0
0.733676976,0
0.735395189,0
0.737113402,0
0.738831615,0
0.740549828,0
0.742268041,0
0.743986254,0
0.745704467,0
0.74742268,0
0.749140893,0
0.750859107,0
0.75257732,0
0.754295533,0
0.756013746,0
0.757731959,0
0.759450172,0
0.761168385,0
0.762886598,0
0.764604811,0
0.766323024,0
0.768041237,0
0.76975945,0
0.771477663,0
0.773195876,0
0.774914089,0
0.776632302,0
0.778350515,0
0.780068729,0
0.781786942,0
0.783505155,0
0.785223368,0
0.786941581,0
0.788659794,0
0.790378007,0
0.79209622,0
0.793814433,0
0.795532646,0
0.797250859,0
0.798969072,0
0.800687285,0
0.802405498,0
0.804123711,0
0.805841924,0
0.807560137,0
0.809278351,0
0.810996564,0
0.812714777,0
0.81443299,0
0.816151203,0
0.817869416,0
0.819587629,0
0.821305842,0
0.823024055,0
0.824742268,0
0.826460481,0
0.828178694,0
0.829896907,0
0.83161512,0
0.833333333,0
0.835051546,0
0.836769759,0
0.838487973,0
0.840206186,0
0.841924399,0
0.843642612,0
0.845360825,0
0.847079038,0
0.848797251,0
0.850515464,0
0.852233677,0
0.85395189,0
0.855670103,0
0.857388316,0
0.859106529,0
0.860824742,0
0.862542955,0
0.864261168,0
0.865979381,0
0.867697595,0
0.869415808,0
0.871134021,0
0.872852234,0
0.874570447,0
0.87628866,0
0.878006873,0
0.879725086,0
0.881443299,0
0.883161512,0
0.884879725,0
0.886597938,0
0.888316151,0
0.890034364,0
0.891752577,0
0.89347079,0
0.895189003,0
0.896907216,0
0.89862543,0
0.900343643,0
0.902061856,0
0.903780069,0
0.905498282,0
0.907216495,0
0.908934708,0
0.910652921,0
0.912371134,0
0.914089347,0
0.91580756,0
0.917525773,0
0.919243986,0
0.920962199,0
0.922680412,0
0.924398625,0
0.926116838,0
0.927835052,0
0.929553265,0
0.931271478,0
0.932989691,0
0.934707904,0
0.936426117,0
0.93814433,0
0.939862543,0
0.941580756,0
0.943298969,0
0.945017182,0
0.946735395,0
0.948453608,0
0.950171821,0
0.951890034,0
0.953608247,0
0.95532646,0
0.957044674,0
0.958762887,0
0.9604811,0
0.962199313,0
0.963917526,0
0.965635739,0
0.967353952,0
0.969072165,0
0.970790378,0
0.972508591,0
0.974226804,0
0.975945017,0
0.97766323,0
0.979381443,0
0.981099656,0
0.982817869,0
0.984536082,0
0.986254296,0
0.987972509,0
0.989690722,0
0.991408935,0
0.993127148,0
0.994845361,0
0.996563574,0
0.998281787,0
1,0
0,1
0.001718213,1
0.003436426,1
0.005154639,1
0.006872852,1
0.008591065,1
0.010309278,1
0.012027491,1
0.013745704,1
0.015463918,1
0.017182131,1
0.018900344,1
0.020618557,1
0.02233677,1
0.024054983,1
0.025773196,1
0.027491409,1
0.029209622,1
0.030927835,1
0.032646048,1
0.034364261,1
0.036082474,1
0.037800687,1
0.0395189,1
0.041237113,1
0.042955326,1
0.04467354,1
0.046391753,1
0.048109966,1
0.049828179,1
0.051546392,1
0.053264605,1
0.054982818,1
0.056701031,1
0.058419244,1
0.060137457,1
0.06185567,1
0.063573883,1
0.065292096,1
0.067010309,1
0.068728522,1
0.070446735,1
0.072164948,1
0.073883162,1
0.075601375,1
0.077319588,1
0.079037801,1
0.080756014,1
0.082474227,1
0.08419244,1
0.085910653,1
0.087628866,1
0.089347079,1
0.091065292,1
0.092783505,1
0.094501718,1
0.096219931,1
0.097938144,1
0.099656357,1
0.10137457,1
0.103092784,1
0.104810997,1
0.10652921,1
0.108247423,1
0.109965636,1
0.111683849,1
0.113402062,1
0.115120275,1
0.116838488,1
0.118556701,1
0.120274914,1
0.121993127,1
0.12371134,1
0.125429553,1
0.127147766,1
0.128865979,1
0.130584192,1
0.132302405,1
0.134020619,1
0.135738832,1
0.137457045,1
0.139175258,1
0.140893471,1
0.142611684,1
0.144329897,1
0.14604811,1
0.147766323,1
0.149484536,1
0.151202749,1
0.152920962,1
0.154639175,1
0.156357388,1
0.158075601,1
0.159793814,1
0.161512027,1
0.163230241,1
0.164948454,1
0.166666667,1
0.16838488,1
0.170103093,1
0.171821306,1
0.173539519,1
0.175257732,1
0.176975945,1
0.178694158,1
0.180412371,1
0.182130584,1
0.183848797,1
0.18556701,1
0.187285223,1
0.189003436,1
0.190721649,1
0.192439863,1
0.194158076,1
0.195876289,1
0.197594502,1
0.199312715,1
0.201030928,1
0.202749141,1
0.204467354,1
0.206185567,1
0.20790378,1
0.209621993,1
0.211340206,1
0.213058419,1
0.214776632,1
0.216494845,1
0.218213058,1
0.219931271,1
0.221649485,1
0.223367698,1
0.225085911,1
0.226804124,1
0.228522337,1
0.23024055,1
0.231958763,1
0.233676976,1
0.235395189,1
0.237113402,1
0.238831615,1
0.240549828,1
0.242268041,1
0.243986254,1
0.245704467,1
0.24742268,1
0.249140893,1
0.250859107,1
0.25257732,1
0.254295533,1
0.256013746,1
0.257731959,1
0.259450172,1
0.261168385,1
0.262886598,1
0.264604811,1
0.266323024,1
0.268041237,1
0.26975945,1
0.271477663,1
0.273195876,1
0.274914089,1
0.276632302,1
0.278350515,1
0.280068729,1
0.281786942,1
0.283505155,1
0.285223368,1
0.286941581,1
0.288659794,1
0.290378007,1
0.29209622,1
0.293814433,1
0.295532646,1
0.297250859,1
0.298969072,1
0.300687285,1
0.302405498,1
0.304123711,1
0.305841924,1
0.307560137,1
0.309278351,1
0.310996564,1
0.312714777,1
0.31443299,1
0.316151203,1
0.317869416,1
0.319587629,1
0.321305842,1
0.323024055,1
0.324742268,1
0.326460481,1
0.328178694,1
0.329896907,1
0.33161512,1
0.333333333,1
0.335051546,1
0.336769759,1
0.338487973,1
0.340206186,1
0.341924399,1
0.343642612,1
0.345360825,1
0.347079038,1
0.348797251,1
0.350515464,1
0.352233677,1
0.35395189,1
0.355670103,1
0.357388316,1
0.359106529,1
0.360824742,1
0.362542955,1
0.364261168,1
0.365979381,1
0.367697595,1
0.369415808,1
0.371134021,1
0.372852234,1
0.374570447,1
0.37628866,1
0.378006873,1
0.379725086,1
0.381443299,1
0.383161512,1
0.384879725,1
0.386597938,1
0.388316151,1
0.390034364,1
0.391752577,1
0.39347079,1
0.395189003,1
0.396907216,1
0.39862543,1
0.400343643,1
0.402061856,1
0.403780069,1
0.405498282,1
0.407216495,1
0.408934708,1
0.410652921,1
0.412371134,1
0.414089347,1
0.41580756,1
0.417525773,1
0.419243986,1
0.420962199,1
0.422680412,1
0.424398625,1
0.426116838,1
0.427835052,1
0.429553265,1
0.431271478,1
0.432989691,1
0.434707904,1
0.436426117,1
0.43814433,1
0.439862543,1
0.441580756,1
0.443298969,1
0.445017182,1
0.446735395,1
0.448453608,1
0.450171821,1
0.451890034,1
0.453608247,1
0.45532646,1
0.457044674,1
0.458762887,1
0.4604811,1
0.462199313,1
0.463917526,1
0.465635739,1
0.467353952,1
0.469072165,1
0.470790378,1
0.472508591,1
0.474226804,1
0.475945017,1
0.47766323,1
0.479381443,1
0.481099656,1
0.482817869,1
0.484536082,1
0.486254296,1
0.487972509,1
0.489690722,1
0.491408935,1
0.493127148,1
0.494845361,1
0.496563574,1
0.498281787,1
0.5,1
0.501718213,1
0.503436426,1
0.505154639,1
0.506872852,1
0.508591065,1
0.510309278,1
0.512027491,1
0.513745704,1
0.515463918,1
0.517182131,1
0.518900344,1
0.520618557,1
0.52233677,1
0.524054983,1
0.525773196,1
0.527491409,1
0.529209622,1
0.530927835,1
0.532646048,1
0.534364261,1
0.536082474,1
0.537800687,1
0.5395189,1
0.541237113,1
0.542955326,1
0.54467354,1
0.546391753,1
0.548109966,1
0.549828179,1
0.551546392,1
0.553264605,1
0.554982818,1
0.556701031,1
0.558419244,1
0.560137457,1
0.56185567,1
0.563573883,1
0.565292096,1
0.567010309,1
0.568728522,1
0.570446735,1
0.572164948,1
0.573883162,1
0.575601375,1
0.577319588,1
0.579037801,1
0.580756014,1
0.582474227,1
0.58419244,1
0.585910653,1
0.587628866,1
0.589347079,1
0.591065292,1
0.592783505,1
0.594501718,1
0.596219931,1
0.597938144,1
0.599656357,1
0.60137457,1
0.603092784,1
0.604810997,1
0.60652921,1
0.608247423,1
0.609965636,1
0.611683849,1
0.613402062,1
0.615120275,1
0.616838488,1
0.618556701,1
0.620274914,1
0.621993127,1
0.62371134,1
0.625429553,1
0.627147766,1
0.628865979,1
0.630584192,1
0.632302405,1
0.634020619,1
0.635738832,1
0.637457045,1
0.639175258,1
0.640893471,1
0.642611684,1
0.644329897,1
0.64604811,1
0.647766323,1
0.649484536,1
0.651202749,1
0.652920962,1
0.654639175,1
0.656357388,1
0.658075601,1
0.659793814,1
0.661512027,1
0.663230241,1
0.664948454,1
0.666666667,1
0.66838488,1
0.670103093,1
0.671821306,1
0.673539519,1
0.675257732,1
0.676975945,1
0.678694158,1
0.680412371,1
0.682130584,1
0.683848797,1
0.68556701,1
0.687285223,1
0.689003436,1
0.690721649,1
0.692439863,1
0.694158076,1
0.695876289,1
0.697594502,1
0.699312715,1
0.701030928,1
0.702749141,1
0.704467354,1
0.706185567,1
0.70790378,1
0.709621993,1
0.711340206,1
0.713058419,1
0.714776632,1
0.716494845,1
0.718213058,1
0.719931271,1
0.721649485,1
0.723367698,1
0.725085911,1
0.726804124,1
0.728522337,1
0.73024055,1
0.731958763,1
0.733676976,1
0.735395189,1
0.737113402,1
0.738831615,1
0.740549828,1
0.742268041,1
0.743986254,1
0.745704467,1
0.74742268,1
0.749140893,1
0.750859107,1
0.75257732,1
0.754295533,1
0.756013746,1
0.757731959,1
0.759450172,1
0.761168385,1
0.762886598,1
0.764604811,1
0.766323024,1
0.768041237,1
0.76975945,1
0.771477663,1
0.773195876,1
0.774914089,1
0.776632302,1
0.778350515,1
0.780068729,1
0.781786942,1
0.783505155,1
0.785223368,1
0.786941581,1
0.788659794,1
0.790378007,1
0.79209622,1
0.793814433,1
0.795532646,1
0.797250859,1
0.798969072,1
0.800687285,1
0.802405498,1
0.804123711,1
0.805841924,1
0.807560137,1
0.809278351,1
0.810996564,1
0.812714777,1
0.81443299,1
0.816151203,1
0.817869416,1
0.819587629,1
0.821305842,1
0.823024055,1
0.824742268,1
0.826460481,1
0.828178694,1
0.829896907,1
0.83161512,1
0.833333333,1
0.835051546,1
0.836769759,1
0.838487973,1
0.840206186,1
0.841924399,1
0.843642612,1
0.845360825,1
0.847079038,1
0.848797251,1
0.850515464,1
0.852233677,1
0.85395189,1
0.855670103,1
0.857388316,1
0.859106529,1
0.860824742,1
0.862542955,1
0.864261168,1
0.865979381,1
0.867697595,1
0.869415808,1
0.871134021,1
0.872852234,1
0.874570447,1
0.87628866,1
0.878006873,1
0.879725086,1
0.881443299,1
0.883161512,1
0.884879725,1
0.886597938,1
0.888316151,1
0.890034364,1
0.891752577,1
0.89347079,1
0.895189003,1
0.896907216,1
0.89862543,1
0.900343643,1
0.902061856,1
0.903780069,1
0.905498282,1
0.907216495,1
0.908934708,1
0.910652921,1
0.912371134,1
0.914089347,1
0.91580756,1
0.917525773,1
0.919243986,1
0.920962199,1
0.922680412,1
0.924398625,1
0.926116838,1
0.927835052,1
0.929553265,1
0.931271478,1
0.932989691,1
0.934707904,1
0.936426117,1
0.93814433,1
0.939862543,1
0.941580756,1
0.943298969,1
0.945017182,1
0.946735395,1
0.948453608,1
0.950171821,1
0.951890034,1
0.953608247,1
0.95532646,1
0.957044674,1
0.958762887,1
0.9604811,1
0.962199313,1
0.963917526,1
0.965635739,1
0.967353952,1
0.969072165,1
0.970790378,1
0.972508591,1
0.974226804,1
0.975945017,1
0.97766323,1
0.979381443,1
0.981099656,1
0.982817869,1
0.984536082,1
0.986254296,1
0.987972509,1
0.989690722,1
0.991408935,1
0.993127148,1
0.994845361,1
0.996563574,1
0.998281787,1
1,1
1,0.001718213
1,0.003436426
1,0.005154639
1,0.006872852
1,0.008591065
1,0.010309278
1,0.012027491
1,0.013745704
1,0.015463918
1,0.017182131
1,0.018900344
1,0.020618557
1,0.02233677
1,0.024054983
1,0.025773196
1,0.027491409
1,0.029209622
1,0.030927835
1,0.032646048
1,0.034364261
1,0.036082474
1,0.037800687
1,0.0395189
1,0.041237113
1,0.042955326
1,0.04467354
1,0.046391753
1,0.048109966
1,0.049828179
1,0.051546392
1,0.053264605
1,0.054982818
1,0.056701031
1,0.058419244
1,0.060137457
1,0.06185567
1,0.063573883
1,0.065292096
1,0.067010309
1,0.068728522
1,0.070446735
1,0.072164948
1,0.073883162
1,0.075601375
1,0.077319588
1,0.079037801
1,0.080756014
1,0.082474227
1,0.08419244
1,0.085910653
1,0.087628866
1,0.089347079
1,0.091065292
1,0.092783505
1,0.094501718
1,0.096219931
1,0.097938144
1,0.099656357
1,0.10137457
1,0.103092784
1,0.104810997
1,0.10652921
1,0.108247423
1,0.109965636
1,0.111683849
1,0.113402062
1,0.115120275
1,0.116838488
1,0.118556701
1,0.120274914
1,0.121993127
1,0.12371134
1,0.125429553
1,0.127147766
1,0.128865979
1,0.130584192
1,0.132302405
1,0.134020619
1,0.135738832
1,0.137457045
1,0.139175258
1,0.140893471
1,0.142611684
1,0.144329897
1,0.14604811
1,0.147766323
1,0.149484536
1,0.151202749
1,0.152920962
1,0.154639175
1,0.156357388
1,0.158075601
1,0.159793814
1,0.161512027
1,0.163230241
1,0.164948454
1,0.166666667
1,0.16838488
1,0.170103093
1,0.171821306
1,0.173539519
1,0.175257732
1,0.176975945
1,0.178694158
1,0.180412371
1,0.182130584
1,0.183848797
1,0.18556701
1,0.187285223
1,0.189003436
1,0.190721649
1,0.192439863
1,0.194158076
1,0.195876289
1,0.197594502
1,0.199312715
1,0.201030928
1,0.202749141
1,0.204467354
1,0.206185567
1,0.20790378
1,0.209621993
1,0.211340206
1,0.213058419
1,0.214776632
1,0.216494845
1,0.218213058
1,0.219931271
1,0.221649485
1,0.223367698
1,0.225085911
1,0.226804124
1,0.228522337
1,0.23024055
1,0.231958763
1,0.233676976
1,0.235395189
1,0.237113402
1,0.238831615
1,0.240549828
1,0.242268041
1,0.243986254
1,0.245704467
1,0.24742268
1,0.249140893
1,0.250859107
1,0.25257732
1,0.254295533
1,0.256013746
1,0.257731959
1,0.259450172
1,0.261168385
1,0.262886598
1,0.264604811
1,0.266323024
1,0.268041237
1,0.26975945
1,0.271477663
1,0.273195876
1,0.274914089
1,0.276632302
1,0.278350515
1,0.280068729
1,0.281786942
1,0.283505155
1,0.285223368
1,0.286941581
1,0.288659794
1,0.290378007
1,0.29209622
1,0.293814433
1,0.295532646
1,0.297250859
1,0.298969072
1,0.300687285
1,0.302405498
1,0.304123711
1,0.305841924
1,0.307560137
1,0.309278351
1,0.310996564
1,0.312714777
1,0.31443299
1,0.316151203
1,0.317869416
1,0.319587629
1,0.321305842
1,0.323024055
1,0.324742268
1,0.326460481
1,0.328178694
1,0.329896907
1,0.33161512
1,0.333333333
1,0.335051546
1,0.336769759
1,0.338487973
1,0.340206186
1,0.341924399
1,0.343642612
1,0.345360825
1,0.347079038
1,0.348797251
1,0.350515464
1,0.352233677
1,0.35395189
1,0.355670103
1,0.357388316
1,0.359106529
1,0.360824742
1,0.362542955
1,0.364261168
1,0.365979381
1,0.367697595
1,0.369415808
1,0.371134021
1,0.372852234
1,0.374570447
1,0.37628866
1,0.378006873
1,0.379725086
1,0.381443299
1,0.383161512
1,0.384879725
1,0.386597938
1,0.388316151
1,0.390034364
1,0.391752577
1,0.39347079
1,0.395189003
1,0.396907216
1,0.39862543
1,0.400343643
1,0.402061856
1,0.403780069
1,0.405498282
1,0.407216495
1,0.408934708
1,0.410652921
1,0.412371134
1,0.414089347
1,0.41580756
1,0.417525773
1,0.419243986
1,0.420962199
1,0.422680412
1,0.424398625
1,0.426116838
1,0.427835052
1,0.429553265
1,0.431271478
1,0.432989691
1,0.434707904
1,0.436426117
1,0.43814433
1,0.439862543
1,0.441580756
1,0.443298969
1,0.445017182
1,0.446735395
1,0.448453608
1,0.450171821
1,0.451890034
1,0.453608247
1,0.45532646
1,0.457044674
1,0.458762887
1,0.4604811
1,0.462199313
1,0.463917526
1,0.465635739
1,0.467353952
1,0.469072165
1,0.470790378
1,0.472508591
1,0.474226804
1,0.475945017
1,0.47766323
1,0.479381443
1,0.481099656
1,0.482817869
1,0.484536082
1,0.486254296
1,0.487972509
1,0.489690722
1,0.491408935
1,0.493127148
1,0.494845361
1,0.496563574
1,0.498281787
1,0.5
1,0.501718213
1,0.503436426
1,0.505154639
1,0.506872852
1,0.508591065
1,0.510309278
1,0.512027491
1,0.513745704
1,0.515463918
1,0.517182131
1,0.518900344
1,0.520618557
1,0.52233677
1,0.524054983
1,0.525773196
1,0.527491409
1,0.529209622
1,0.530927835
1,0.532646048
1,0.534364261
1,0.536082474
1,0.537800687
1,0.5395189
1,0.541237113
1,0.542955326
1,0.54467354
1,0.546391753
1,0.548109966
1,0.549828179
1,0.551546392
1,0.553264605
1,0.554982818
1,0.556701031
1,0.558419244
1,0.560137457
1,0.56185567
1,0.563573883
1,0.565292096
1,0.567010309
1,0.568728522
1,0.570446735
1,0.572164948
1,0.573883162
1,0.575601375
1,0.577319588
1,0.579037801
1,0.580756014
1,0.582474227
1,0.58419244
1,0.585910653
1,0.587628866
1,0.589347079
1,0.591065292
1,0.592783505
1,0.594501718
1,0.596219931
1,0.597938144
1,0.599656357
1,0.60137457
1,0.603092784
1,0.604810997
1,0.60652921
1,0.608247423
1,0.609965636
1,0.611683849
1,0.613402062
1,0.615120275
1,0.616838488
1,0.618556701
1,0.620274914
1,0.621993127
1,0.62371134
1,0.625429553
1,0.627147766
1,0.628865979
1,0.630584192
1,0.632302405
1,0.634020619
1,0.635738832
1,0.637457045
1,0.639175258
1,0.640893471
1,0.642611684
1,0.644329897
1,0.64604811
1,0.647766323
1,0.649484536
1,0.651202749
1,0.652920962
1,0.654639175
1,0.656357388
1,0.658075601
1,0.659793814
1,0.661512027
1,0.663230241
1,0.664948454
1,0.666666667
1,0.66838488
1,0.670103093
1,0.671821306
1,0.673539519
1,0.675257732
1,0.676975945
1,0.678694158
1,0.680412371
1,0.682130584
1,0.683848797
1,0.68556701
1,0.687285223
1,0.689003436
1,0.690721649
1,0.692439863
1,0.694158076
1,0.695876289
1,0.697594502
1,0.699312715
1,0.701030928
1,0.702749141
1,0.704467354
1,0.706185567
1,0.70790378
1,0.709621993
1,0.711340206
1,0.713058419
1,0.714776632
1,0.716494845
1,0.718213058
1,0.719931271
1,0.721649485
1,0.723367698
1,0.725085911
1,0.726804124
1,0.728522337
1,0.73024055
1,0.731958763
1,0.733676976
1,0.735395189
1,0.737113402
1,0.738831615
1,0.740549828
1,0.742268041
1,0.743986254
1,0.745704467
1,0.74742268
1,0.749140893
1,0.750859107
1,0.75257732
1,0.754295533
1,0.756013746
1,0.757731959
1,0.759450172
1,0.761168385
1,0.762886598
1,0.764604811
1,0.766323024
1,0.768041237
1,0.76975945
1,0.771477663
1,0.773195876
1,0.774914089
1,0.776632302
1,0.778350515
1,0.780068729
1,0.781786942
1,0.783505155
1,0.785223368
1,0.786941581
1,0.788659794
1,0.790378007
1,0.79209622
1,0.793814433
1,0.795532646
1,0.797250859
1,0.798969072
1,0.800687285
1,0.802405498
1,0.804123711
1,0.805841924
1,0.807560137
1,0.809278351
1,0.810996564
1,0.812714777
1,0.81443299
1,0.816151203
1,0.817869416
1,0.819587629
1,0.821305842
1,0.823024055
1,0.824742268
1,0.826460481
1,0.828178694
1,0.829896907
1,0.83161512
1,0.833333333
1,0.835051546
1,0.836769759
1,0.838487973
1,0.840206186
1,0.841924399
1,0.843642612
1,0.845360825
1,0.847079038
1,0.848797251
1,0.850515464
1,0.852233677
1,0.85395189
1,0.855670103
1,0.857388316
1,0.859106529
1,0.860824742
1,0.862542955
1,0.864261168
1,0.865979381
1,0.867697595
1,0.869415808
1,0.871134021
1,0.872852234
1,0.874570447
1,0.87628866
1,0.878006873
1,0.879725086
1,0.881443299
1,0.883161512
1,0.884879725
1,0.886597938
1,0.888316151
1,0.890034364
1,0.891752577
1,0.89347079
1,0.895189003
1,0.896907216
1,0.89862543
1,0.900343643
1,0.902061856
1,0.903780069
1,0.905498282
1,0.907216495
1,0.908934708
1,0.910652921
1,0.912371134
1,0.914089347
1,0.91580756
1,0.917525773
1,0.919243986
1,0.920962199
1,0.922680412
1,0.924398625
1,0.926116838
1,0.927835052
1,0.929553265
1,0.931271478
1,0.932989691
1,0.934707904
1,0.936426117
1,0.93814433
1,0.939862543
1,0.941580756
1,0.943298969
1,0.945017182
1,0.946735395
1,0.948453608
1,0.950171821
1,0.951890034
1,0.953608247
1,0.95532646
1,0.957044674
1,0.958762887
1,0.9604811
1,0.962199313
1,0.963917526
1,0.965635739
1,0.967353952
1,0.969072165
1,0.970790378
1,0.972508591
1,0.974226804
1,0.975945017
1,0.97766323
1,0.979381443
1,0.981099656
1,0.982817869
1,0.984536082
1,0.986254296
1,0.987972509
1,0.989690722
1,0.991408935
1,0.993127148
1,0.994845361
1,0.996563574
1,0.998281787
0,0.001718213
0,0.003436426
0,0.005154639
0,0.006872852
0,0.008591065
0,0.010309278
0,0.012027491
0,0.013745704
0,0.015463918
0,0.017182131
0,0.018900344
0,0.020618557
0,0.02233677
0,0.024054983
0,0.025773196
0,0.027491409
0,0.029209622
0,0.030927835
0,0.032646048
0,0.034364261
0,0.036082474
0,0.037800687
0,0.0395189
0,0.041237113
0,0.042955326
0,0.04467354
0,0.046391753
0,0.048109966
0,0.049828179
0,0.051546392
0,0.053264605
0,0.054982818
0,0.056701031
0,0.058419244
0,0.060137457
0,0.06185567
0,0.063573883
0,0.065292096
0,0.067010309
0,0.068728522
0,0.070446735
0,0.072164948
0,0.073883162
0,0.075601375
0,0.077319588
0,0.079037801
0,0.080756014
0,0.082474227
0,0.08419244
0,0.085910653
0,0.087628866
0,0.089347079
0,0.091065292
0,0.092783505
0,0.094501718
0,0.096219931
0,0.097938144
0,0.099656357
0,0.10137457
0,0.103092784
0,0.104810997
0,0.10652921
0,0.108247423
0,0.109965636
0,0.111683849
0,0.113402062
0,0.115120275
0,0.116838488
0,0.118556701
0,0.120274914
0,0.121993127
0,0.12371134
0,0.125429553
0,0.127147766
0,0.128865979
0,0.130584192
0,0.132302405
0,0.134020619
0,0.135738832
0,0.137457045
0,0.139175258
0,0.140893471
0,0.142611684
0,0.144329897
0,0.14604811
0,0.147766323
0,0.149484536
0,0.151202749
0,0.152920962
0,0.154639175
0,0.156357388
0,0.158075601
0,0.159793814
0,0.161512027
0,0.163230241
0,0.164948454
0,0.166666667
0,0.16838488
0,0.170103093
0,0.171821306
0,0.173539519
0,0.175257732
0,0.176975945
0,0.178694158
0,0.180412371
0,0.182130584
0,0.183848797
0,0.18556701
0,0.187285223
0,0.189003436
0,0.190721649
0,0.192439863
0,0.194158076
0,0.195876289
0,0.197594502
0,0.199312715
0,0.201030928
0,0.202749141
0,0.204467354
0,0.206185567
0,0.20790378
0,0.209621993
0,0.211340206
0,0.213058419
0,0.214776632
0,0.216494845
0,0.218213058
0,0.219931271
0,0.221649485
0,0.223367698
0,0.225085911
0,0.226804124
0,0.228522337
0,0.23024055
0,0.231958763
0,0.233676976
0,0.235395189
0,0.237113402
0,0.238831615
0,0.240549828
0,0.242268041
0,0.243986254
0,0.245704467
0,0.24742268
0,0.249140893
0,0.250859107
0,0.25257732
0,0.254295533
0,0.256013746
0,0.257731959
0,0.259450172
0,0.261168385
0,0.262886598
0,0.264604811
0,0.266323024
0,0.268041237
0,0.26975945
0,0.271477663
0,0.273195876
0,0.274914089
0,0.276632302
0,0.278350515
0,0.280068729
0,0.281786942
0,0.283505155
0,0.285223368
0,0.286941581
0,0.288659794
0,0.290378007
0,0.29209622
0,0.293814433
0,0.295532646
0,0.297250859
0,0.298969072
0,0.300687285
0,0.302405498
0,0.304123711
0,0.305841924
0,0.307560137
0,0.309278351
0,0.310996564
0,0.312714777
0,0.31443299
0,0.316151203
0,0.317869416
0,0.319587629
0,0.321305842
0,0.323024055
0,0.324742268
0,0.326460481
0,0.328178694
0,0.329896907
0,0.33161512
0,0.333333333
0,0.335051546
0,0.336769759
0,0.338487973
0,0.340206186
0,0.341924399
0,0.343642612
0,0.345360825
0,0.347079038
0,0.348797251
0,0.350515464
0,0.352233677
0,0.35395189
0,0.355670103
0,0.357388316
0,0.359106529
0,0.360824742
0,0.362542955
0,0.364261168
0,0.365979381
0,0.367697595
0,0.369415808
0,0.371134021
0,0.372852234
0,0.374570447
0,0.37628866
0,0.378006873
0,0.379725086
0,0.381443299
0,0.383161512
0,0.384879725
0,0.386597938
0,0.388316151
0,0.390034364
0,0.391752577
0,0.39347079
0,0.395189003
0,0.396907216
0,0.39862543
0,0.400343643
0,0.402061856
0,0.403780069
0,0.405498282
0,0.407216495
0,0.408934708
0,0.410652921
0,0.412371134
0,0.414089347
0,0.41580756
0,0.417525773
0,0.419243986
0,0.420962199
0,0.422680412
0,0.424398625
0,0.426116838
0,0.427835052
0,0.429553265
0,0.431271478
0,0.432989691
0,0.434707904
0,0.436426117
0,0.43814433
0,0.439862543
0,0.441580756
0,0.443298969
0,0.445017182
0,0.446735395
0,0.448453608
0,0.450171821
0,0.451890034
0,0.453608247
0,0.45532646
0,0.457044674
0,0.458762887
0,0.4604811
0,0.462199313
0,0.463917526
0,0.465635739
0,0.467353952
0,0.469072165
0,0.470790378
0,0.472508591
0,0.474226804
0,0.475945017
0,0.47766323
0,0.479381443
0,0.481099656
0,0.482817869
0,0.484536082
0,0.486254296
0,0.487972509
0,0.489690722
0,0.491408935
0,0.493127148
0,0.494845361
0,0.496563574
0,0.498281787
0,0.5
0,0.501718213
0,0.503436426
0,0.505154639
0,0.506872852
0,0.508591065
0,0.510309278
0,0.512027491
0,0.513745704
0,0.515463918
0,0.517182131
0,0.518900344
0,0.520618557
0,0.52233677
0,0.524054983
0,0.525773196
0,0.527491409
0,0.529209622
0,0.530927835
0,0.532646048
0,0.534364261
0,0.536082474
0,0.537800687
0,0.5395189
0,0.541237113
0,0.542955326
0,0.54467354
0,0.546391753
0,0.548109966
0,0.549828179
0,0.551546392
0,0.553264605
0,0.554982818
0,0.556701031
0,0.558419244
0,0.560137457
0,0.56185567
0,0.563573883
0,0.565292096
0,0.567010309
0,0.568728522
0,0.570446735
0,0.572164948
0,0.573883162
0,0.575601375
0,0.577319588
0,0.579037801
0,0.580756014
0,0.582474227
0,0.58419244
0,0.585910653
0,0.587628866
0,0.589347079
0,0.591065292
0,0.592783505
0,0.594501718
0,0.596219931
0,0.597938144
0,0.599656357
0,0.60137457
0,0.603092784
0,0.604810997
0,0.60652921
0,0.608247423
0,0.609965636
0,0.611683849
0,0.613402062
0,0.615120275
0,0.616838488
0,0.618556701
0,0.620274914
0,0.621993127
0,0.62371134
0,0.625429553
0,0.627147766
0,0.628865979
0,0.630584192
0,0.632302405
0,0.634020619
0,0.635738832
0,0.637457045
0,0.639175258
0,0.640893471
0,0.642611684
0,0.644329897
0,0.64604811
0,0.647766323
0,0.649484536
0,0.651202749
0,0.652920962
0,0.654639175
0,0.656357388
0,0.658075601
0,0.659793814
0,0.661512027
0,0.663230241
0,0.664948454
0,0.666666667
0,0.66838488
0,0.670103093
0,0.671821306
0,0.673539519
0,0.675257732
0,0.676975945
0,0.678694158
0,0.680412371
0,0.682130584
0,0.683848797
0,0.68556701
0,0.687285223
0,0.689003436
0,0.690721649
0,0.692439863
0,0.694158076
0,0.695876289
0,0.697594502
0,0.699312715
0,0.701030928
0,0.702749141
0,0.704467354
0,0.706185567
0,0.70790378
0,0.709621993
0,0.711340206
0,0.713058419
0,0.714776632
0,0.716494845
0,0.718213058
0,0.719931271
0,0.721649485
0,0.723367698
0,0.725085911
0,0.726804124
0,0.728522337
0,0.73024055
0,0.731958763
0,0.733676976
0,0.735395189
0,0.737113402
0,0.738831615
0,0.740549828
0,0.742268041
0,0.743986254
0,0.745704467
0,0.74742268
0,0.749140893
0,0.750859107
0,0.75257732
0,0.754295533
0,0.756013746
0,0.757731959
0,0.759450172
0,0.761168385
0,0.762886598
0,0.764604811
0,0.766323024
0,0.768041237
0,0.76975945
0,0.771477663
0,0.773195876
0,0.774914089
0,0.776632302
0,0.778350515
0,0.780068729
0,0.781786942
0,0.783505155
0,0.785223368
0,0.786941581
0,0.788659794
0,0.790378007
0,0.79209622
0,0.793814433
0,0.795532646
0,0.797250859
0,0.798969072
0,0.800687285
0,0.802405498
0,0.804123711
0,0.805841924
0,0.807560137
0,0.809278351
0,0.810996564
0,0.812714777
0,0.81443299
0,0.816151203
0,0.817869416
0,0.819587629
0,0.821305842
0,0.823024055
0,0.824742268
0,0.826460481
0,0.828178694
0,0.829896907
0,0.83161512
0,0.833333333
0,0.835051546
0,0.836769759
0,0.838487973
0,0.840206186
0,0.841924399
0,0.843642612
0,0.845360825
0,0.847079038
0,0.848797251
0,0.850515464
0,0.852233677
0,0.85395189
0,0.855670103
0,0.857388316
0,0.859106529
0,0.860824742
0,0.862542955
0,0.864261168
0,0.865979381
0,0.867697595
0,0.869415808
0,0.871134021
0,0.872852234
0,0.874570447
0,0.87628866
0,0.878006873
0,0.879725086
0,0.881443299
0,0.883161512
0,0.884879725
0,0.886597938
0,0.888316151
0,0.890034364
0,0.891752577
0,0.89347079
0,0.895189003
0,0.896907216
0,0.89862543
0,0.900343643
0,0.902061856
0,0.903780069
0,0.905498282
0,0.907216495
0,0.908934708
0,0.910652921
0,0.912371134
0,0.914089347
0,0.91580756
0,0.917525773
0,0.919243986
0,0.920962199
0,0.922680412
0,0.924398625
0,0.926116838
0,0.927835052
0,0.929553265
0,0.931271478
0,0.932989691
0,0.934707904
0,0.936426117
0,0.93814433
0,0.939862543
0,0.941580756
0,0.943298969
0,0.945017182
0,0.946735395
0,0.948453608
0,0.950171821
0,0.951890034
0,0.953608247
0,0.95532646
0,0.957044674
0,0.958762887
0,0.9604811
0,0.962199313
0,0.963917526
0,0.965635739
0,0.967353952
0,0.969072165
0,0.970790378
0,0.972508591
0,0.974226804
0,0.975945017
0,0.97766323
0,0.979381443
0,0.981099656
0,0.982817869
0,0.984536082
0,0.986254296
0,0.987972509
0,0.989690722
0,0.991408935
0,0.993127148
0,0.994845361
0,0.996563574
0,0.998281787
