1.020007400512695312e+02
9.854480743408203125e+01
8.503261566162109375e+01
8.234017181396484375e+01
6.735954284667968750e+01
1.753131225585937500e+03
4.886127090454101562e+01
2.315735168457031250e+02
4.153495407104492188e+01
8.861572265625000000e+01
3.652678298950195312e+01
4.859042358398437500e+01
3.214067459106445312e+01
2.767343330383300781e+01
2.554922103881835938e+01
2.438875961303710938e+01
2.070908737182617188e+01
1.772146606445312500e+01
1.502338600158691406e+01
1.421980953216552734e+01
1.328211688995361328e+01
1.190545368194580078e+01
1.063913249969482422e+01
9.710875511169433594e+00
9.262001037597656250e+00
8.567192077636718750e+00
6.959033489227294922e+00
6.085073947906494141e+00
5.255459785461425781e+00
5.056533813476562500e+00
4.938725948333740234e+00
4.806885242462158203e+00
4.520804405212402344e+00
4.296772003173828125e+00
3.724342584609985352e+00
2.864307880401611328e+00
2.362171649932861328e+00
2.205144882202148438e+00
1.973246574401855469e+00
1.812855720520019531e+00
1.657299757003784180e+00
1.608465909957885742e+00
1.550338029861450195e+00
1.394313693046569824e+00
1.315091609954833984e+00
1.186816692352294922e+00
1.109833717346191406e+00
1.004479885101318359e+00
9.298313856124877930e-01
8.895297646522521973e-01
8.407617807388305664e-01
7.920919060707092285e-01
7.151271104812622070e-01
6.871528625488281250e-01
7.275260686874389648e-01
6.730099916458129883e-01
6.385025382041931152e-01
6.210677027702331543e-01
6.051459908485412598e-01
5.877271890640258789e-01
5.616163015365600586e-01
5.315014719963073730e-01
5.077067017555236816e-01
4.752666354179382324e-01
4.277108311653137207e-01
3.985356092453002930e-01
3.810186684131622314e-01
3.539114296436309814e-01
3.340016603469848633e-01
3.044745922088623047e-01
2.897022664546966553e-01
2.821458578109741211e-01
2.802191972732543945e-01
2.755545675754547119e-01
2.690358459949493408e-01
2.558475732803344727e-01
2.448022663593292236e-01
2.377918958663940430e-01
2.344666719436645508e-01
2.335731685161590576e-01
2.318552136421203613e-01
2.283803522586822510e-01
2.251762151718139648e-01
2.205337733030319214e-01
2.123056948184967041e-01
2.062363028526306152e-01
2.014466524124145508e-01
1.989668160676956177e-01
1.964643448591232300e-01
1.913416683673858643e-01
1.864241659641265869e-01
1.786968708038330078e-01
1.713233292102813721e-01
1.655181050300598145e-01
1.628450453281402588e-01
1.611825674772262573e-01
1.598136126995086670e-01
1.579712331295013428e-01
1.553851366043090820e-01
1.533766388893127441e-01
1.526784598827362061e-01
1.523617953062057495e-01
1.519398093223571777e-01
1.506697833538055420e-01
1.489360034465789795e-01
1.454620361328125000e-01
1.419979035854339600e-01
1.394838988780975342e-01
1.371931880712509155e-01
1.347771883010864258e-01
1.332699656486511230e-01
1.323353797197341919e-01
1.312460601329803467e-01
1.305828392505645752e-01
1.300032436847686768e-01
1.290839761495590210e-01
1.270188689231872559e-01
1.247405409812927246e-01
1.212776377797126770e-01
1.232787594199180603e-01
1.187284141778945923e-01
1.144227534532546997e-01
1.100343316793441772e-01
1.046052575111389160e-01
1.029753237962722778e-01
1.004240661859512329e-01
9.839585423469543457e-02
9.854455292224884033e-02
9.236484766006469727e-02
9.963758289813995361e-02
8.792056888341903687e-02
8.386973291635513306e-02
8.362778276205062866e-02
8.081853389739990234e-02
8.120870590209960938e-02
7.901907712221145630e-02
7.751926779747009277e-02
7.583236694335937500e-02
7.389166951179504395e-02
7.145279645919799805e-02
6.995342671871185303e-02
6.908707320690155029e-02
6.819379329681396484e-02
6.685528159141540527e-02
6.571252644062042236e-02
6.408816576004028320e-02
6.252817809581756592e-02
6.027602404356002808e-02
5.789946019649505615e-02
5.517274886369705200e-02
5.704744160175323486e-02
5.243853852152824402e-02
5.110306292772293091e-02
4.714831337332725525e-02
4.658860713243484497e-02
4.552152380347251892e-02
4.474190250039100647e-02
4.358767718076705933e-02
4.207761585712432861e-02
4.027083143591880798e-02
3.801691159605979919e-02
3.617573902010917664e-02
3.547910228371620178e-02
3.117098473012447357e-02
2.971013635396957397e-02
3.005228750407695770e-02
2.851031906902790070e-02
2.759297378361225128e-02
2.723742462694644928e-02
2.690189331769943237e-02
2.654538117349147797e-02
2.632099017500877380e-02
2.619685791432857513e-02
2.607691846787929535e-02
2.578511461615562439e-02
2.547480911016464233e-02
2.492369152605533600e-02
2.434957772493362427e-02
2.379407733678817749e-02
2.367144636809825897e-02
2.320260740816593170e-02
2.311088331043720245e-02
2.293321117758750916e-02
2.270814031362533569e-02
2.252385765314102173e-02
2.221402898430824280e-02
2.143079973757266998e-02
2.060969918966293335e-02
1.987746357917785645e-02
1.909384503960609436e-02
1.855356805026531219e-02
1.817750744521617889e-02
1.787644252181053162e-02
1.758349686861038208e-02
1.735807769000530243e-02
1.716120541095733643e-02
1.681620813906192780e-02
1.618564687669277191e-02
1.532047893851995468e-02
1.465078070759773254e-02
1.459573861211538315e-02
1.419504173099994659e-02
1.394848152995109558e-02
1.371664088219404221e-02
1.349752768874168396e-02
1.326205022633075714e-02
1.317194197326898575e-02
1.312976423650979996e-02
1.308483257889747620e-02
1.300739962607622147e-02
1.293782144784927368e-02
1.283762790262699127e-02
1.272629946470260620e-02
1.255072467029094696e-02
1.233729347586631775e-02
1.206200104206800461e-02
1.189317740499973297e-02
1.177359744906425476e-02
1.171495858579874039e-02
1.164218410849571228e-02
1.155976671725511551e-02
1.149901282042264938e-02
1.142607536166906357e-02
1.125337928533554077e-02
1.111629232764244080e-02
1.087759807705879211e-02
1.071492023766040802e-02
1.039962656795978546e-02
1.003673113882541656e-02
9.932003915309906006e-03
9.730027988553047180e-03
9.531647898256778717e-03
9.402586147189140320e-03
9.331425651907920837e-03
9.252927266061306000e-03
9.167727082967758179e-03
9.183647111058235168e-03
9.137906134128570557e-03
9.114477783441543579e-03
9.099437855184078217e-03
9.086739271879196167e-03
9.058092720806598663e-03
9.021535515785217285e-03
8.972734212875366211e-03
8.917980827391147614e-03
8.849233388900756836e-03
8.708051405847072601e-03
9.737170301377773285e-03
8.562812581658363342e-03
8.662060834467411041e-03
8.293441496789455414e-03
8.086210116744041443e-03
8.101834915578365326e-03
7.962726056575775146e-03
8.108700625598430634e-03
7.844601757824420929e-03
7.879363372921943665e-03
7.766792085021734238e-03
7.774951867759227753e-03
7.700665388256311417e-03
7.624986581504344940e-03
7.549067959189414978e-03
7.489042356610298157e-03
7.411084137856960297e-03
7.309935986995697021e-03
7.223163731396198273e-03
7.133419625461101532e-03
7.060008589178323746e-03
6.950057577341794968e-03
7.066482678055763245e-03
6.917953491210937500e-03
6.869659759104251862e-03
6.822562776505947113e-03
6.786488462239503860e-03
6.753061898052692413e-03
6.724310107529163361e-03
6.694819778203964233e-03
6.663397420197725296e-03
6.622397806495428085e-03
6.571477279067039490e-03
6.492050364613533020e-03
6.417315918952226639e-03
6.342674139887094498e-03
6.292949430644512177e-03
6.245562806725502014e-03
6.185636390000581741e-03
6.072347052395343781e-03
5.973268300294876099e-03
5.772877484560012817e-03
5.541471764445304871e-03
5.364931188523769379e-03
5.248590372502803802e-03
5.544096697121858597e-03
5.203669425100088120e-03
5.142612848430871964e-03
5.083008203655481339e-03
5.008926149457693100e-03
4.909888841211795807e-03
4.837681073695421219e-03
4.808358848094940186e-03
4.800896160304546356e-03
4.795043729245662689e-03
4.783610347658395767e-03
4.774702247232198715e-03
4.763836506754159927e-03
4.751751199364662170e-03
4.744412377476692200e-03
4.737371113151311874e-03
4.725635051727294922e-03
4.704153630882501602e-03
4.668334499001502991e-03
4.635134711861610413e-03
4.547909367829561234e-03
4.491117782890796661e-03
4.405257292091846466e-03
4.314163699746131897e-03
4.213839769363403320e-03
4.128256347030401230e-03
4.061488434672355652e-03
4.019642714411020279e-03
3.940554801374673843e-03
3.851643763482570648e-03
3.736304119229316711e-03
3.671648912131786346e-03
3.656876273453235626e-03
3.632582724094390869e-03
3.614402841776609421e-03
3.600131254643201828e-03
3.579384880140423775e-03
3.559433855116367340e-03
3.539627883583307266e-03
3.527995198965072632e-03
3.513741772621870041e-03
3.501084400340914726e-03
3.492855932563543320e-03
3.482942003756761551e-03
3.472094424068927765e-03
3.463120665401220322e-03
3.455689176917076111e-03
3.444624831900000572e-03
3.435538616031408310e-03
3.421653294935822487e-03
3.410696052014827728e-03
3.399056848138570786e-03
3.385196439921855927e-03
3.371838014572858810e-03
3.347811754792928696e-03
3.325443249195814133e-03
3.308972576633095741e-03
3.288669046014547348e-03
3.283759113401174545e-03
3.271605120971798897e-03
3.262729849666357040e-03
3.254954935982823372e-03
3.240433521568775177e-03
3.226868342608213425e-03
3.211490809917449951e-03
3.198124002665281296e-03
3.187695983797311783e-03
3.178740618750452995e-03
3.175009507685899734e-03
3.164624329656362534e-03
3.158426843583583832e-03
3.146578092128038406e-03
3.132435027509927750e-03
3.120119683444499969e-03
3.108893055468797684e-03
3.098734654486179352e-03
3.087516408413648605e-03
3.080650698393583298e-03
3.067883895710110664e-03
3.059929935261607170e-03
3.056798595935106277e-03
3.055061679333448410e-03
3.053569234907627106e-03
3.049231600016355515e-03
3.039705101400613785e-03
3.019882133230566978e-03
2.989757340401411057e-03
2.969353459775447845e-03
2.927849069237709045e-03
2.915473654866218567e-03
2.875819569453597069e-03
2.859397558495402336e-03
2.849583979696035385e-03
2.837799955159425735e-03
2.821554895490407944e-03
2.810617443174123764e-03
2.797684166580438614e-03
2.789958147332072258e-03
2.781173214316368103e-03
2.774254884570837021e-03
2.770829712972044945e-03
2.765138633549213409e-03
2.762601710855960846e-03
2.758630551397800446e-03
2.753011183813214302e-03
2.746699610725045204e-03
2.737687667831778526e-03
2.732395660132169724e-03
2.725922036916017532e-03
2.721530618146061897e-03
2.717063995078206062e-03
2.704459941014647484e-03
2.694016555324196815e-03
2.679145894944667816e-03
2.647989895194768906e-03
2.611177274957299232e-03
2.614082070067524910e-03
2.573464298620820045e-03
2.491973573341965675e-03
2.444946672767400742e-03
2.381486818194389343e-03
2.372253686189651489e-03
2.268232172355055809e-03
2.334486925974488258e-03
2.221286529675126076e-03
2.177213784307241440e-03
2.122466452419757843e-03
2.104788785800337791e-03
2.083862898871302605e-03
2.071372466161847115e-03
2.064652973785996437e-03
2.058494137600064278e-03
2.050077077001333237e-03
2.044971799477934837e-03
2.040166873484849930e-03
2.036270685493946075e-03
2.033380791544914246e-03
2.027815906330943108e-03
2.029342809692025185e-03
2.024016575887799263e-03
2.016694284975528717e-03
2.010595984756946564e-03
2.004362177103757858e-03
1.998355612158775330e-03
1.988280797377228737e-03
1.971629681065678596e-03
1.939927227795124054e-03
1.889572129584848881e-03
1.836767420172691345e-03
1.869731117039918900e-03
1.797774573788046837e-03
1.778340083546936512e-03
1.725946320220828056e-03
1.736571546643972397e-03
1.696593943051993847e-03
1.672859536483883858e-03
1.639951718971133232e-03
1.603140262886881828e-03
1.568536972627043724e-03
1.560481847263872623e-03
1.522100996226072311e-03
1.514502801001071930e-03
1.487747416831552982e-03
1.470755902118980885e-03
1.460907398723065853e-03
1.436122227460145950e-03
1.427343930117785931e-03
1.415045699104666710e-03
1.411172561347484589e-03
1.390479039400815964e-03
1.378168235532939434e-03
1.360415131784975529e-03
1.768135698512196541e-03
1.346603501588106155e-03
1.289474545046687126e-03
1.231493894010782242e-03
1.293793669901788235e-03
1.200296916067600250e-03
1.215005293488502502e-03
1.151526579633355141e-03
1.108778291381895542e-03
1.094607519917190075e-03
1.070303842425346375e-03
1.049948274157941341e-03
1.037956215441226959e-03
1.021940261125564575e-03
1.010141335427761078e-03
9.977705776691436768e-04
9.801882551982998848e-04
9.639178169891238213e-04
9.459942812100052834e-04
9.291896712966263294e-04
9.061323944479227066e-04
1.096123945899307728e-03
9.013119270093739033e-04
8.976303506642580032e-04
8.865930140018463135e-04
8.812346495687961578e-04
8.762140059843659401e-04
8.595189428888261318e-04
8.485985454171895981e-04
8.188526262529194355e-04
7.899624179117381573e-04
7.747182389721274376e-04
7.690635975450277328e-04
7.619002717547118664e-04
7.575061172246932983e-04
7.532018353231251240e-04
7.488580886274576187e-04
7.456667954102158546e-04
7.436082232743501663e-04
7.357305730693042278e-04
7.329176878556609154e-04
7.293092785403132439e-04
7.230341434478759766e-04
7.144552073441445827e-04
7.069793064147233963e-04
7.012562709860503674e-04
6.961327744647860527e-04
6.886596675030887127e-04
6.802901043556630611e-04
6.682854145765304565e-04
6.612578290514647961e-04
6.525932694785296917e-04
6.457499694079160690e-04
6.328751915134489536e-04
6.334277568385004997e-04
6.271505262702703476e-04
6.230794824659824371e-04
6.200679927133023739e-04
6.165832746773958206e-04
6.144347134977579117e-04
6.112798582762479782e-04
6.086396751925349236e-04
6.064883200451731682e-04
6.036952254362404346e-04
6.022836314514279366e-04
6.003640010021626949e-04
5.990960635244846344e-04
5.969936610199511051e-04
5.958619876764714718e-04
5.945028970018029213e-04
5.930773913860321045e-04
5.916042719036340714e-04
5.887078586965799332e-04
5.834632320329546928e-04
5.795187316834926605e-04
5.778750637546181679e-04
5.773237207904458046e-04
5.766416434198617935e-04
5.758869228884577751e-04
5.751383723691105843e-04
5.743357469327747822e-04
5.723867798224091530e-04
5.701688933186233044e-04
5.683470517396926880e-04
5.672108381986618042e-04
5.663154879584908485e-04
5.655709537677466869e-04
5.648737424053251743e-04
5.643404438160359859e-04
5.637833382934331894e-04
5.625893245451152325e-04
5.608106730505824089e-04
5.578842828981578350e-04
5.561489379033446312e-04
5.531683564186096191e-04
5.521764978766441345e-04
5.515428492799401283e-04
5.507522146217525005e-04
5.486661102622747421e-04
5.455114878714084625e-04
5.406608688645064831e-04
5.352183943614363670e-04
5.307784304022789001e-04
5.285293445922434330e-04
5.275926669128239155e-04
5.259253666736185551e-04
5.246566142886877060e-04
5.227863439358770847e-04
5.151265067979693413e-04
6.242554518394172192e-04
5.107964389026165009e-04
5.144072347320616245e-04
5.030307802371680737e-04
4.888148978352546692e-04
6.050099618732929230e-04
4.829276294913142920e-04
4.813235427718609571e-04
4.713380767498165369e-04
4.620282270479947329e-04
4.588686570059508085e-04
4.553702019620686769e-04
4.686812753789126873e-04
4.536110500339418650e-04
4.490429710131138563e-04
4.446929669938981533e-04
4.513736639637500048e-04
4.422047641128301620e-04
4.379807796794921160e-04
4.315422847867012024e-04
4.257896507624536753e-04
4.207667952869087458e-04
4.166351282037794590e-04
4.135009367018938065e-04
4.099265497643500566e-04
4.082843079231679440e-04
4.041081992909312248e-04
4.003107897005975246e-04
3.912823158316314220e-04
3.928543301299214363e-04
3.854793903883546591e-04
3.816601820290088654e-04
3.768165770452469587e-04
3.767797315958887339e-04
3.740102984011173248e-04
3.714286431204527617e-04
3.661221417132765055e-04
3.638523339759558439e-04
3.595618763938546181e-04
3.564025100786238909e-04
3.550397232174873352e-04
3.541450714692473412e-04
3.532403788994997740e-04
3.523265477269887924e-04
3.513273259159177542e-04
3.527599619701504707e-04
3.506419016048312187e-04
3.495037090033292770e-04
3.486483765300363302e-04
3.481268940959125757e-04
3.475494449958205223e-04
3.472688549663871527e-04
3.470536321401596069e-04
3.468491195235401392e-04
3.465088375378400087e-04
3.455994301475584507e-04
3.446277987677603960e-04
3.438409476075321436e-04
3.434674872551113367e-04
3.430022043175995350e-04
3.427331685088574886e-04
3.424167807679623365e-04
3.421892761252820492e-04
3.419795248191803694e-04
3.417787665966898203e-04
3.415148239582777023e-04
3.413162776269018650e-04
3.411738143768161535e-04
3.409413911867886782e-04
3.406383912079036236e-04
3.402355650905519724e-04
3.396357351448386908e-04
3.386239695828408003e-04
3.355800581630319357e-04
3.312521730549633503e-04
3.247323329560458660e-04
3.170225245412439108e-04
3.118820313829928637e-04
3.095539577770978212e-04
3.067193611059337854e-04
3.059312584809958935e-04
3.052356478292495012e-04
3.047478676307946444e-04
3.044686745852231979e-04
3.042928001377731562e-04
3.042197786271572113e-04
3.041531017515808344e-04
3.040542360395193100e-04
3.038261493202298880e-04
3.035504778381437063e-04
3.033136890735477209e-04
3.031355736311525106e-04
3.030826628673821688e-04
3.028525097761303186e-04
3.023376048076897860e-04
3.017855924554169178e-04
3.007620689459145069e-04
2.988678461406379938e-04
2.981359430123120546e-04
2.956780081149190664e-04
2.946990425698459148e-04
2.931675990112125874e-04
2.923854626715183258e-04
2.914355427492409945e-04
2.900452527683228254e-04
2.885652938857674599e-04
2.870734606403857470e-04
2.856663195416331291e-04
2.844413975253701210e-04
2.835337072610855103e-04
2.827891730703413486e-04
2.818976354319602251e-04
2.813150058500468731e-04
2.810000733006745577e-04
2.807943092193454504e-04
2.806243137456476688e-04
2.804569085128605366e-04
2.803172974381595850e-04
2.801853988785296679e-04
2.800379006657749414e-04
2.799180219881236553e-04
2.798050409182906151e-04
2.796782937366515398e-04
2.795379259623587132e-04
2.794232568703591824e-04
2.793112944345921278e-04
2.790420840028673410e-04
2.786733675748109818e-04
2.789364953059703112e-04
2.784638782031834126e-04
2.780035429168492556e-04
2.774301392491906881e-04
2.767278347164392471e-04
2.759773051366209984e-04
2.742018550634384155e-04
2.707709791138768196e-04
2.686228544916957617e-04
2.659326419234275818e-04
2.679484023246914148e-04
2.647176152095198631e-04
2.699281612876802683e-04
2.630152448546141386e-04
2.607187780085951090e-04
2.573713136371225119e-04
2.541198919061571360e-04
2.542788279242813587e-04
2.524565206840634346e-04
2.480194671079516411e-04
2.452390908729285002e-04
2.412774629192426801e-04
2.409459120826795697e-04
2.386862761341035366e-04
2.363135863561183214e-04
2.342298976145684719e-04
2.323220833204686642e-04
2.312032738700509071e-04
2.304441004525870085e-04
2.298342733411118388e-04
2.290908014401793480e-04
2.285481023136526346e-04
2.275248552905395627e-04
2.265857328893616796e-04
2.259619213873520494e-04
2.251159748993813992e-04
2.241597685497254133e-04
2.227645018137991428e-04
2.212160761700943112e-04
2.205461059929803014e-04
2.197031280957162380e-04
2.182217285735532641e-04
2.166494814446195960e-04
2.155235415557399392e-04
2.151142252841964364e-04
2.143855526810511947e-04
2.138042909791693091e-04
2.134793176082894206e-04
2.132566878572106361e-04
2.130366774508729577e-04
2.127160551026463509e-04
2.122056175721809268e-04
2.114832750521600246e-04
2.105767343891784549e-04
2.100762649206444621e-04
2.093983493978157640e-04
2.089624322252348065e-04
2.082633436657488346e-04
2.076178352581337094e-04
2.068298927042633295e-04
2.056897501461207867e-04
2.052296331385150552e-04
2.037075755652040243e-04
2.022330008912831545e-04
2.000003878492861986e-04
1.981718669412657619e-04
1.980621891561895609e-04
1.968132564797997475e-04
1.959145884029567242e-04
1.949409634107723832e-04
1.941774826264008880e-04
1.936063199536874890e-04
1.932931481860578060e-04
1.930398721015080810e-04
1.924898242577910423e-04
1.918795023811981082e-04
1.913930609589442611e-04
1.911354629555717111e-04
1.909491547849029303e-04
1.907751429826021194e-04
1.904809323605149984e-04
1.899433991638943553e-04
1.891953579615801573e-04
1.883142103906720877e-04
1.874601875897496939e-04
1.869706757133826613e-04
1.863851648522540927e-04
1.860916818259283900e-04
1.858220930444076657e-04
1.855224109021946788e-04
1.853286812547594309e-04
1.849935797508805990e-04
1.847240782808512449e-04
1.845381630118936300e-04
1.842952187871560454e-04
1.840301847551018000e-04
1.835486618801951408e-04
1.831284462241455913e-04
1.825207436922937632e-04
1.818836753955110908e-04
1.815908763092011213e-04
1.814449351513758302e-04
1.811363617889583111e-04
1.808405213523656130e-04
1.804905623430386186e-04
1.801593316486105323e-04
1.798776356736198068e-04
1.796552678570151329e-04
1.794777344912290573e-04
1.792714756447821856e-04
1.790496462490409613e-04
1.787068031262606382e-04
1.778897276381030679e-04
1.766791974660009146e-04
1.757396821631118655e-04
1.749122893670573831e-04
1.735597907099872828e-04
1.719497086014598608e-04
1.722635061014443636e-04
1.706616312731057405e-04
1.759501028573140502e-04
1.696650724625214934e-04
1.686493487795814872e-04
1.678870175965130329e-04
1.669933699304237962e-04
1.706417824607342482e-04
1.666176103753969073e-04
1.662907889112830162e-04
1.653413928579539061e-04
1.647202443564310670e-04
1.637297100387513638e-04
1.625539734959602356e-04
1.603685377631336451e-04
1.589111197972670197e-04
1.569426531204953790e-04
1.554666523588821292e-04
1.540350203868001699e-04
1.524156832601875067e-04
1.518411445431411266e-04
1.515590120106935501e-04
1.512754824943840504e-04
1.508553832536563277e-04
1.505221298430114985e-04
1.502588129369542003e-04
1.500740472692996264e-04
1.498938217991963029e-04
1.497701014159247279e-04
1.497274788562208414e-04
1.497060147812590003e-04
1.496845361543819308e-04
1.496315380791202188e-04
1.495612377766519785e-04
1.494856987847015262e-04
1.494189345976337790e-04
1.493624731665477157e-04
1.493183517595753074e-04
1.492498704465106130e-04
1.491457223892211914e-04
1.489753485657274723e-04
1.487629197072237730e-04
1.485226093791425228e-04
1.482198422309011221e-04
1.484760869061574340e-04
1.480327628087252378e-04
1.477524783695116639e-04
1.474796881666406989e-04
1.472594740334898233e-04
1.470330462325364351e-04
1.467171387048438191e-04
1.465039531467482448e-04
1.462196960346773267e-04
1.460555067751556635e-04
1.458367332816123962e-04
1.455037272535264492e-04
1.448405673727393150e-04
1.437669561710208654e-04
1.423644716851413250e-04
1.417936146026477218e-04
1.400795445078983903e-04
1.390992838423699141e-04
1.370291574858129025e-04
1.352108083665370941e-04
1.329781662207096815e-04
1.312590757152065635e-04
1.301070587942376733e-04
1.287183549720793962e-04
1.334980915999040008e-04
1.279030111618340015e-04
1.265932369278743863e-04
1.265188184333965182e-04
1.264231395907700062e-04
1.260236749658361077e-04
1.258830743608996272e-04
1.257005060324445367e-04
1.253281952813267708e-04
1.248267653863877058e-04
1.255772949662059546e-04
1.245854509761556983e-04
1.240240089828148484e-04
1.233588409377261996e-04
1.229890622198581696e-04
1.229993067681789398e-04
1.227537286467850208e-04
1.224730804096907377e-04
1.221327402163296938e-04
1.217324461322277784e-04
1.215075462823733687e-04
1.211150738527067006e-04
1.207674213219434023e-04
1.205024746013805270e-04
1.202632047352381051e-04
1.201244376716203988e-04
1.200336846522986889e-04
1.199518301291391253e-04
1.198527388623915613e-04
1.197716846945695579e-04
1.196695011458359659e-04
1.195236472995020449e-04
1.193244825117290020e-04
1.190631010103970766e-04
1.187587331514805555e-04
1.186016452265903354e-04
1.184922948596067727e-04
1.183843123726546764e-04
1.186413574032485485e-04
1.183458953164517879e-04
1.182716368930414319e-04
1.182108389912173152e-04
1.181626284960657358e-04
1.181019688374362886e-04
1.180123435915447772e-04
1.179379760287702084e-04
1.178865786641836166e-04
1.178388411062769592e-04
1.177716621896252036e-04
1.177959347842261195e-04
1.177445010398514569e-04
1.176798687083646655e-04
1.176069708890281618e-04
1.175551442429423332e-04
1.175002689706161618e-04
1.174231874756515026e-04
1.173798373201861978e-04
1.173420096165500581e-04
1.173266718978993595e-04
1.173169293906539679e-04
1.172965348814614117e-04
1.172661650343798101e-04
1.172158154076896608e-04
1.171332260128110647e-04
1.170318209915421903e-04
1.169130118796601892e-04
1.167721347883343697e-04
1.165365029009990394e-04
1.163210035883821547e-04
1.160974497906863689e-04
1.158978848252445459e-04
1.157068618340417743e-04
1.154826386482454836e-04
1.151048345491290092e-04
1.146650174632668495e-04
1.141449974966235459e-04
1.221811980940401554e-04
1.140424283221364021e-04
1.135978673119097948e-04
1.132191464421339333e-04
1.129342563217505813e-04
1.124994887504726648e-04
1.119384178309701383e-04
1.108436263166368008e-04
1.086173142539337277e-04
1.081531299860216677e-04
1.074797764886170626e-04
1.054496533470228314e-04
1.046866309479810297e-04
1.042884978232905269e-04
1.033451189869083464e-04
1.031805368256755173e-04
1.026080062729306519e-04
1.018172551994211972e-04
1.001270575216040015e-04
9.863701416179537773e-05
9.927526843966916203e-05
9.728605800773948431e-05
9.578104800311848521e-05
9.348294406663626432e-05
9.169018449028953910e-05
9.554003190714865923e-05
8.996859833132475615e-05
8.743484795559197664e-05
8.500353578710928559e-05
8.916467049857601523e-05
8.404820982832461596e-05
8.206337224692106247e-05
8.051070471992716193e-05
7.926421676529571414e-05
7.916310278233140707e-05
7.877846655901521444e-05
7.826284127077087760e-05
7.746827031951397657e-05
7.656501111341640353e-05
7.607211591675877571e-05
7.561351958429440856e-05
7.528575224569067359e-05
7.489541167160496116e-05
7.439337787218391895e-05
7.393073610728606582e-05
7.349072257056832314e-05
7.298794662347063422e-05
7.224004366435110569e-05
7.106212433427572250e-05
7.008407555986195803e-05
6.939731247257441282e-05
6.848871998954564333e-05
6.791179475840181112e-05
6.733856571372598410e-05
6.698995275655761361e-05
6.670519360341131687e-05
6.652207230217754841e-05
6.639039202127605677e-05
6.623547233175486326e-05
6.607593968510627747e-05
6.572317215614020824e-05
6.498141738120466471e-05
6.464199395850300789e-05
6.416474934667348862e-05
6.365098670357838273e-05
6.345118163153529167e-05
6.297329673543572426e-05
6.274337647482752800e-05
6.240562652237713337e-05
6.208322156453505158e-05
6.096827564761042595e-05
6.055294943507760763e-05
5.971481732558459044e-05
5.934149157837964594e-05
5.893121124245226383e-05
5.838741344632580876e-05
5.776861507911235094e-05
5.718902684748172760e-05
5.655086715705692768e-05
5.581338336924090981e-05
6.624276284128427505e-05
5.524494554265402257e-05
5.462910849018953741e-05
5.395100379246287048e-05
5.347115438780747354e-05
5.288751344778575003e-05
5.194584446144290268e-05
5.079127731733024120e-05
4.969831570633687079e-05
4.882386201643384993e-05
4.858175816480070353e-05
4.807406003237701952e-05
4.757941496791318059e-05
4.723389429273083806e-05
4.674096635426394641e-05
4.664653897634707391e-05
4.658831676351837814e-05
4.649975380743853748e-05
4.640369297703728080e-05
4.628405804396606982e-05
4.618022285285405815e-05
4.609570169122889638e-05
4.600319516612216830e-05
4.587620060192421079e-05
4.580789391184225678e-05
4.575654747895896435e-05
4.569086740957573056e-05
4.564713526633568108e-05
4.561946843750774860e-05
4.560339948511682451e-05
4.556327621685341001e-05
4.548861033981665969e-05
4.534081381279975176e-05
4.519789217738434672e-05
4.512224040809087455e-05
4.510729559115134180e-05
4.508722486207261682e-05
4.507897756411693990e-05
4.507021003519184887e-05
4.506685945671051741e-05
4.506016921368427575e-05
4.505904507823288441e-05
4.505612741922959685e-05
4.505243850871920586e-05
4.504541357164271176e-05
4.503372110775671899e-05
4.502925730776041746e-05
4.501812509261071682e-05
4.501012881519272923e-05
4.500582872424274683e-05
4.500260911299847066e-05
4.499161150306463242e-05
4.498068301472812891e-05
4.496173278312198818e-05
4.493906817515380681e-05
4.491864092415198684e-05
4.490131686907261610e-05
4.489230195758864284e-05
4.488224658416584134e-05
4.487598926061764359e-05
4.486694524530321360e-05
4.485822501010261476e-05
4.484163946472108364e-05
4.480576899368315935e-05
4.480697680264711380e-05
4.478948176256380975e-05
4.474836168810725212e-05
4.469788837013766170e-05
4.464119410840794444e-05
4.456792521523311734e-05
4.448198160389438272e-05
4.440594057086855173e-05
4.433034337125718594e-05
4.429059845278970897e-05
4.422312485985457897e-05
4.412084308569319546e-05
4.400828765938058496e-05
4.383976556709967554e-05
4.356112913228571415e-05
4.318793435231782496e-05
4.266004543751478195e-05
4.270256613381206989e-05
4.235233427607454360e-05
4.202424315735697746e-05
4.183331839158199728e-05
4.161994002060964704e-05
4.150692257098853588e-05
4.145101411268115044e-05
4.134887058171443641e-05
4.133912443649023771e-05
4.126272688154131174e-05
4.123144026380032301e-05
4.117957723792642355e-05
4.112800161237828434e-05
4.107996937818825245e-05
4.106016422156244516e-05
4.103805986233055592e-05
4.101909507880918682e-05
4.099302896065637469e-05
4.094144605915062129e-05
4.089427602593787014e-05
4.083890235051512718e-05
4.077764242538250983e-05
4.071834337082691491e-05
4.090820948476903141e-05
4.068353155162185431e-05
4.061678919242694974e-05
4.057208207086659968e-05
4.052072836202569306e-05
4.046324465889483690e-05
4.038529732497408986e-05
4.031577918794937432e-05
4.013680518255569041e-05
3.996380110038444400e-05
3.984607974416576326e-05
3.958746674470603466e-05
3.940262104151770473e-05
3.910632221959531307e-05
3.894475594279356301e-05
3.878641291521489620e-05
3.866658880724571645e-05
3.844021921395324171e-05
3.829150955425575376e-05
3.809708505286835134e-05
3.789486072491854429e-05
3.773439311771653593e-05
3.771851697820238769e-05
3.763774657272733748e-05
3.755638681468553841e-05
3.748047674889676273e-05
3.742280387086793780e-05
3.736759390449151397e-05
3.729832315002568066e-05
3.721021857927553356e-05
3.711749741341918707e-05
3.701873356476426125e-05
3.695399209391325712e-05
3.688423021230846643e-05
3.678936263895593584e-05
3.667181954369880259e-05
3.650533108157105744e-05
3.628404374467208982e-05
3.606588870752602816e-05
3.575851224013604224e-05
3.571413617464713752e-05
3.583976649679243565e-05
3.553608621587045491e-05
3.542229387676343322e-05
3.523422856233082712e-05
3.507997098495252430e-05
3.482864485704340041e-05
3.438872590777464211e-05
3.367754106875509024e-05
3.321298572700470686e-05
3.296386057627387345e-05
3.564284270396456122e-05
3.281065073679201305e-05
3.259728327975608408e-05
3.237721102777868509e-05
3.200465653208084404e-05
3.181656211381778121e-05
3.142291461699642241e-05
3.116559673799201846e-05
3.062625182792544365e-05
3.003316487593110651e-05
3.009404645126778632e-05
2.958497134386561811e-05
2.912640229624230415e-05
2.898729144362732768e-05
2.868631599994841963e-05
2.823594331857748330e-05
2.808176759572234005e-05
2.789703285088762641e-05
2.753344415395986289e-05
2.714975016715470701e-05
2.671739821380469948e-05
2.631689312693197280e-05
2.606138332339469343e-05
2.553859303588978946e-05
2.550972385506611317e-05
2.527272772567812353e-05
2.468569437041878700e-05
2.389615474385209382e-05
2.326412868569605052e-05
2.304065492353402078e-05
2.280860462633427233e-05
2.253593265777453780e-05
2.230980135209392756e-05
2.205170130764599890e-05
2.176366979256272316e-05
2.153809873561840504e-05
2.131987275788560510e-05
2.111615685862489045e-05
2.092546674248296767e-05
2.074474832625128329e-05
2.052996205748058856e-05
2.022766784648410976e-05
2.003711415454745293e-05
2.018213126575574279e-05
1.981194145628251135e-05
1.953959872480481863e-05
1.948323733813595027e-05
1.935387808771338314e-05
1.923804120451677591e-05
1.901439463836140931e-05
1.892950422188732773e-05
1.882230208138935268e-05
1.867895844043232501e-05
1.853260982898063958e-05
1.845352562668267637e-05
1.841522680479101837e-05
1.836935916799120605e-05
1.832358975661918521e-05
1.828177482821047306e-05
1.823776983655989170e-05
1.818219971028156579e-05
1.814200368244200945e-05
1.811252695915754884e-05
1.809159221011213958e-05
1.806781256163958460e-05
1.802079714252613485e-05
1.795648313418496400e-05
1.787899418559391052e-05
1.781738319550640881e-05
1.776575845724437386e-05
1.769927257555536926e-05
1.764355147315654904e-05
1.759443875926081091e-05
1.755265475367195904e-05
1.752520074660424143e-05
1.746161797200329602e-05
1.738443825161084533e-05
1.723376044537872076e-05
1.711385993985459208e-05
1.705816066532861441e-05
1.700081520539242774e-05
1.695585342531558126e-05
1.690407771093305200e-05
1.683933442109264433e-05
1.670398887654300779e-05
1.656825770623981953e-05
1.643152427277527750e-05
1.625306504138279706e-05
1.668580080149695277e-05
1.617482303117867559e-05
1.602794873178936541e-05
1.595188950886949897e-05
1.586095095262862742e-05
1.579276431584730744e-05
1.572130167915020138e-05
1.560090822749771178e-05
1.550643719383515418e-05
1.540324228699319065e-05
1.531947964394930750e-05
1.524933031760156155e-05
1.513082042947644368e-05
1.502609120507258922e-05
1.493400304752867669e-05
1.490326576458755881e-05
1.485926986788399518e-05
1.484483254898805171e-05
1.483054711570730433e-05
1.481252365920227021e-05
1.479769798606866971e-05
1.493736635893583298e-05
1.479299316997639835e-05
1.478868216508999467e-05
1.478325521020451561e-05
1.478022295486880466e-05
1.477353907830547541e-05
1.482380139350425452e-05
1.477009391237515956e-05
1.476054785598535091e-05
1.475237877457402647e-05
1.474553573643788695e-05
1.473915108363144100e-05
1.473271640861639753e-05
1.473194424761459231e-05
1.472758231102488935e-05
1.472485746489837766e-05
1.472143685532500967e-05
1.471830637456150725e-05
1.471456653234781697e-05
1.470750248699914664e-05
1.470073584641795605e-05
1.469458584324456751e-05
1.468967639084439725e-05
1.468355731049086899e-05
1.467954643885605037e-05
1.467738456994993612e-05
1.467601850890787318e-05
1.467253969167359173e-05
1.466892354073934257e-05
1.466521825932431966e-05
1.465823879698291421e-05
1.465236709918826818e-05
1.464259185013361275e-05
1.463694479753030464e-05
1.462780073779867962e-05
1.462220097891986370e-05
1.461429110349854454e-05
1.459922441426897421e-05
1.457725375075824559e-05
1.454232460673665628e-05
1.451533717045094818e-05
1.447808335797162727e-05
1.443621385988080874e-05
1.437951959815109149e-05
1.423500089003937319e-05
1.404399336024653167e-05
1.371645430481294170e-05
1.318666181759908795e-05
2.484120341250672936e-05
1.296422306040767580e-05
1.257211079064290971e-05
1.237277047039242461e-05
1.226301174028776586e-05
1.225809774041408673e-05
1.214424446516204625e-05
1.201930717797949910e-05
1.189799422718351707e-05
1.204795898956945166e-05
1.176568002847488970e-05
1.163669185189064592e-05
1.151334072346799076e-05
1.142591008829185739e-05
1.138094557973090559e-05
1.131608678406337276e-05
1.125747712649172172e-05
1.116883959184633568e-05
1.109825279854703695e-05
1.103172144212294370e-05
1.121239802159834653e-05
1.088144290406489745e-05
1.075403088179882616e-05
1.069523659680271521e-05
1.066295226337388158e-05
1.058044927049195394e-05
1.045721455739112571e-05
1.036169851431623101e-05
1.025068559101782739e-05
1.013573819363955408e-05
1.007032733468804508e-05
1.002375938696786761e-05
9.952191248885355890e-06
9.894221875583752990e-06
9.817574209591839463e-06
9.787483577383682132e-06
9.739968845678959042e-06
9.696802408143412322e-06
9.637346011004410684e-06
9.559755199006758630e-06
9.516431418887805194e-06
9.464433787798043340e-06
9.589602996129542589e-06
9.436526852368842810e-06
9.409110134583897889e-06
9.380288247484713793e-06
9.364628567709587514e-06
9.341513759864028543e-06
9.318117008660919964e-06
9.302212674811016768e-06
9.289205081586260349e-06
9.274483090848661959e-06
9.264718755730427802e-06
9.237711310561280698e-06
9.223311280948109925e-06
9.194605809170752764e-06
9.169736586045473814e-06
9.150913683697581291e-06
9.137374945566989481e-06
9.126028089667670429e-06
9.116011824517045170e-06
9.107016921916510910e-06
9.083170880330726504e-06
9.072197826753836125e-06
9.057014722202438861e-06
9.043105819728225470e-06
9.024153769132681191e-06
9.005676474771462381e-06
8.984893611341249198e-06
8.973982403404079378e-06
8.964204425865318626e-06
8.952889402280561626e-06
8.945757144829258323e-06
8.929907380661461502e-06
8.913550118450075388e-06
8.894174243323504925e-06
8.888805496098939329e-06
8.884501767170149833e-06
8.883245754987001419e-06
8.880368113750591874e-06
8.877030268195085227e-06
8.871571480995044112e-06
8.864614756021182984e-06
8.858346518536563963e-06
8.851451639202423394e-06
8.845592674333602190e-06
8.840777809382416308e-06
8.837305358611047268e-06
8.829582839098293334e-06
8.821465598884969950e-06
8.813867680146358907e-06
8.803890523267909884e-06
8.793685083219315857e-06
8.786204489297233522e-06
8.778694791544694453e-06
8.769820851739495993e-06
8.760890523262787610e-06
8.747903848416171968e-06
8.736868039704859257e-06
8.718892786419019103e-06
8.708405403012875468e-06
8.698647434357553720e-06
8.691980838193558156e-06
8.684268323122523725e-06
8.672841431689448655e-06
8.662659638503100723e-06
8.648708899272605777e-06
8.643727596790995449e-06
8.633492143417242914e-06
8.629128387838136405e-06
8.611792509327642620e-06
8.598794011049903929e-06
8.580962457926943898e-06
8.555176464142277837e-06
8.521168638253584504e-06
8.468773557979147881e-06
8.393575626541860402e-06
8.290089681395329535e-06
8.236834219133015722e-06
8.199245712603442371e-06
8.113175681501161307e-06
8.076715857896488160e-06
8.006957614270504564e-06
7.936368092487100512e-06
7.906594873929861933e-06
7.860320692998357117e-06
7.817175173840951174e-06
7.757358616800047457e-06
7.708865268796216697e-06
7.663492397114168853e-06
7.652519343537278473e-06
7.620977157785091549e-06
7.603714948345441371e-06
7.545952030341140926e-06
7.508717317250557244e-06
7.477638973796274513e-06
7.447535608662292361e-06
7.417259439534973353e-06
7.389396159851457924e-06
7.365013516391627491e-06
7.350362466240767390e-06
7.324008947762195021e-06
7.299725439224857837e-06
7.272452876350143924e-06
7.256627668539294973e-06
7.231683412101119757e-06
8.099261322058737278e-06
7.215089681267272681e-06
7.152737452997826040e-06
7.116567303455667570e-06
7.099150025169365108e-06
7.083479431457817554e-06
7.065416866680607200e-06
7.041686785669298843e-06
7.015825758571736515e-06
6.999527613515965641e-06
6.991258487687446177e-06
6.984303126955637708e-06
6.978330020501744002e-06
6.972155460971407592e-06
6.966022283450001851e-06
6.961538929317612201e-06
6.956011475267587230e-06
6.950199804123258218e-06
6.946832854737294838e-06
6.940675120858941227e-06
6.933982149348594248e-06
6.928070433787070215e-06
6.922859483893262222e-06
6.920835403434466571e-06
6.917470273037906736e-06
6.914941877766977996e-06
6.908538580319145694e-06
6.902407676534494385e-06
6.891764314786996692e-06
6.884718004585010931e-06
6.881599347252631560e-06
6.880025466671213508e-06
6.879145985294599086e-06
6.877926352899521589e-06
6.876177849335363135e-06
6.874106475152075291e-06
6.874886366858845577e-06
6.872935500723542646e-06
6.871285677334526554e-06
6.870252946100663394e-06
6.868550826766295359e-06
6.866304829600267112e-06
6.869400749565102160e-06
6.864548595331143588e-06
6.861360361654078588e-06
6.859094355604611337e-06
6.856982508907094598e-06
6.855623723822645843e-06
6.853380909888073802e-06
6.850044883321970701e-06
6.860367193439742550e-06
6.848252724012127146e-06
6.844347808510065079e-06
6.843036771897459403e-06
6.842184120614547282e-06
6.840649803052656353e-06
6.837257387815043330e-06
6.835392014181707054e-06
6.831016889918828383e-06
6.828998266428243369e-06
6.824213869549566880e-06
6.818757810833631083e-06
6.811937055317685008e-06
6.806383225921308622e-06
6.801584277127403766e-06
6.798418780817883089e-06
6.795373792556347325e-06
6.792298790969653055e-06
6.790957286284537986e-06
6.788178325223270804e-06
6.784010565752396360e-06
6.777186172257643193e-06
6.765955731680151075e-06
6.756702532584313303e-06
6.745703103661071509e-06
6.739575837855227292e-06
6.734655471518635750e-06
6.728704647684935480e-06
6.722305897710612044e-06
6.717415544699179009e-06
6.714129540341673419e-06
6.710399247822351754e-06
6.705853138555539772e-06
6.702700375171843916e-06
6.699477580696111545e-06
6.697797289234586060e-06
6.696752734569599852e-06
6.695109732390847057e-06
6.692903752991696820e-06
6.690668215014738962e-06
6.690191639791009948e-06
6.688625035167206079e-06
6.688148459943477064e-06
6.686835149594116956e-06
6.684997060801833868e-06
6.684547315671807155e-06
6.683452284050872549e-06
6.682638741040136665e-06
6.682542789349099621e-06
6.681857939838664606e-06
6.681499144178815186e-06
6.680832484562415630e-06
6.679194029857171699e-06
6.677731107629369944e-06
6.677323654002975672e-06
6.676454177068080753e-06
6.675846634607296437e-06
6.674702490272466093e-06
6.674352334812283516e-06
6.674014457530574873e-06
6.673883035546168685e-06
6.673560164927039295e-06
6.674024007224943489e-06
6.673042207694379613e-06
6.672900326520903036e-06
6.673076768493046984e-06
6.673441930615808815e-06
6.673456937278388068e-06
6.672787094430532306e-06
6.672783911199076101e-06
6.673469215456862003e-06
6.672923063888447359e-06
6.672783911199076101e-06
6.672783911199076101e-06
6.672748440905706957e-06
6.672748440905706957e-06
6.674014912277925760e-06
6.672606559732230380e-06
6.672415111097507179e-06
6.671301434835186228e-06
6.672102244920097291e-06
6.671709343208931386e-06
6.671894880128093064e-06
6.671398750768275931e-06
6.671301434835186228e-06
6.671301434835186228e-06
6.671301434835186228e-06
6.671301434835186228e-06
6.671301434835186228e-06
6.671301434835186228e-06
