3.025752782821655273e+00
9.031244516372680664e-01
7.601031064987182617e-01
7.087515592575073242e-01
6.999156475067138672e-01
6.992548704147338867e-01
6.986000537872314453e-01
6.966929435729980469e-01
6.951734423637390137e-01
6.952513456344604492e-01
6.945738196372985840e-01
6.943733692169189453e-01
6.942960023880004883e-01
6.942397952079772949e-01
6.939209103584289551e-01
6.934105753898620605e-01
6.924889087677001953e-01
6.911922097206115723e-01
6.909092068672180176e-01
6.907522082328796387e-01
6.906808614730834961e-01
6.905255913734436035e-01
6.903480887413024902e-01
6.900528669357299805e-01
6.895278096199035645e-01
6.887186765670776367e-01
6.878712773323059082e-01
6.870537400245666504e-01
6.859471201896667480e-01
6.852631568908691406e-01
6.844921708106994629e-01
6.825236678123474121e-01
6.787713170051574707e-01
6.727548837661743164e-01
6.891651153564453125e-01
6.703651547431945801e-01
6.682729125022888184e-01
6.621483564376831055e-01
6.471213102340698242e-01
1.166244029998779297e+00
6.386562585830688477e-01
6.358720064163208008e-01
6.282001137733459473e-01
6.838897466659545898e-01
6.044409871101379395e-01
8.414394259452819824e-01
5.788534879684448242e-01
6.202309131622314453e-01
5.436711907386779785e-01
5.640259981155395508e-01
5.225053429603576660e-01
5.211797952651977539e-01
5.087237358093261719e-01
4.921901524066925049e-01
4.681114256381988525e-01
5.997721552848815918e-01
4.510994255542755127e-01
4.727953374385833740e-01
4.309746325016021729e-01
4.264473021030426025e-01
4.015297591686248779e-01
3.980709314346313477e-01
3.868113160133361816e-01
3.785095214843750000e-01
3.697519302368164062e-01
3.596730530261993408e-01
3.532061576843261719e-01
3.461413979530334473e-01
3.364287316799163818e-01
3.231820464134216309e-01
3.133707046508789062e-01
2.981273829936981201e-01
2.823527455329895020e-01
2.755977213382720947e-01
2.691417932510375977e-01
2.637059688568115234e-01
2.584843039512634277e-01
2.521766424179077148e-01
2.453626543283462524e-01
2.306626737117767334e-01
2.078513503074645996e-01
2.148931175470352173e-01
1.986346840858459473e-01
2.065024524927139282e-01
1.928457617759704590e-01
1.860907971858978271e-01
1.814721375703811646e-01
1.805588901042938232e-01
1.718186289072036743e-01
1.717388033866882324e-01
1.662835180759429932e-01
1.637203842401504517e-01
1.595327854156494141e-01
1.577556282281875610e-01
1.565086841583251953e-01
1.550924777984619141e-01
1.543742418289184570e-01
1.537466496229171753e-01
1.527486741542816162e-01
1.512948721647262573e-01
1.464375555515289307e-01
1.379562020301818848e-01
1.279769390821456909e-01
1.225711107254028320e-01
1.198718398809432983e-01
1.186462864279747009e-01
1.177551373839378357e-01
1.172396689653396606e-01
1.164685785770416260e-01
1.155593842267990112e-01
1.132617220282554626e-01
1.096691191196441650e-01
1.059845909476280212e-01
1.048464998602867126e-01
1.034863293170928955e-01
1.031559929251670837e-01
1.026655137538909912e-01
1.007169112563133240e-01
9.855429828166961670e-02
9.720103442668914795e-02
9.604953974485397339e-02
9.558477252721786499e-02
9.478446841239929199e-02
9.406729042530059814e-02
9.335124492645263672e-02
9.297481924295425415e-02
9.247092157602310181e-02
9.106629341840744019e-02
8.907077461481094360e-02
8.717526495456695557e-02
8.471655100584030151e-02
8.296366780996322632e-02
8.156118541955947876e-02
7.987745106220245361e-02
7.777899503707885742e-02
7.694586366415023804e-02
7.646225392818450928e-02
7.581739127635955811e-02
7.474413514137268066e-02
7.425769418478012085e-02
7.361844182014465332e-02
7.295699417591094971e-02
7.227120548486709595e-02
7.135087251663208008e-02
7.005610316991806030e-02
6.880159676074981689e-02
6.805060058832168579e-02
6.728000193834304810e-02
6.676101684570312500e-02
6.637888401746749878e-02
6.607963144779205322e-02
6.586717814207077026e-02
6.571511179208755493e-02
6.541144847869873047e-02
6.478218734264373779e-02
6.371535360813140869e-02
6.301438063383102417e-02
6.198979169130325317e-02
6.093984842300415039e-02
6.059673428535461426e-02
6.017180904746055603e-02
5.962292104959487915e-02
5.903295427560806274e-02
5.825376138091087341e-02
5.742241814732551575e-02
5.697277933359146118e-02
5.661157891154289246e-02
5.630002915859222412e-02
5.598227679729461670e-02
5.554034560918807983e-02
5.476705729961395264e-02
5.368266254663467407e-02
5.232694000005722046e-02
5.306282639503479004e-02
5.196361988782882690e-02
5.169173330068588257e-02
5.156610906124114990e-02
5.141897499561309814e-02
5.100785940885543823e-02
5.019465833902359009e-02
4.899447038769721985e-02
4.875646531581878662e-02
4.740619659423828125e-02
4.682167619466781616e-02
4.601498320698738098e-02
4.563919454813003540e-02
4.538924992084503174e-02
4.523052275180816650e-02
4.503123834729194641e-02
4.459669068455696106e-02
4.387698695063591003e-02
4.281800985336303711e-02
4.156749695539474487e-02
4.092301800847053528e-02
4.062581062316894531e-02
4.043482616543769836e-02
4.035523906350135803e-02
4.030289128422737122e-02
4.025301337242126465e-02
4.019611701369285583e-02
4.013798758387565613e-02
4.001731425523757935e-02
3.976461291313171387e-02
3.926184028387069702e-02
3.864275664091110229e-02
3.825112804770469666e-02
3.759702667593955994e-02
3.733064234256744385e-02
3.711086139082908630e-02
3.680731728672981262e-02
3.640069812536239624e-02
3.594868630170822144e-02
3.642705082893371582e-02
3.574510663747787476e-02
3.538774698972702026e-02
3.509651497006416321e-02
3.467382490634918213e-02
3.423600271344184875e-02
3.392454236745834351e-02
3.345068171620368958e-02
3.280946612358093262e-02
3.206128627061843872e-02
3.303093463182449341e-02
3.171576559543609619e-02
3.137363493442535400e-02
3.096607699990272522e-02
3.064621984958648682e-02
3.041705489158630371e-02
3.029877319931983948e-02
3.017606958746910095e-02
2.995827049016952515e-02
2.985141426324844360e-02
2.977395802736282349e-02
2.964577265083789825e-02
2.927918732166290283e-02
2.878389135003089905e-02
2.803910709917545319e-02
2.743115276098251343e-02
2.685935422778129578e-02
2.646395005285739899e-02
2.594289742410182953e-02
2.557638660073280334e-02
2.543773874640464783e-02
2.529625222086906433e-02
2.522651106119155884e-02
2.512668445706367493e-02
2.490775287151336670e-02
2.430834807455539703e-02
2.348709851503372192e-02
2.258099988102912903e-02
2.186008542776107788e-02
2.153067477047443390e-02
2.254823595285415649e-02
2.130080759525299072e-02
2.094582095742225647e-02
2.062554843723773956e-02
2.022005617618560791e-02
2.000109851360321045e-02
1.969107985496520996e-02
1.949623040854930878e-02
1.930647343397140503e-02
1.911254972219467163e-02
1.897525414824485779e-02
1.869354024529457092e-02
1.812528632581233978e-02
1.762825250625610352e-02
2.124964073300361633e-02
1.742644049227237701e-02
1.711873337626457214e-02
1.693539135158061981e-02
1.676397211849689484e-02
1.650058850646018982e-02
1.616434007883071899e-02
1.595510914921760559e-02
1.566088013350963593e-02
1.537086255848407745e-02
1.503727026283740997e-02
1.480537652969360352e-02
1.457669679075479507e-02
1.432532537728548050e-02
1.411091163754463196e-02
1.380349323153495789e-02
1.339335553348064423e-02
1.326350029557943344e-02
1.317759416997432709e-02
1.314111612737178802e-02
1.309839915484189987e-02
1.306927390396595001e-02
1.301931776106357574e-02
1.290397718548774719e-02
1.270086318254470825e-02
1.230359822511672974e-02
1.185830309987068176e-02
1.148867700248956680e-02
1.132831722497940063e-02
1.116892881691455841e-02
1.112502533942461014e-02
1.109808776527643204e-02
1.108053885400295258e-02
1.103739254176616669e-02
1.090009696781635284e-02
1.080069132149219513e-02
1.067108102142810822e-02
1.051841303706169128e-02
1.025755889713764191e-02
9.627153165638446808e-03
9.246175177395343781e-03
9.116599336266517639e-03
9.242068044841289520e-03
8.966399356722831726e-03
8.909300900995731354e-03
8.886208757758140564e-03
8.862803690135478973e-03
8.830848149955272675e-03
8.784185163676738739e-03
8.698139339685440063e-03
8.541490882635116577e-03
8.264535106718540192e-03
7.703632581979036331e-03
7.330434862524271011e-03
7.196472957730293274e-03
6.865008734166622162e-03
6.616235710680484772e-03
6.511564366519451141e-03
6.360019091516733170e-03
6.235796026885509491e-03
6.137163378298282623e-03
6.098363548517227173e-03
6.058426108211278915e-03
6.002149544656276703e-03
5.959019064903259277e-03
5.929001607000827789e-03
5.892032757401466370e-03
5.840609781444072723e-03
5.784615874290466309e-03
5.687851924449205399e-03
5.549661815166473389e-03
5.355947185307741165e-03
5.475982092320919037e-03
5.241500213742256165e-03
5.032788496464490891e-03
4.822435323148965836e-03
4.813172388821840286e-03
4.769955761730670929e-03
4.688301123678684235e-03
4.602867644280195236e-03
4.573855083435773849e-03
4.553427919745445251e-03
4.543148912489414215e-03
4.535039421170949936e-03
4.524480085819959641e-03
4.506233613938093185e-03
4.485120531171560287e-03
4.448285326361656189e-03
4.408468957990407944e-03
4.335444420576095581e-03
4.269634373486042023e-03
4.153133369982242584e-03
4.093528259545564651e-03
4.038989543914794922e-03
3.999743144959211349e-03
3.956038504838943481e-03
3.901695832610130310e-03
3.880692180246114731e-03
3.848974825814366341e-03
3.833967726677656174e-03
3.812713548541069031e-03
3.784882836043834686e-03
3.753019031137228012e-03
3.704707371070981026e-03
3.621256910264492035e-03
3.517917823046445847e-03
3.418619744479656219e-03
3.360401606187224388e-03
3.317679278552532196e-03
3.285604063421487808e-03
3.249719040468335152e-03
3.187543712556362152e-03
3.160202642902731895e-03
3.079689107835292816e-03
3.044619690626859665e-03
3.024665638804435730e-03
3.007764462381601334e-03
2.996036782860755920e-03
3.029169980436563492e-03
2.983835060149431229e-03
2.980792662128806114e-03
2.960296813398599625e-03
2.954318653792142868e-03
2.943201456218957901e-03
2.932019531726837158e-03
2.918895566835999489e-03
2.887340262532234192e-03
2.857159124687314034e-03
2.814418869093060493e-03
2.812444465234875679e-03
2.783963223919272423e-03
2.735209185630083084e-03
2.661790465936064720e-03
2.654094714671373367e-03
2.569532953202724457e-03
2.542092232033610344e-03
2.511414233595132828e-03
2.472988096997141838e-03
2.602480584755539894e-03
2.457287395372986794e-03
2.417059615254402161e-03
2.393317408859729767e-03
2.380331512540578842e-03
2.372787566855549812e-03
2.364485291764140129e-03
2.354839351028203964e-03
2.347443718463182449e-03
2.344320761039853096e-03
2.332338597625494003e-03
2.327292691916227341e-03
2.322405576705932617e-03
2.319445833563804626e-03
2.315689576789736748e-03
2.312221797183156013e-03
2.306824317201972008e-03
2.288541290909051895e-03
2.260280307382345200e-03
2.209747442975640297e-03
2.146141137927770615e-03
2.077604178339242935e-03
2.041102852672338486e-03
2.017339225858449936e-03
2.007280709221959114e-03
1.998460153117775917e-03
1.988751580938696861e-03
1.982879359275102615e-03
1.979103079065680504e-03
1.973581267520785332e-03
1.966092502698302269e-03
1.959287561476230621e-03
1.954297069460153580e-03
1.947858138009905815e-03
1.940089976415038109e-03
1.930561731569468975e-03
1.917673507705330849e-03
1.906017307192087173e-03
1.894193352200090885e-03
1.868856605142354965e-03
1.858141971752047539e-03
1.836359384469687939e-03
1.818405231460928917e-03
1.793171511963009834e-03
1.746552181430160999e-03
1.709362608380615711e-03
1.676733372732996941e-03
1.635643653571605682e-03
1.624124124646186829e-03
1.616937573999166489e-03
1.610239851288497448e-03
1.605605240911245346e-03
1.719689462333917618e-03
1.596429850906133652e-03
1.587932929396629333e-03
1.584188314154744148e-03
1.571910222992300987e-03
1.563527155667543411e-03
1.558378804475069046e-03
1.554389367811381817e-03
1.551517751067876816e-03
1.547576626762747765e-03
1.539549790322780609e-03
1.527677522972226143e-03
1.543979160487651825e-03
1.521775731816887856e-03
1.503456151112914085e-03
1.536919269710779190e-03
1.498590339906513691e-03
1.485454500652849674e-03
1.477828249335289001e-03
1.470280578359961510e-03
1.466588350012898445e-03
1.461770501919090748e-03
1.453603501431643963e-03
1.443292247131466866e-03
1.430564559996128082e-03
1.446147565729916096e-03
1.415704842656850815e-03
1.390131539665162563e-03
1.363891409710049629e-03
1.350202830508351326e-03
1.350516220554709435e-03
1.345583121292293072e-03
1.340799033641815186e-03
1.337239984422922134e-03
1.333330059424042702e-03
1.328315469436347485e-03
1.329577644355595112e-03
1.325350953266024590e-03
1.320946728810667992e-03
1.315583940595388412e-03
1.311542349867522717e-03
1.306160585954785347e-03
1.299051218666136265e-03
1.296749105677008629e-03
1.286051585339009762e-03
1.282340846955776215e-03
1.275789807550609112e-03
1.270427019335329533e-03
1.263893558643758297e-03
1.246521715074777603e-03
1.226033666171133518e-03
1.214792719110846519e-03
1.193767180666327477e-03
1.184449647553265095e-03
1.177636091597378254e-03
1.171604497358202934e-03
1.164069399237632751e-03
1.155729871243238449e-03
1.150071388110518456e-03
1.143192290328443050e-03
1.136783743277192116e-03
1.129553420469164848e-03
1.117297564633190632e-03
1.107919495552778244e-03
1.102811889722943306e-03
1.097930711694061756e-03
1.087958225980401039e-03
1.077344059012830257e-03
1.066696248017251492e-03
1.062080496922135353e-03
1.059700851328670979e-03
1.056622713804244995e-03
1.054835156537592411e-03
1.050895778462290764e-03
1.048268517479300499e-03
1.045909593813121319e-03
1.044629025273025036e-03
1.043139491230249405e-03
1.040013972669839859e-03
1.047268044203519821e-03
1.038456219248473644e-03
1.034320564940571785e-03
1.031652325764298439e-03
1.028346596285700798e-03
1.026535872370004654e-03
1.019774004817008972e-03
1.015236950479447842e-03
1.008334453217685223e-03
9.999957401305437088e-04
9.936359710991382599e-04
1.023949589580297470e-03
9.841819992288947105e-04
9.754894999787211418e-04
9.685253025963902473e-04
9.583823848515748978e-04
9.457533597014844418e-04
9.339957614429295063e-04
9.153619757853448391e-04
8.985958993434906006e-04
8.821732481010258198e-04
8.769321721047163010e-04
8.740192279219627380e-04
8.707579690963029861e-04
8.695672731846570969e-04
8.690442191436886787e-04
8.681972976773977280e-04
8.664720226079225540e-04
8.628534269519150257e-04
8.597093401476740837e-04
8.570934878662228584e-04
8.558266563341021538e-04
8.546042954549193382e-04
8.533805375918745995e-04
8.515059598721563816e-04
8.484752033837139606e-04
8.462675614282488823e-04
8.436946081928908825e-04
8.407643763348460197e-04
8.442609105259180069e-04
8.375421166419982910e-04
8.327511022798717022e-04
8.242527837865054607e-04
8.193427929654717445e-04
8.102171123027801514e-04
7.991204038262367249e-04
7.844136562198400497e-04
7.789598312228918076e-04
7.740949513390660286e-04
7.621773984283208847e-04
7.558116922155022621e-04
7.456424646079540253e-04
7.399903261102735996e-04
7.313733221963047981e-04
7.229568436741828918e-04
7.188349263742566109e-04
7.143266266211867332e-04
7.100292714312672615e-04
7.064177771098911762e-04
7.023270009085536003e-04
6.999540491960942745e-04
6.964073400013148785e-04
6.947813089936971664e-04
6.921311141923069954e-04
6.885814364068210125e-04
6.830858183093369007e-04
6.803827127441763878e-04
6.787421880289912224e-04
6.776072550565004349e-04
6.766272126697003841e-04
6.748304003849625587e-04
6.707660504616796970e-04
6.663893000222742558e-04
6.660227081738412380e-04
6.641017971560359001e-04
6.611641147173941135e-04
6.597348256036639214e-04
6.578112370334565639e-04
6.565261865034699440e-04
6.554271676577627659e-04
6.520354654639959335e-04
6.502047763206064701e-04
6.484991172328591347e-04
6.456951377913355827e-04
6.445735925808548927e-04
6.404453306458890438e-04
6.387954344972968102e-04
6.374477525241672993e-04
6.367407040670514107e-04
6.359248654916882515e-04
6.349012255668640137e-04
6.373160285875201225e-04
6.342354463413357735e-04
6.327751907519996166e-04
6.282458780333399773e-04
6.241619703359901905e-04
6.199183408170938492e-04
6.160021293908357620e-04
6.124623469077050686e-04
6.066937930881977081e-04
6.019591237418353558e-04
5.971061764284968376e-04
5.935647059231996536e-04
5.893328925594687462e-04
5.861655808985233307e-04
5.834884941577911377e-04
5.793409072794020176e-04
5.756131140515208244e-04
5.711658159270882607e-04
5.710821715183556080e-04
5.690671387128531933e-04
5.641082534566521645e-04
5.620802985504269600e-04
5.600131116807460785e-04
5.575984832830727100e-04
5.878244992345571518e-04
5.570444627664983273e-04
5.555062671191990376e-04
5.538839031942188740e-04
5.525930901058018208e-04
5.513117648661136627e-04
5.501306732185184956e-04
5.493139033205807209e-04
5.478558014146983624e-04
5.490596522577106953e-04
5.468206363730132580e-04
5.454427446238696575e-04
5.407842108979821205e-04
5.387566052377223969e-04
5.361816729418933392e-04
5.347689148038625717e-04
5.339487688615918159e-04
5.333420122042298317e-04
5.323986988514661789e-04
5.296618910506367683e-04
5.500916158780455589e-04
5.285876686684787273e-04
5.238272133283317089e-04
5.146177718415856361e-04
5.330577841959893703e-04
5.101874121464788914e-04
5.042210686951875687e-04
5.003078258596360683e-04
4.991291789337992668e-04
4.975615302100777626e-04
4.951757728122174740e-04
4.939243081025779247e-04
4.927458940073847771e-04
4.919994389638304710e-04
4.915768513455986977e-04
4.912807489745318890e-04
4.902919754385948181e-04
4.896462196484208107e-04
4.887919058091938496e-04
4.882260691374540329e-04
4.874953301623463631e-04
4.865612136200070381e-04
4.865265800617635250e-04
4.859729961026459932e-04
4.850267432630062103e-04
4.833568236790597439e-04
4.823868512175977230e-04
4.815620777662843466e-04
4.804002237506210804e-04
4.797142464667558670e-04
4.789924423675984144e-04
4.785682831425219774e-04
4.780899907927960157e-04
4.787702928297221661e-04
4.778675502166152000e-04
4.775396664626896381e-04
4.767166683450341225e-04
4.761752788908779621e-04
4.758627619594335556e-04
4.754923575092107058e-04
4.751814994961023331e-04
4.744484322145581245e-04
4.737015115097165108e-04
4.729303764179348946e-04
4.720013530459254980e-04
4.709588247351348400e-04
4.696126561611890793e-04
4.681626742240041494e-04
4.661572747863829136e-04
4.645087756216526031e-04
4.616022924892604351e-04
4.601163382176309824e-04
4.585354181472212076e-04
4.564043483696877956e-04
4.550554440356791019e-04
4.507888224907219410e-04
4.482585936784744263e-04
4.466760728973895311e-04
4.453065921552479267e-04
4.441728233359754086e-04
4.428830288816243410e-04
4.407885135151445866e-04
4.385117208585143089e-04
4.370185197331011295e-04
4.357148427516222000e-04
4.334293480496853590e-04
4.311927477829158306e-04
4.394013667479157448e-04
4.301528388168662786e-04
4.280764260329306126e-04
4.262023139744997025e-04
4.245696472935378551e-04
4.224354343023151159e-04
4.204064025543630123e-04
4.180602263659238815e-04
4.169835592620074749e-04
4.159661475569009781e-04
4.150654422119259834e-04
4.138992517255246639e-04
4.130905726924538612e-04
4.125832929275929928e-04
4.118774086236953735e-04
4.113155882805585861e-04
4.108945722691714764e-04
4.102116799913346767e-04
4.092759045306593180e-04
4.086083499714732170e-04
4.080673970747739077e-04
4.076361656188964844e-04
4.072251031175255775e-04
4.068644193466752768e-04
4.063542291987687349e-04
4.061355721205472946e-04
4.055617027916014194e-04
4.051594296470284462e-04
4.046091926284134388e-04
4.040494095534086227e-04
4.042187647428363562e-04
4.037278122268617153e-04
4.029019328299909830e-04
4.023766377940773964e-04
4.015140584670007229e-04
4.009345138911157846e-04
3.999728069175034761e-04
3.986916271969676018e-04
3.975068684667348862e-04
3.971706319134682417e-04
3.963320632465183735e-04
3.959733003284782171e-04
3.955298743676394224e-04
3.950088575948029757e-04
3.980529145337641239e-04
3.948160447180271149e-04
3.943100164178758860e-04
3.939566959161311388e-04
3.935361164622008801e-04
3.930648381356149912e-04
3.923272015526890755e-04
3.907198843080550432e-04
3.890537191182374954e-04
3.855955146718770266e-04
3.838058619294315577e-04
3.813720832113176584e-04
3.798694815486669540e-04
3.792149364016950130e-04
3.787046880461275578e-04
3.776661760639399290e-04
3.764804278034716845e-04
3.751075128093361855e-04
3.735744976438581944e-04
3.710132441483438015e-04
3.696734784170985222e-04
3.685127885546535254e-04
3.677844943013042212e-04
3.671645245049148798e-04
3.667478449642658234e-04
3.658414352685213089e-04
3.655378241091966629e-04
3.636686888057738543e-04
3.628938575275242329e-04
3.620310453698039055e-04
3.614159068092703819e-04
3.609781851992011070e-04
3.605470410548150539e-04
3.602007636800408363e-04
3.598842886276543140e-04
3.595594316720962524e-04
3.592724679037928581e-04
3.595084999687969685e-04
3.591451968532055616e-04
3.588643448892980814e-04
3.585044760257005692e-04
3.581954806577414274e-04
3.578405012376606464e-04
3.574752481654286385e-04
3.571685520000755787e-04
3.569358377717435360e-04
3.566362429410219193e-04
3.566008526831865311e-04
3.563892096281051636e-04
3.561126941349357367e-04
3.556557348929345608e-04
3.556196461431682110e-04
3.553532296791672707e-04
3.545609069988131523e-04
3.537323209457099438e-04
3.527783555909991264e-04
3.522437182255089283e-04
3.520020691212266684e-04
3.517085569910705090e-04
3.514805866871029139e-04
3.512692055664956570e-04
3.510206879582256079e-04
3.508190566208213568e-04
3.504493506625294685e-04
3.501370083540678024e-04
3.498596488498151302e-04
3.494595002848654985e-04
3.491807146929204464e-04
3.484977933112531900e-04
3.478220896795392036e-04
3.472965327091515064e-04
3.469580551609396935e-04
3.466681810095906258e-04
3.462889580987393856e-04
3.456636914052069187e-04
3.446819609962403774e-04
3.495729179121553898e-04
3.443801542744040489e-04
3.434452228248119354e-04
3.418595297262072563e-04
3.402530855964869261e-04
3.381547285243868828e-04
3.362862044014036655e-04
3.344715223647654057e-04
3.328423481434583664e-04
3.317458904348313808e-04
3.308016166556626558e-04
3.297892981208860874e-04
3.313200431875884533e-04
3.294953203294426203e-04
3.290595777798444033e-04
3.284428967162966728e-04
3.276867209933698177e-04
3.264025435782968998e-04
3.257415955886244774e-04
3.238545032218098640e-04
3.228621790185570717e-04
3.210165887139737606e-04
3.197676269337534904e-04
3.183128137607127428e-04
3.167988616041839123e-04
3.151092678308486938e-04
3.135194419883191586e-04
3.117618325632065535e-04
3.159385232720524073e-04
3.103584749624133110e-04
3.083553747273981571e-04
3.063736949115991592e-04
3.052508691325783730e-04
3.045490593649446964e-04
3.037321148440241814e-04
3.023268945980817080e-04
3.007580526173114777e-04
2.995411341544240713e-04
2.976809337269514799e-04
2.964452432934194803e-04
2.951956121250987053e-04
2.943433355540037155e-04
2.935941447503864765e-04
2.928885514847934246e-04
2.920288825407624245e-04
2.923608699347823858e-04
2.911089104600250721e-04
2.899171086028218269e-04
2.889742318075150251e-04
2.892109623644500971e-04
2.886988804675638676e-04
2.881637192331254482e-04
2.876676735468208790e-04
2.868352457880973816e-04
2.858513325918465853e-04
2.859932719729840755e-04
2.852873876690864563e-04
2.843158436007797718e-04
2.828297438099980354e-04
2.816623309627175331e-04
2.805092954076826572e-04
2.796752378344535828e-04
2.791671140585094690e-04
2.787827106658369303e-04
2.784372190944850445e-04
2.781651855912059546e-04
2.779318019747734070e-04
2.777402405627071857e-04
2.775416360236704350e-04
2.774051390588283539e-04
2.771258295979350805e-04
2.768210833892226219e-04
2.764653472695499659e-04
2.763452939689159393e-04
2.760122297331690788e-04
2.759242197498679161e-04
2.758624905254691839e-04
2.757086767815053463e-04
2.751912106759846210e-04
2.747368998825550079e-04
2.738279290497303009e-04
2.723166835494339466e-04
2.705328224692493677e-04
2.685265499167144299e-04
2.665591891855001450e-04
2.641757309902459383e-04
2.622884057927876711e-04
2.608007634989917278e-04
2.598512801341712475e-04
2.592145465314388275e-04
2.586772025097161531e-04
2.580971340648829937e-04
2.574162790551781654e-04
2.567879273556172848e-04
2.562130393926054239e-04
2.557403058744966984e-04
2.548273769207298756e-04
2.541118883527815342e-04
2.536144456826150417e-04
2.529112389311194420e-04
2.516557578928768635e-04
2.502591232769191265e-04
2.497057430446147919e-04
2.471460611559450626e-04
2.458208473399281502e-04
2.448477898724377155e-04
2.438550291117280722e-04
2.427415893180295825e-04
2.419797529000788927e-04
2.411669411230832338e-04
2.404585247859358788e-04
2.407380961813032627e-04
2.392165188211947680e-04
2.381757658440619707e-04
2.375539042986929417e-04
2.371734299231320620e-04
2.368750574532896280e-04
2.363381936447694898e-04
2.359326172154396772e-04
2.354506723349913955e-04
2.353769086766988039e-04
2.350228605791926384e-04
2.344079402973875403e-04
2.344316017115488648e-04
2.339248021598905325e-04
2.332712465431541204e-04
2.328813570784404874e-04
2.322435029782354832e-04
2.318503102287650108e-04
2.314207958988845348e-04
2.309882693225517869e-04
2.305928501300513744e-04
2.303197252331301570e-04
2.299128100275993347e-04
2.295766898896545172e-04
2.292425051564350724e-04
2.286357048433274031e-04
2.280207409057766199e-04
2.275378210470080376e-04
2.271795528940856457e-04
2.270572294946759939e-04
2.269010874442756176e-04
2.267431409563869238e-04
2.294266159879043698e-04
2.266019582748413086e-04
2.264551294501870871e-04
2.262078342027962208e-04
2.260224282508715987e-04
2.256022853543981910e-04
2.255240106023848057e-04
2.248896198580041528e-04
2.244620118290185928e-04
2.239876339444890618e-04
2.234781859442591667e-04
2.249246172141283751e-04
2.232505357824265957e-04
2.224267227575182915e-04
2.213052794104442000e-04
2.197207650169730186e-04
2.187119680456817150e-04
2.181173913413658738e-04
2.175041299778968096e-04
2.168175706174224615e-04
2.160385629395022988e-04
2.169416256947442889e-04
2.155083057004958391e-04
2.146838232874870300e-04
2.141613658750429749e-04
2.137746196240186691e-04
2.129013882949948311e-04
2.118838892783969641e-04
2.106487809214740992e-04
2.092124923365190625e-04
2.082230639643967152e-04
2.076346718240529299e-04
2.069892070721834898e-04
2.060066181002184749e-04
2.047249872703105211e-04
2.028029412031173706e-04
2.026831061812117696e-04
2.021861146204173565e-04
2.015303034568205476e-04
2.009391755564138293e-04
2.004569105338305235e-04
1.998395746340975165e-04
1.993714249692857265e-04
1.985690323635935783e-04
1.974089827854186296e-04
1.958737120730802417e-04
2.150560321751981974e-04
1.955257466761395335e-04
1.940437941811978817e-04
1.931334263645112514e-04
1.923482341226190329e-04
1.916417386382818222e-04
1.910753053380176425e-04
1.905184763018041849e-04
1.902637304738163948e-04
1.898935297504067421e-04
1.895332097774371505e-04
1.891055144369602203e-04
1.887180551420897245e-04
1.881126372609287500e-04
1.874230802059173584e-04
1.870939158834517002e-04
1.866628590505570173e-04
1.863487850641831756e-04
1.892177679110318422e-04
1.862772915046662092e-04
1.861096534412354231e-04
1.858456380432471633e-04
1.868454564828425646e-04
1.857222814578562975e-04
1.855652953963726759e-04
1.853759458754211664e-04
1.852147106546908617e-04
1.857150491559877992e-04
1.850687549449503422e-04
1.847403182182461023e-04
1.841649354901164770e-04
1.837402814999222755e-04
1.831957924878224730e-04
1.832052657846361399e-04
1.828732056310400367e-04
1.823843631427735090e-04
1.819934986997395754e-04
1.817341253627091646e-04
1.811863185139372945e-04
1.807192747946828604e-04
1.807170920073986053e-04
1.804066996555775404e-04
1.800881291273981333e-04
1.796327996999025345e-04
1.791598479030653834e-04
1.789806119631975889e-04
1.787208020687103271e-04
1.785152562661096454e-04
1.783214393071830273e-04
1.780324964784085751e-04
1.776568678906187415e-04
1.771117968019098043e-04
1.768386428011581302e-04
1.766362984199076891e-04
1.765812630765140057e-04
1.762858737492933869e-04
1.761627790983766317e-04
1.759537553880363703e-04
1.757468853611499071e-04
1.792052789824083447e-04
1.756739657139405608e-04
1.754222175804898143e-04
1.753009273670613766e-04
1.751464151311665773e-04
1.750587980495765805e-04
1.748961803968995810e-04
1.747559581417590380e-04
1.746630150591954589e-04
1.746075577102601528e-04
1.745656627463176847e-04
1.744462060742080212e-04
1.743848260957747698e-04
1.741824235068634152e-04
1.739646249916404486e-04
1.737157290335744619e-04
1.734442485030740499e-04
1.753180695232003927e-04
1.733843819238245487e-04
1.731267548166215420e-04
1.728899660520255566e-04
1.726090122247114778e-04
1.723722671158611774e-04
1.719820866128429770e-04
1.713762030703946948e-04
1.708639902062714100e-04
1.704868482192978263e-04
1.702105655567720532e-04
1.700692955637350678e-04
1.698344858596101403e-04
1.697004772722721100e-04
1.695665123406797647e-04
1.694078091531991959e-04
1.691578945610672235e-04
1.688689808361232281e-04
1.686269824858754873e-04
1.683876616880297661e-04
1.680761633906513453e-04
1.677078689681366086e-04
1.672704238444566727e-04
1.670649071456864476e-04
1.668490003794431686e-04
1.666197931626811624e-04
1.663054281380027533e-04
1.659862755332142115e-04
1.656608219491317868e-04
1.653788931434974074e-04
1.649278274271637201e-04
1.645427983021363616e-04
1.641611452214419842e-04
1.640057744225487113e-04
1.637705427128821611e-04
1.635739463381469250e-04
1.633073261473327875e-04
1.630469341762363911e-04
1.625982404220849276e-04
1.621969131520017982e-04
1.618888054508715868e-04
1.617186062503606081e-04
1.615779328858479857e-04
1.614308275748044252e-04
1.612823543837293983e-04
1.611371117178350687e-04
1.608932652743533254e-04
1.607520243851467967e-04
1.605799043318256736e-04
1.604681892786175013e-04
1.603251294000074267e-04
1.601061958353966475e-04
1.597338414285331964e-04
1.602323900442570448e-04
1.595753128640353680e-04
1.592744956724345684e-04
1.590689644217491150e-04
1.588319282745942473e-04
1.584171841386705637e-04
1.578229712322354317e-04
1.572084875078871846e-04
1.572715846123173833e-04
1.568603038322180510e-04
1.564679550938308239e-04
1.561624376336112618e-04
1.556346251163631678e-04
1.547991123516112566e-04
1.540328958071768284e-04
1.530174631625413895e-04
1.522567472420632839e-04
1.515792391728609800e-04
1.509958237875252962e-04
1.503579114796593785e-04
1.499156933277845383e-04
1.496551412856206298e-04
1.493226154707372189e-04
1.490916911279782653e-04
1.488355774199590087e-04
1.486220717197284102e-04
1.483454980188980699e-04
1.480050996178761125e-04
1.474459713790565729e-04
1.471828290959820151e-04
1.465879613533616066e-04
1.463621447328478098e-04
1.461478095734491944e-04
1.458729966543614864e-04
1.452174910809844732e-04
1.447421091143041849e-04
1.475734752602875233e-04
1.445404195692390203e-04
1.442244392819702625e-04
1.439346669940277934e-04
1.436752208974212408e-04
1.433295983588322997e-04
1.432007993571460247e-04
1.426567614544183016e-04
1.424454094376415014e-04
1.422574569005519152e-04
1.420849876012653112e-04
1.419240725226700306e-04
1.417122839484363794e-04
1.415393635397776961e-04
1.413684512954205275e-04
1.412482815794646740e-04
1.409458927810192108e-04
1.410378899890929461e-04
1.407949748681858182e-04
1.404015638399869204e-04
1.399848115397617221e-04
1.407954841852188110e-04
1.398916065227240324e-04
1.396358566125854850e-04
1.391846453770995140e-04
1.383651397190988064e-04
1.378427405143156648e-04
1.375683641526848078e-04
1.373307313770055771e-04
1.370446261717006564e-04
1.365101052215322852e-04
1.360367605229839683e-04
1.353404077235609293e-04
1.352259714622050524e-04
1.348656951449811459e-04
1.347735815215855837e-04
1.345952186966314912e-04
1.343470503343269229e-04
1.339918526355177164e-04
1.336611894657835364e-04
1.334437401965260506e-04
1.332391111645847559e-04
1.330885861534625292e-04
1.328341750195249915e-04
1.324109907727688551e-04
1.321776362601667643e-04
1.318171853199601173e-04
1.315669796895235777e-04
1.314118271693587303e-04
1.311557425651699305e-04
1.312756357947364450e-04
1.309688086621463299e-04
1.306300109717994928e-04
1.303725002799183130e-04
1.301175798289477825e-04
1.297254348173737526e-04
1.304711040575057268e-04
1.294100220547989011e-04
1.286946353502571583e-04
1.277206465601921082e-04
1.269728818442672491e-04
1.264442544197663665e-04
1.261125726159662008e-04
1.257669646292924881e-04
1.253618684131652117e-04
1.252241781912744045e-04
1.250523782800883055e-04
1.249355118488892913e-04
1.248081243829801679e-04
1.245239400304853916e-04
1.245746243512257934e-04
1.244212471647188067e-04
1.242396683664992452e-04
1.238377008121460676e-04
1.236489770235493779e-04
1.234401133842766285e-04
1.231563655892387033e-04
1.229379558935761452e-04
1.227370521519333124e-04
1.224689622176811099e-04
1.221974816871806979e-04
1.219819168909452856e-04
1.217449826071970165e-04
1.215458178194239736e-04
1.213728246511891484e-04
1.212435163324698806e-04
1.211179042002186179e-04
1.209269903483800590e-04
1.207025197800248861e-04
1.204465588671155274e-04
1.202964849653653800e-04
1.201083068735897541e-04
1.199417165480554104e-04
1.194833166664466262e-04
1.190506445709615946e-04
1.186855661217123270e-04
1.184958673547953367e-04
1.183124186354689300e-04
1.181393527076579630e-04
1.180073886644095182e-04
1.178086167783476412e-04
1.178961829282343388e-04
1.177491722046397626e-04
1.175927318399772048e-04
1.174867793451994658e-04
1.172948759631253779e-04
1.171335024992004037e-04
1.170092727988958359e-04
1.168342860182747245e-04
1.166608199127949774e-04
1.164621935458853841e-04
1.162358239525929093e-04
1.160287210950627923e-04
1.158313534688204527e-04
1.156748621724545956e-04
1.154525671154260635e-04
1.171700569102540612e-04
1.153665798483416438e-04
1.151632459368556738e-04
1.148867377196438611e-04
1.145510177593678236e-04
1.139109663199633360e-04
1.143685585702769458e-04
1.135702696046791971e-04
1.129244337789714336e-04
1.123511174228042364e-04
1.118817162932828069e-04
1.113541948143392801e-04
1.108157885028049350e-04
1.104297043639235198e-04
1.099616274586878717e-04
1.097249842132441700e-04
1.093661412596702576e-04
1.090366713469848037e-04
1.087411801563575864e-04
1.084340474335476756e-04
1.084466493921354413e-04
1.082519738702103496e-04
1.079324720194563270e-04
1.078629429684951901e-04
1.076779226423241198e-04
1.075803302228450775e-04
1.073663588613271713e-04
1.072218365152366459e-04
1.076455519068986177e-04
1.071348888217471540e-04
1.070306316250935197e-04
1.069029676727950573e-04
1.067951961886137724e-04
1.066566983354277909e-04
1.065456308424472809e-04
1.065685864887200296e-04
1.064688112819567323e-04
1.063450763467699289e-04
1.061348521034233272e-04
1.058481138898059726e-04
1.056340552167966962e-04
1.054380991263315082e-04
1.052348234225064516e-04
1.051570725394412875e-04
1.050074934028089046e-04
1.048757912940345705e-04
1.047859623213298619e-04
1.047560799634084105e-04
1.047119876602664590e-04
1.046373363351449370e-04
1.045532990247011185e-04
1.044296732288785279e-04
1.043015145114623010e-04
1.041725117829628289e-04
1.040059069055132568e-04
1.037436304613947868e-04
1.043987576849758625e-04
1.036749599734321237e-04
1.034751112456433475e-04
1.033672815538011491e-04
1.033161097439005971e-04
1.032679138006642461e-04
1.031769133987836540e-04
1.030935454764403403e-04
1.030030180118046701e-04
1.029281047522090375e-04
1.028387341648340225e-04
1.027543912641704082e-04
1.026552272378467023e-04
1.024792509269900620e-04
1.022708820528350770e-04
1.034981542034074664e-04
1.022126671159639955e-04
1.020877680275589228e-04
1.019823321257717907e-04
1.019226983771659434e-04
1.017769027384929359e-04
1.016562164295464754e-04
1.021116913761943579e-04
1.015987654682248831e-04
1.015159796224907041e-04
1.014233857858926058e-04
1.013086584862321615e-04
1.011935310089029372e-04
1.010194537229835987e-04
1.009589468594640493e-04
1.009807456284761429e-04
1.008754115900956094e-04
1.007673781714402139e-04
1.006691163638606668e-04
1.005734375212341547e-04
1.004668083623982966e-04
1.003047509584575891e-04
1.001854834612458944e-04
1.000620832201093435e-04
9.997705637942999601e-05
9.987338125938549638e-05
9.978831803891807795e-05
9.974879503715783358e-05
9.953398694051429629e-05
9.945740021066740155e-05
9.935312118614092469e-05
9.926858183462172747e-05
9.911532106343656778e-05
9.896342817228287458e-05
9.885901818051934242e-05
9.878307173494249582e-05
9.871921065496280789e-05
9.862351726042106748e-05
9.854866220848634839e-05
9.845939348451793194e-05
9.835943637881428003e-05
9.820576815400272608e-05
9.803497960092499852e-05
9.787266753846779466e-05
9.769575262907892466e-05
9.761263936525210738e-05
9.747418516781181097e-05
9.738439257489517331e-05
9.732180478749796748e-05
9.723207040224224329e-05
9.718269575387239456e-05
9.711261373013257980e-05
9.703814430395141244e-05
9.694670006865635514e-05
9.687800047686323524e-05
9.681111259851604700e-05
9.674997272668406367e-05
9.669029532233253121e-05
9.659292118158191442e-05
9.648487321101129055e-05
9.638047777116298676e-05
9.639574273023754358e-05
9.632478759158402681e-05
9.624673839425668120e-05
9.620642231311649084e-05
9.615612361812964082e-05
9.607675019651651382e-05
9.594990115147083998e-05
9.593009599484503269e-05
9.581567428540438414e-05
9.577804303262382746e-05
9.571522241458296776e-05
9.560448233969509602e-05
9.545926150167360902e-05
9.665208926890045404e-05
9.536856669001281261e-05
9.525899804430082440e-05
9.512361430097371340e-05
9.506894275546073914e-05
9.492176468484103680e-05
9.479276195634156466e-05
9.454126120544970036e-05
9.424814197700470686e-05
9.396456880494952202e-05
9.376203524880111217e-05
9.360469266539439559e-05
9.346054866909980774e-05
9.337256051367148757e-05
9.327560837846249342e-05
9.321522520622238517e-05
9.308930748375132680e-05
9.289936861023306847e-05
9.264112304663285613e-05
1.002368953777477145e-04
9.257160854758694768e-05
9.230346768163144588e-05
9.217616752721369267e-05
9.198837506119161844e-05
9.183140355162322521e-05
9.165647497866302729e-05
9.135824802797287703e-05
9.098106238525360823e-05
9.083994518732652068e-05
9.078308357857167721e-05
9.073223918676376343e-05
9.067977225640788674e-05
9.057880379259586334e-05
9.045182378031313419e-05
9.032546950038522482e-05
9.020178549690172076e-05
9.007866174215450883e-05
8.991827780846506357e-05
8.976017852546647191e-05
8.964614244177937508e-05
8.950876508606597781e-05
8.939634426496922970e-05
8.933164644986391068e-05
8.931090997066348791e-05
8.923244604375213385e-05
8.917006198316812515e-05
8.911405893741175532e-05
8.907121809897944331e-05
8.901979890652000904e-05
8.893030462786555290e-05
8.887764852261170745e-05
8.881759276846423745e-05
8.872212492860853672e-05
8.852760947775095701e-05
8.850700396578758955e-05
8.839768270263448358e-05
8.821766095934435725e-05
8.805346442386507988e-05
8.799050556262955070e-05
8.793450979283079505e-05
8.785811951383948326e-05
8.770764543442055583e-05
8.752745634410530329e-05
8.735979645280167460e-05
8.713940769666805863e-05
8.704194624442607164e-05
8.696981240063905716e-05
8.689143578521907330e-05
8.671557588968425989e-05
8.663629705552011728e-05
8.653708209749311209e-05
8.641935710329562426e-05
8.633528341306373477e-05
8.624855399830266833e-05
8.613262616563588381e-05
8.593266102252528071e-05
8.585403702454641461e-05
8.555549720767885447e-05
8.536656969226896763e-05
8.519719267496839166e-05
8.511031774105504155e-05
8.502235141349956393e-05
8.492496999679133296e-05
8.475469076074659824e-05
8.469462773064151406e-05
8.464569691568613052e-05
8.454910130240023136e-05
8.452536712866276503e-05
8.450637687928974628e-05
8.448763401247560978e-05
8.447946311207488179e-05
8.444843115285038948e-05
8.442520629614591599e-05
8.438873919658362865e-05
8.433074981439858675e-05
8.419944788329303265e-05
8.415967022301629186e-05
8.400204387726262212e-05
8.394284668611362576e-05
8.395978511543944478e-05
8.391351002501323819e-05
8.388372225454077125e-05
8.385593537241220474e-05
8.381478983210399747e-05
8.378505299333482981e-05
8.372679440071806312e-05
8.368796261493116617e-05
8.361985965166240931e-05
8.355008321814239025e-05
8.343791705556213856e-05
8.335614256793633103e-05
8.329890988534316421e-05
8.323196379933506250e-05
8.313417492900043726e-05
8.304225048050284386e-05
8.293947030324488878e-05
8.286083902930840850e-05
8.273086859844624996e-05
8.262702613137662411e-05
8.245247590821236372e-05
8.228406659327447414e-05
8.214099216274917126e-05
8.195983537007123232e-05
8.171399531420320272e-05
8.155491377692669630e-05
8.140802674461156130e-05
8.124188752844929695e-05
8.100815466605126858e-05
8.082027488853782415e-05
8.063264976954087615e-05
8.076095400610938668e-05
8.057578816078603268e-05
8.050162432482466102e-05
8.034838538151234388e-05
8.025106944842264056e-05
8.016509673325344920e-05
8.007187716430053115e-05
7.998141518328338861e-05
7.989766163518652320e-05
7.983625982888042927e-05
7.975429616635665298e-05
7.965203258208930492e-05
7.948440907057374716e-05
7.929232378955930471e-05
7.984295370988547802e-05
7.921681390143930912e-05
7.904046651674434543e-05
7.893289148341864347e-05
7.882760110078379512e-05
7.869615365052595735e-05
7.888202526373788714e-05
7.858106982894241810e-05
7.840117905288934708e-05
7.815555727574974298e-05
7.803583866916596889e-05
7.791123789502307773e-05
7.771466334816068411e-05
7.758663559798151255e-05
7.741787703707814217e-05
7.727106276433914900e-05
7.712091610301285982e-05
7.696670945733785629e-05
7.683797593927010894e-05
7.644214929314330220e-05
7.625944999745115638e-05
7.606769213452935219e-05
7.590564200654625893e-05
7.564396946690976620e-05
7.555100455647334456e-05
7.497428305214270949e-05
7.477303006453439593e-05
7.457875472027808428e-05
7.440464833052828908e-05
7.425484363920986652e-05
7.416566950269043446e-05
7.390276005025953054e-05
7.378952432190999389e-05
7.369662489509209991e-05
7.377119618467986584e-05
7.365416240645572543e-05
7.353192631853744388e-05
7.335309783229604363e-05
7.315720722544938326e-05
7.302129233721643686e-05
7.292516238521784544e-05
7.280083809746429324e-05
7.266694592544808984e-05
7.250309135997667909e-05
7.292963709915056825e-05
7.243709114845842123e-05
7.221823761938139796e-05
7.199936226243153214e-05
7.176741928560659289e-05
7.198877574410289526e-05
7.167032163124531507e-05
7.153738988563418388e-05
7.141938840504735708e-05
7.130653102649375796e-05
7.123100658645853400e-05
7.117004133760929108e-05
7.112116145435720682e-05
7.104888936737552285e-05
7.099775393726304173e-05
7.094079046510159969e-05
7.090303552104160190e-05
7.085135439410805702e-05
7.076170004438608885e-05
7.064829696901142597e-05
7.051065040286630392e-05
7.037822797428816557e-05
7.027564424788579345e-05
7.130831363610923290e-05
7.018772885203361511e-05
7.002530037425458431e-05
6.976140139158815145e-05
6.995576404733583331e-05
6.970506365178152919e-05
6.956388097023591399e-05
6.940977618796750903e-05
6.932385440450161695e-05
6.924754416104406118e-05
6.918350118212401867e-05
6.912220123922452331e-05
6.909130024723708630e-05
6.900872540427371860e-05
6.897743151057511568e-05
6.891596422065049410e-05
6.882223533466458321e-05
6.871220102766528726e-05
6.894119724165648222e-05
6.866217881906777620e-05
6.857680273242294788e-05
6.846037285868078470e-05
6.837405089754611254e-05
6.825538002885878086e-05
6.819175905548036098e-05
6.798151298426091671e-05
6.783872959204018116e-05
6.766324077034369111e-05
6.749934982508420944e-05
6.738919910276308656e-05
6.731470057275146246e-05
6.722113175783306360e-05
6.713251059409230947e-05
6.704046973027288914e-05
6.693277100566774607e-05
6.684823165414854884e-05
6.679989019175991416e-05
6.671243318123742938e-05
6.668227433692663908e-05
6.662069063168019056e-05
6.658941856585443020e-05
6.655816105194389820e-05
6.652274896623566747e-05
6.647456029895693064e-05
6.641491199843585491e-05
6.635361933149397373e-05
6.651830335613340139e-05
6.633590965066105127e-05
6.628729170188307762e-05
6.622850196436047554e-05
6.617538747377693653e-05
6.610737182199954987e-05
6.602234498132020235e-05
6.591392593691125512e-05
6.577066233148798347e-05
6.636492616962641478e-05
6.573151767952367663e-05
6.560447945958003402e-05
6.573357677552849054e-05
6.555502477567642927e-05
6.545275391545146704e-05
6.556241714861243963e-05
6.541428592754527926e-05
6.532938277814537287e-05
6.525079515995457768e-05
6.516462599392980337e-05
6.511469109682366252e-05
6.507953366963192821e-05
6.501847383333370090e-05
6.495881825685501099e-05
6.491337990155443549e-05
6.486695201601833105e-05
6.484649929916486144e-05
6.481899617938324809e-05
6.478562136180698872e-05
6.473277608165517449e-05
6.489992665592581034e-05
6.471039523603394628e-05
6.464134639827534556e-05
6.458017742261290550e-05
6.451682565966621041e-05
6.444822793127968907e-05
6.434363604057580233e-05
6.418812699848785996e-05
6.407604814739897847e-05
6.399624544428661466e-05
6.392355862772092223e-05
6.380068953149020672e-05
6.367931928252801299e-05
6.358101381920278072e-05
6.349543400574475527e-05
6.336192018352448940e-05
6.314733764156699181e-05
6.296669016592204571e-05
6.281994865275919437e-05
6.270215817494317889e-05
6.279615627136081457e-05
6.260317604755982757e-05
6.249805301195010543e-05
6.240625225473195314e-05
6.236540502868592739e-05
6.227758422028273344e-05
6.217633199412375689e-05
6.234282045625150204e-05
6.213590677361935377e-05
6.203756493050605059e-05
6.198312621563673019e-05
6.194048182806000113e-05
6.190362910274416208e-05
6.186274549691006541e-05
6.179742922540754080e-05
6.175733869895339012e-05
6.171519635245203972e-05
6.168710388010367751e-05
6.164745718706399202e-05
6.159443000797182322e-05
6.154061702545732260e-05
6.147624662844464183e-05
6.141956691863015294e-05
6.129844405222684145e-05
6.140328332548961043e-05
6.126011430751532316e-05
6.121066689956933260e-05
6.116717122495174408e-05
6.111155380494892597e-05
6.107758235884830356e-05
6.104532803874462843e-05
6.099603706388734281e-05
6.094086711527779698e-05
6.083721382310613990e-05
6.074367411201819777e-05
6.064914487069472671e-05
6.053291872376576066e-05
6.041893357178196311e-05
6.030993972672149539e-05
6.026079063303768635e-05
6.020462024025619030e-05
6.016249244567006826e-05
6.011588266119360924e-05
6.009126809658482671e-05
6.006893818266689777e-05
6.004366878187283874e-05
6.004671740811318159e-05
6.002790178172290325e-05
6.000424400554038584e-05
5.998869892209768295e-05
5.996988329570740461e-05
5.995226456434465945e-05
5.992268779664300382e-05
5.988196789985522628e-05
5.983769005979411304e-05
5.979889101581647992e-05
5.976036482024937868e-05
5.973091174382716417e-05
5.969742778688669205e-05
5.967060860712081194e-05
5.964181764284148812e-05
5.962099749012850225e-05
5.964426964055746794e-05
5.961364513495936990e-05
5.959346162853762507e-05
5.956615495961159468e-05
5.953975778538733721e-05
5.950350896455347538e-05
5.945347220404073596e-05
5.939595939707942307e-05
5.933342617936432362e-05
5.929212420596741140e-05
5.924764991505071521e-05
5.921492993365973234e-05
5.919303657719865441e-05
5.915329529670998454e-05
5.912084452575072646e-05
5.909233732381835580e-05
5.907154991291463375e-05
5.905728176003322005e-05
5.902042175875976682e-05
5.896604852750897408e-05
5.892968692933209240e-05
5.889945532544516027e-05
5.906967999180778861e-05
5.889112071599811316e-05
5.886827420908957720e-05
5.883457197342067957e-05
5.877680814592167735e-05
5.873418558621779084e-05
5.868036532774567604e-05
5.864903505425900221e-05
5.862546458956785500e-05
5.858145595993846655e-05
5.861160389031283557e-05
5.856401548953726888e-05
5.852377944393083453e-05
5.850808520335704088e-05
5.846501881023868918e-05
5.843520921189337969e-05
5.836891432409174740e-05
5.825076368637382984e-05
5.842808604938909411e-05
5.819656507810577750e-05
5.809062713524326682e-05
5.803893145639449358e-05
5.800004146294668317e-05
5.794248863821849227e-05
5.793459058622829616e-05
5.789026181446388364e-05
5.787194095319136977e-05
5.785465327790006995e-05
5.802875966764986515e-05
5.784778477391228080e-05
5.782701191492378712e-05
5.780119681730866432e-05
5.777025216957554221e-05
5.774246164946816862e-05
5.772037911810912192e-05
5.770204734290018678e-05
5.769115887233056128e-05
5.767702896264381707e-05
5.766455433331429958e-05
5.763565422967076302e-05
5.760414933320134878e-05
5.756326572736725211e-05
5.754167068516835570e-05
5.752089782617986202e-05
5.749097181251272559e-05
5.747255636379122734e-05
5.742965731769800186e-05
5.737505125580355525e-05
5.733106445404700935e-05
5.728148971684277058e-05
5.724987568100914359e-05
5.721367051592096686e-05
5.719953696825541556e-05
5.713165592169389129e-05
5.709756806027144194e-05
5.706366937374696136e-05
5.703026545234024525e-05
5.699122266378253698e-05
5.696377775166183710e-05
5.693685670848935843e-05
5.692562990589067340e-05
5.692355261999182403e-05
5.691188562195748091e-05
5.689130193786695600e-05
5.686258737114258111e-05
5.682783012161962688e-05
5.680826143361628056e-05
5.679624882759526372e-05
5.678658999386243522e-05
5.677904118783771992e-05
5.676415821653790772e-05
5.674149724654853344e-05
5.672356564900837839e-05
5.669071106240153313e-05
5.664124182658270001e-05
5.679826426785439253e-05
5.661123577738180757e-05
5.657326255459338427e-05
5.653767948388122022e-05
5.651347601087763906e-05
5.649824015563353896e-05
5.645363489747978747e-05
5.643875920213758945e-05
5.644489283440634608e-05
5.642788892146199942e-05
5.640718882204964757e-05
5.638264701701700687e-05
5.635550769511610270e-05
5.632908141706138849e-05
5.629689258057624102e-05
5.637991125695407391e-05
5.628642975352704525e-05
5.626011989079415798e-05
5.625522317131981254e-05
5.621408490696921945e-05
5.619415969704277813e-05
5.614711335510946810e-05
5.609017534879967570e-05
5.603459430858492851e-05
5.597111157840117812e-05
5.593563764705322683e-05
5.589679494732990861e-05
5.584582686424255371e-05
5.580318247666582465e-05
5.575260001933202147e-05
5.567128755501471460e-05
5.563896047533489764e-05
5.561131547437980771e-05
5.559538840316236019e-05
5.556826727115549147e-05
5.554410017793998122e-05
5.551483627641573548e-05
5.547303589992225170e-05
5.548882472794502974e-05
5.544860323425382376e-05
5.538995173992589116e-05
5.534251977223902941e-05
5.530790076591074467e-05
5.528329347725957632e-05
5.526135282707400620e-05
5.522680294234305620e-05
5.518462421605363488e-05
5.517543468158692122e-05
5.513340875040739775e-05
5.511904601007699966e-05
5.510287155630066991e-05
5.510343180503696203e-05
5.509106267709285021e-05
5.506888555828481913e-05
5.500592305907048285e-05
5.494821380125358701e-05
5.489721297635696828e-05
5.484982102643698454e-05
5.481690459419041872e-05
5.475448051583953202e-05
5.469416282721795142e-05
5.461661203298717737e-05
5.454507481772452593e-05
5.446188515634275973e-05
5.443182453745976090e-05
5.437046638689935207e-05
5.429115117294713855e-05
5.422413596534170210e-05
5.415190025814808905e-05
5.404576222645118833e-05
5.396344931796193123e-05
5.386064003687351942e-05
5.398735083872452378e-05
5.383067764341831207e-05
5.374099418986588717e-05
5.368605707189999521e-05
5.360064096748828888e-05
5.352217340259812772e-05
5.361979856388643384e-05
5.348760896595194936e-05
5.342336226021870971e-05
5.336200410965830088e-05
5.330843123374506831e-05
5.326330574462190270e-05
5.319637784850783646e-05
5.310797860147431493e-05
5.305822560330852866e-05
5.322113429429009557e-05
5.304238584358245134e-05
5.301388591760769486e-05
5.297558527672663331e-05
5.294128641253337264e-05
5.291225897963158786e-05
5.286509258439764380e-05
5.288275497150607407e-05
5.284661892801523209e-05
5.281009725877083838e-05
5.274844443192705512e-05
5.271788540994748473e-05
5.269359826343134046e-05
5.268433960736729205e-05
5.263780258246697485e-05
5.260369653115049005e-05
5.255094220046885312e-05
5.249336027191020548e-05
5.243204941507428885e-05
5.239805250312201679e-05
5.238145240582525730e-05
5.236486322246491909e-05
5.235384742263704538e-05
5.234362106421031058e-05
5.232772673480212688e-05
5.230746319284662604e-05
5.229331509326584637e-05
5.227705696597695351e-05
5.224849883234128356e-05
5.220679304329678416e-05
5.219272134127095342e-05
5.213550684857182205e-05
5.210525705479085445e-05
5.208173752180300653e-05
5.206747300690039992e-05
5.205229535931721330e-05
5.204050830798223615e-05
5.202503234613686800e-05
5.200087616685777903e-05
5.194958794163540006e-05
5.191965465201064944e-05
5.189314106246456504e-05
5.186576163396239281e-05
5.181864980841055512e-05
5.172049714019522071e-05
5.163087189430370927e-05
5.154610698809847236e-05
5.148815398570150137e-05
5.144745227880775928e-05
5.141327710589393973e-05
5.139117274666205049e-05
5.134965613251551986e-05
5.132379010319709778e-05
5.128366319695487618e-05
5.122885340824723244e-05
5.116308602737262845e-05
5.110891288495622575e-05
5.108583718538284302e-05
5.103939474793151021e-05
5.100810449221171439e-05
5.097066241432912648e-05
5.094755761092528701e-05
5.085341763333417475e-05
5.080328992335125804e-05
5.075091758044436574e-05
5.072558269603177905e-05
5.066525773145258427e-05
5.065455115982331336e-05
5.058562965132296085e-05
5.056695226812735200e-05
5.054215216659940779e-05
5.052730193710885942e-05
5.050325125921517611e-05
5.048358070780523121e-05
5.045292346039786935e-05
5.042623160989023745e-05
5.039932148065418005e-05
5.039464303990826011e-05
5.034916830481961370e-05
5.033961497247219086e-05
5.032230910728685558e-05
5.030414467910304666e-05
5.027520455769263208e-05
5.029284875490702689e-05
5.025615973863750696e-05
5.023691483074799180e-05
5.024202982895076275e-05
5.022939876653254032e-05
5.021831748308613896e-05
5.021310062147676945e-05
5.019335367251187563e-05
5.017542207497172058e-05
5.013673217035830021e-05
5.010982204112224281e-05
5.006040737498551607e-05
5.002538091503083706e-05
4.996924326405860484e-05
4.984732004231773317e-05
4.993825859855860472e-05
4.981757956556975842e-05
4.974658804712817073e-05
4.972179885953664780e-05
4.968130087945610285e-05
4.962645471096038818e-05
4.968559733242727816e-05
4.960397200193256140e-05
4.955435724696144462e-05
4.951091250404715538e-05
4.946602712152525783e-05
4.945114415022544563e-05
4.940143844578415155e-05
4.937861012876965106e-05
4.934457683702930808e-05
4.931201692670583725e-05
4.926258407067507505e-05
4.925479879602789879e-05
4.919424463878385723e-05
4.917195474263280630e-05
4.913723387289792299e-05
4.909244307782500982e-05
4.904873276245780289e-05
4.901484498986974359e-05
4.898554107057861984e-05
4.896058817394077778e-05
4.900213025393895805e-05
4.894714948022738099e-05
4.893029108643531799e-05
4.891160642728209496e-05
4.889216506853699684e-05
4.884817462880164385e-05
4.880625783698633313e-05
4.875043669017031789e-05
4.871299461228772998e-05
4.865105438511818647e-05
4.859016917180269957e-05
4.854443250223994255e-05
4.850891855312511325e-05
4.848354365094564855e-05
4.842364432988688350e-05
4.836239531869068742e-05
4.835259824176318944e-05
4.830339821637608111e-05
4.829060708289034665e-05
4.829066165257245302e-05
4.827591328648850322e-05
4.825799987884238362e-05
4.824280767934396863e-05
4.822469418286345899e-05
4.819837340619415045e-05
4.817263470613397658e-05
4.814923158846795559e-05
4.811288090422749519e-05
4.806464858120307326e-05
4.803047340828925371e-05
4.797107976628467441e-05
4.793862535734660923e-05
4.791035462403669953e-05
4.785459896083921194e-05
4.779472510563209653e-05
4.778402944793924689e-05
4.773334512719884515e-05
4.770010127685964108e-05
4.767001155414618552e-05
4.765172343468293548e-05
4.760769297718070447e-05
4.756829002872109413e-05
4.765001722262240946e-05
4.755213740281760693e-05
4.751696906168945134e-05
4.747336060972884297e-05
4.742230157717131078e-05
4.746085687656886876e-05
4.740042641060426831e-05
4.735252150567248464e-05
4.729389547719620168e-05
4.723709935205988586e-05
4.718595300801098347e-05
4.714503666036762297e-05
4.706307299784384668e-05
4.703519152826629579e-05
4.692383663496002555e-05
4.682613143813796341e-05
4.674237425206229091e-05
4.667703615268692374e-05
4.659904516302049160e-05
4.654355143429711461e-05
4.650139089790172875e-05
4.644636283046565950e-05
4.638318932848051190e-05
4.634606375475414097e-05
4.630359035218134522e-05
4.627400630852207541e-05
4.624884968507103622e-05
4.620420440915040672e-05
4.631836782209575176e-05
4.618844468495808542e-05
4.617257218342274427e-05
4.615438228938728571e-05
4.614535282598808408e-05
4.613858618540689349e-05
4.613221608451567590e-05
4.612599514075554907e-05
4.611664917320013046e-05
4.611242184182628989e-05
4.610152973327785730e-05
4.609414099832065403e-05
4.607635491993278265e-05
4.606625225278548896e-05
4.605231151799671352e-05
4.605322465067729354e-05
4.604380592354573309e-05
4.603205888997763395e-05
4.604816422215662897e-05
4.601824548444710672e-05
4.600165630108676851e-05
4.596350117935799062e-05
4.598189480020664632e-05
4.595432255882769823e-05
4.594333586283028126e-05
4.591654214891605079e-05
4.587742296280339360e-05
4.582584733725525439e-05
4.577920481096953154e-05
4.573762998916208744e-05
4.570750024868175387e-05
4.567824726109392941e-05
4.565186100080609322e-05
4.563272887025959790e-05
4.561442619888111949e-05
4.559507578960619867e-05
4.558407090371474624e-05
4.557842839858494699e-05
4.557145439321175218e-05
4.556513886200264096e-05
4.556005296763032675e-05
4.555557825369760394e-05
4.553770486381836236e-05
4.553074177238158882e-05
4.552022437565028667e-05
4.551242091110907495e-05
4.550287485471926630e-05
4.548894503386691213e-05
4.547544813249260187e-05
4.546576019492931664e-05
4.544909097603522241e-05
4.544073090073652565e-05
4.543030081549659371e-05
4.541847374639473855e-05
4.541183079709298909e-05
4.538520443020388484e-05
4.537032509688287973e-05
4.535121843218803406e-05
4.533412720775231719e-05
4.530465594143606722e-05
4.529321813606657088e-05
4.523217285168357193e-05
4.520321817835792899e-05
4.516532499110326171e-05
4.512546729529276490e-05
4.521049413597211242e-05
4.509986683842726052e-05
4.505525066633708775e-05
4.503346281126141548e-05
4.498959606280550361e-05
4.494752283790148795e-05
4.491518848226405680e-05
4.488731792662292719e-05
4.485455065150745213e-05
4.483887823880650103e-05
4.481390715227462351e-05
4.480260759009979665e-05
4.479831841308623552e-05
4.478248592931777239e-05
4.477209949982352555e-05
4.476056710700504482e-05
4.474670276977121830e-05
4.475730384001508355e-05
4.473946319194510579e-05
4.472378350328654051e-05
4.470842395676299930e-05
4.469008854357525706e-05
4.467393227969296277e-05
4.468160477699711919e-05
4.466211612452752888e-05
4.463608638616278768e-05
4.461574280867353082e-05
4.460664058569818735e-05
4.458835246623493731e-05
4.456341412151232362e-05
4.453840301721356809e-05
4.451902350410819054e-05
4.449851257959380746e-05
4.455291491467505693e-05
4.449147672858089209e-05
4.447995888767763972e-05
4.445671220310032368e-05
4.444113073986954987e-05
4.441900091478601098e-05
4.440865450305864215e-05
4.437375901034101844e-05
4.435684604686684906e-05
4.432899731909856200e-05
4.430220360518433154e-05
4.424885992193594575e-05
4.420500772539526224e-05
4.417568197823129594e-05
4.416295996634289622e-05
4.412029738887213171e-05
4.410195106174796820e-05
4.407877349876798689e-05
4.405830259202048182e-05
4.428485772223211825e-05
4.405235813464969397e-05
4.403124330565333366e-05
4.399866884341463447e-05
4.396627628011628985e-05
4.393023846205323935e-05
4.391063703224062920e-05
4.386047658044844866e-05
4.392447954160161316e-05
4.383394843898713589e-05
4.379265010356903076e-05
4.386706132208928466e-05
4.377831282909028232e-05
4.376008291728794575e-05
4.374511627247557044e-05
4.370099486550316215e-05
4.366882421891205013e-05
4.364488268038257957e-05
4.361700484878383577e-05
4.359812373877502978e-05
4.357677244115620852e-05
4.354555130703374743e-05
4.351025563664734364e-05
4.355427881819196045e-05
4.349489609012380242e-05
4.347945650806650519e-05
4.345415072748437524e-05
4.343939144746400416e-05
4.341055682743899524e-05
4.338138387538492680e-05
4.341729800216853619e-05
4.336679558036848903e-05
4.333997640060260892e-05
4.331339368945918977e-05
4.329392322688363492e-05
4.326790076447650790e-05
4.323910980019718409e-05
4.320319931139238179e-05
4.317995990277267992e-05
4.315766273066401482e-05
4.314276884542778134e-05
4.312575401854701340e-05
4.310680378694087267e-05
4.305261245463043451e-05
4.313347744755446911e-05
4.301538501749746501e-05
4.297049599699676037e-05
4.291233562980778515e-05
4.289943171897903085e-05
4.285392788005992770e-05
4.281201108824461699e-05
4.277892730897292495e-05
4.274492312106303871e-05
4.270308636478148401e-05
4.266892210580408573e-05
4.263065420673228800e-05
4.259788693161681294e-05
4.255905514582991600e-05
4.261575668351724744e-05
4.254172381479293108e-05
4.250671554473228753e-05
4.247287506586872041e-05
4.242520299158059061e-05
4.235490632709115744e-05
4.227254976285621524e-05
4.222593997837975621e-05
4.218322283122688532e-05
4.215837543597444892e-05
4.213475040160119534e-05
4.209751205053180456e-05
4.211704435874707997e-05
4.206519588478840888e-05
4.201050614938139915e-05
4.196140434942208230e-05
4.190063191344961524e-05
4.184007411822676659e-05
4.180765972705557942e-05
4.179004463367164135e-05
4.177622031420469284e-05
4.175996582489460707e-05
4.173038178123533726e-05
4.171678301645442843e-05
4.168924351688474417e-05
4.166533835814334452e-05
4.164353595115244389e-05
4.160536263952963054e-05
4.170847023488022387e-05
4.159094896749593318e-05
4.155622082180343568e-05
4.153422560193575919e-05
4.150912718614563346e-05
4.147702929913066328e-05
4.141295721638016403e-05
4.136597635806538165e-05
4.127831562072969973e-05
4.121104211662895977e-05
4.116760828765109181e-05
4.112312308279797435e-05
4.116990385227836668e-05
4.109683868591673672e-05
4.105480911675840616e-05
4.101767990505322814e-05
4.098256613360717893e-05
4.095748954568989575e-05
4.093124516657553613e-05
4.090532820555381477e-05
4.088134664925746620e-05
4.085086766281165183e-05
4.086489934707060456e-05
4.083601379534229636e-05
4.081974475411698222e-05
4.080071812495589256e-05
4.081777296960353851e-05
4.079277277924120426e-05
4.077760604559443891e-05
4.075722608831711113e-05
4.073368108947761357e-05
4.071360308444127440e-05
4.069181159138679504e-05
4.066545443492941558e-05
4.061506115249358118e-05
4.057865226059220731e-05
4.051377982250414789e-05
4.082881059730425477e-05
4.049714334541931748e-05
4.045772584504447877e-05
4.042195723741315305e-05
4.037634062115103006e-05
4.034737503388896585e-05
4.031209755339659750e-05
4.027409158879891038e-05
4.025153612019494176e-05
4.020401684101670980e-05
4.018333129351958632e-05
4.016111051896587014e-05
4.014194564661011100e-05
4.011865530628710985e-05
4.007765528513118625e-05
4.003680442110635340e-05
4.003358844784088433e-05
4.001906563644297421e-05
3.999602631665766239e-05
3.996928717242553830e-05
3.992105484940111637e-05
3.988752359873615205e-05
3.984936847700737417e-05
3.981607733294367790e-05
3.979812026955187321e-05
3.976584048359654844e-05
3.974643186666071415e-05
3.973933053202927113e-05
3.972759441239759326e-05
3.972309787059202790e-05
3.971371188526973128e-05
3.970292527810670435e-05
3.969254612457007170e-05
3.977592496084980667e-05
3.969064709963276982e-05
3.968673627241514623e-05
3.968246164731681347e-05
3.967657175962813199e-05
3.966782242059707642e-05
3.964954521507024765e-05
3.962304981541819870e-05
3.994518920080736279e-05
3.961746551794931293e-05
3.959281457355245948e-05
3.957910303142853081e-05
3.957159060519188643e-05
3.956244472647085786e-05
3.958349043386988342e-05
3.955556530854664743e-05
3.953891427954658866e-05
3.950619429815560579e-05
3.949704841943457723e-05
3.948520316043868661e-05
3.952469705836847425e-05
3.947597724618390203e-05
3.946126525988802314e-05
3.943422416341491044e-05
3.941433897125534713e-05
3.938720692531205714e-05
3.936466964660212398e-05
3.933883272111415863e-05
3.931631363229826093e-05
3.929511149181053042e-05
3.927839134121313691e-05
3.925390410586260259e-05
3.922935138689354062e-05
3.921460302080959082e-05
3.920537710655480623e-05
3.919470327673479915e-05
3.918206130038015544e-05
3.914949411409907043e-05
3.913812906830571592e-05
3.911939711542800069e-05
3.910136001650243998e-05
3.907886639353819191e-05
3.910627492587082088e-05
3.906725396518595517e-05
3.904937693732790649e-05
3.904098412021994591e-05
3.902770549757406116e-05
3.902898606611415744e-05
3.901865420630201697e-05
3.900298179360106587e-05
3.896712587447836995e-05
3.893499524565413594e-05
3.889436629833653569e-05
3.891090454999357462e-05
3.887092680088244379e-05
3.885424303007312119e-05
3.883656609104946256e-05
3.882330202031880617e-05
3.878708230331540108e-05
3.874709727824665606e-05
3.873351306538097560e-05
3.868751809932291508e-05
3.866786573780700564e-05
3.861655932269059122e-05
3.857657429762184620e-05
3.854638998745940626e-05
3.859917705995030701e-05
3.853188536595553160e-05
3.852136433124542236e-05
3.850486245937645435e-05
3.848011692753061652e-05
3.842646401608362794e-05
3.837499025394208729e-05
3.832556103589013219e-05
3.830480272881686687e-05
3.829242268693633378e-05
3.828155604423955083e-05
3.826005195151083171e-05
3.824476516456343234e-05
3.822225698968395591e-05
3.819981066044420004e-05
3.817846300080418587e-05
3.814589581452310085e-05
3.810729685937985778e-05
3.807614120887592435e-05
3.802216087933629751e-05
3.796264718403108418e-05
3.788673711824230850e-05
3.783245847444050014e-05
3.772896161535754800e-05
3.764774737646803260e-05
3.759709215955808759e-05
3.756221121875569224e-05
3.745951471501030028e-05
3.739472595043480396e-05
3.730022581294178963e-05
3.723471672856248915e-05
3.717833897098898888e-05
3.708631265908479691e-05
3.703954644151963294e-05
3.699632361531257629e-05
3.694544648169539869e-05
3.691851452458649874e-05
3.686738273245282471e-05
3.688057040562853217e-05
3.684407056425698102e-05
3.680391819216310978e-05
3.678823850350454450e-05
3.676565393107011914e-05
3.675369589473120868e-05
3.673218088806606829e-05
3.670336445793509483e-05
3.666045085992664099e-05
3.661143273347988725e-05
3.715966886375099421e-05
3.656694389064796269e-05
3.650422149803489447e-05
3.640358772827312350e-05
3.635724715422838926e-05
3.627300247899256647e-05
3.624200326157733798e-05
3.616608591983094811e-05
3.612755608628503978e-05
3.612223372329026461e-05
3.610528074204921722e-05
3.607858525356277823e-05
3.604750600061379373e-05
3.602803190005943179e-05
3.601710341172292829e-05
3.597245449782349169e-05
3.594077497837133706e-05
3.591841232264414430e-05
3.588763138395734131e-05
3.584726800909265876e-05
3.580266275093890727e-05
3.603741424740292132e-05
3.578609539545141160e-05
3.576062590582296252e-05
3.571899651433341205e-05
3.570246190065518022e-05
3.567056410247460008e-05
3.563083737390115857e-05
3.559748438419774175e-05
3.556889714673161507e-05
3.551886766217648983e-05
3.550322799128480256e-05
3.545079744071699679e-05
3.541629121173173189e-05
3.537732118275016546e-05
3.534305142238736153e-05
3.531021502567455173e-05
3.525397187331691384e-05
3.520431346260011196e-05
3.514625859679654241e-05
3.509088492137379944e-05
3.507224027998745441e-05
3.504049527691677213e-05
3.500976163195446134e-05
3.497632860671728849e-05
3.495994678814895451e-05
3.494950942695140839e-05
3.493691838230006397e-05
3.491059760563075542e-05
3.489292066660709679e-05
3.486740752123296261e-05
3.484711487544700503e-05
3.483332329778932035e-05
3.481920794001780450e-05
3.479878796497359872e-05
3.475221456028521061e-05
3.570830085664056242e-05
3.474521508906036615e-05
3.469381044851616025e-05
3.466599810053594410e-05
3.464503242867067456e-05
3.461840969976037741e-05
3.458989522187039256e-05
3.450401345617137849e-05
3.447444396442733705e-05
3.444457979639992118e-05
3.441817534621804953e-05
3.438712155912071466e-05
3.448470306466333568e-05
3.437285704421810806e-05
3.433535675867460668e-05
3.429133357712998986e-05
3.424559690756723285e-05
3.425946124480105937e-05
3.423524321988224983e-05
3.421567089390009642e-05
3.420956636546179652e-05
3.419994754949584603e-05
3.418973938096314669e-05
3.414427192183211446e-05
3.412728619878180325e-05
3.410217323107644916e-05
3.408377233427017927e-05
3.407314216019585729e-05
3.406531686778180301e-05
3.404307790333405137e-05
3.402643778827041388e-05
3.399992056074552238e-05
3.397967157070524991e-05
3.395795647520571947e-05
3.397042019059881568e-05
3.394412487978115678e-05
3.393466613488271832e-05
3.392506550881080329e-05
3.391438076505437493e-05
3.390144411241635680e-05
3.388275581528432667e-05
3.387511605978943408e-05
3.386558455531485379e-05
3.385889431228861213e-05
3.392696817172691226e-05
3.385356467333622277e-05
3.384196315892040730e-05
3.383024522918276489e-05
3.382116847205907106e-05
3.381267379154451191e-05
3.380677298991940916e-05
3.379330519237555563e-05
3.378409019205719233e-05
3.377455868758261204e-05
3.376611493877135217e-05
3.375984306330792606e-05
3.374856532900594175e-05
3.373183062649331987e-05
3.371515776962041855e-05
3.369217301951721311e-05
3.374755760887637734e-05
3.368529723957180977e-05
3.367290992173366249e-05
3.365771408425644040e-05
3.364771691849455237e-05
3.363435098435729742e-05
3.367647877894341946e-05
3.362833012943156064e-05
3.361326889717020094e-05
3.358868707437068224e-05
3.356960587552748621e-05
3.355514490976929665e-05
3.354503496666438878e-05
3.353118881932459772e-05
3.352090789121575654e-05
3.351044142618775368e-05
3.350539918756112456e-05
3.349959297338500619e-05
3.349224425619468093e-05
3.348636164446361363e-05
3.347644451423548162e-05
3.346518496982753277e-05
3.345494405948556960e-05
3.344035212649032474e-05
3.342686250107362866e-05
3.340549301356077194e-05
3.345090226503089070e-05
3.339227987453341484e-05
3.336970621603541076e-05
3.333931090310215950e-05
3.332354390295222402e-05
3.329570245114155114e-05
3.327850936329923570e-05
3.327277954667806625e-05
3.325333454995416105e-05
3.324817953398451209e-05
3.324287899886257946e-05
3.323711644043214619e-05
3.323024066048674285e-05
3.322274278616532683e-05
3.323781493236310780e-05
3.321609619888477027e-05
3.320795076433569193e-05
3.320007090223953128e-05
3.319008101243525743e-05
3.318160088383592665e-05
3.319896495668217540e-05
3.317307709949091077e-05
3.316763832117430866e-05
3.315796129754744470e-05
3.315211506560444832e-05
3.314608693472109735e-05
3.313921115477569401e-05
3.313330671517178416e-05
3.312023909529671073e-05
3.311095133540220559e-05
3.310048487037420273e-05
3.309936437290161848e-05
3.309008388896472752e-05
3.308740269858390093e-05
3.308170198579318821e-05
3.307512088213115931e-05
3.306608414277434349e-05
3.308356463094241917e-05
3.306261351099237800e-05
3.305510472273454070e-05
3.304605706944130361e-05
3.303869743831455708e-05
3.303066478110849857e-05
3.301906690467149019e-05
3.300492244306951761e-05
3.298333831480704248e-05
3.303103585494682193e-05
3.297601870144717395e-05
3.295100759714841843e-05
3.292950350441969931e-05
3.291699977125972509e-05
3.290720633231103420e-05
3.289383312221616507e-05
3.287380968686193228e-05
3.285406273789703846e-05
3.283493424532935023e-05
3.281031968072056770e-05
3.280010423623025417e-05
3.278420990682207048e-05
3.277200812590308487e-05
3.275862400187179446e-05
3.273321271990425885e-05
3.268903674324974418e-05
3.263406324549578130e-05
3.256044510635547340e-05
3.252100577810779214e-05
3.249472501920536160e-05
3.247076892876066267e-05
3.244552499381825328e-05
3.238397039240226150e-05
3.230667789466679096e-05
3.283785918029025197e-05
3.227260094718076289e-05
3.221145743736997247e-05
3.216756158508360386e-05
3.210768045391887426e-05
3.212720912415534258e-05
3.207614645361900330e-05
3.201971412636339664e-05
3.192467193002812564e-05
3.189330527675338089e-05
3.183497392456047237e-05
3.181804640917107463e-05
3.179319173796102405e-05
3.175210440531373024e-05
3.169531919411383569e-05
3.162020948366262019e-05
3.153447687509469688e-05
3.149436815874651074e-05
3.140878470730967820e-05
3.135877341264858842e-05
3.126832598354667425e-05
3.122902126051485538e-05
3.112130434601567686e-05
3.107442171312868595e-05
3.102245682384818792e-05
3.094134444836527109e-05
3.089198798988945782e-05
3.086909782723523676e-05
3.084677155129611492e-05
3.082399052800610662e-05
3.079720045207068324e-05
3.080976603087037802e-05
3.078822555835358799e-05
3.076863140449859202e-05
3.075164204346947372e-05
3.073677362408488989e-05
3.072193067055195570e-05
3.070634193136356771e-05
3.066648787353187799e-05
3.063760595978237689e-05
3.059093069168739021e-05
3.054982880712486804e-05
3.049980659852735698e-05
3.045798439416103065e-05
3.043738979613408446e-05
3.041798481717705727e-05
3.040164301637560129e-05
3.038810064026620239e-05
3.036643465748056769e-05
3.034372457477729768e-05
3.032296081073582172e-05
3.030412335647270083e-05
3.028859282494522631e-05
3.027643651876132935e-05
3.026949707418680191e-05
3.025398109457455575e-05
3.023847239091992378e-05
3.020680378540419042e-05
3.018054485437460244e-05
3.016491245944052935e-05
3.015412949025630951e-05
3.014039066329132766e-05
3.011369881278369576e-05
3.009522697539068758e-05
3.007857594639062881e-05
3.004465179401449859e-05
3.001713230332825333e-05
2.999083153554238379e-05
2.992963709402829409e-05
2.989836502820253372e-05
2.988015876326244324e-05
2.985968239954672754e-05
2.984059574373532087e-05
2.982500700454693288e-05
2.981150100822560489e-05
2.980002136609982699e-05
2.978800876007881016e-05
2.977305848617106676e-05
2.981466604978777468e-05
2.975544339278712869e-05
2.973130722239147872e-05
2.971954563690815121e-05
2.969639172079041600e-05
2.968811895698308945e-05
2.967865657410584390e-05
2.967182626889552921e-05
2.966898500744719058e-05
2.966299143736250699e-05
2.965576277347281575e-05
2.964807026728522032e-05
2.963787483167834580e-05
2.961541031254455447e-05
2.962807775475084782e-05
2.959711491712369025e-05
2.964443774544633925e-05
2.957238939416129142e-05
2.953527655336074531e-05
2.950514317490160465e-05
2.946229142253287137e-05
2.940359991043806076e-05
2.932650750153698027e-05
2.930096343334298581e-05
2.921923805843107402e-05
2.917424717452377081e-05
2.914323340519331396e-05
2.912045238190330565e-05
2.908692295022774488e-05
2.903339736803900450e-05
2.897811282309703529e-05
2.893012242566328496e-05
2.889858660637401044e-05
2.886652873712591827e-05
2.884964669647160918e-05
2.880795000237412751e-05
2.874774145311675966e-05
2.868913725251331925e-05
2.862387736968230456e-05
2.857338768080808222e-05
2.857586150639690459e-05
2.855369166354648769e-05
2.852453326340764761e-05
2.846914503606967628e-05
2.844283881131559610e-05
2.839158332790248096e-05
2.839045555447228253e-05
2.837217289197724313e-05
2.840450360963586718e-05
2.835515260812826455e-05
2.833170583471655846e-05
2.829111690516583622e-05
2.830795710906386375e-05
2.828094147844240069e-05
2.825450428645126522e-05
2.821464113367255777e-05
2.820021290972363204e-05
2.818143730110023171e-05
2.813515857269521803e-05
2.818471693899482489e-05
2.811821832437999547e-05
2.809106445056386292e-05
2.806841075653210282e-05
2.805478652589954436e-05
2.803028473863378167e-05
2.803967799991369247e-05
2.801835580612532794e-05
2.799990215862635523e-05
2.798782406898681074e-05
2.797580236801877618e-05
2.796003536786884069e-05
2.794015381368808448e-05
2.791238694044295698e-05
2.787107223412021995e-05
2.783285708574112505e-05
2.786197728710249066e-05
2.781825241982005537e-05
2.779316673695575446e-05
2.778008092718664557e-05
2.776537075988017023e-05
2.774439599306788296e-05
2.771478102658875287e-05
2.769865204754751176e-05
2.768739614111837000e-05
2.767929254332557321e-05
2.767316254903562367e-05
2.766502802842296660e-05
2.766111356322653592e-05
2.765392855508252978e-05
2.764316741377115250e-05
2.762105214060284197e-05
2.759759627224411815e-05
2.759752715064678341e-05
2.758587106654886156e-05
2.757225229288451374e-05
2.756031426542904228e-05
2.754439810814801604e-05
2.752459113253280520e-05
2.747661346802487969e-05
2.746147765719797462e-05
2.742313154158182442e-05
2.740853597060777247e-05
2.733682049438357353e-05
2.728274012042675167e-05
2.721671262406744063e-05
2.725108060985803604e-05
2.719531403272412717e-05
2.715222399274352938e-05
2.712449895625468343e-05
2.711244997044559568e-05
2.708179090404883027e-05
2.706509258132427931e-05
2.703672726056538522e-05
2.700356890272814780e-05
2.699204014788847417e-05
2.696114825084805489e-05
2.695169496291782707e-05
2.693159513000864536e-05
2.690342807909473777e-05
2.693026544875465333e-05
2.688444146770052612e-05
2.685815161385107785e-05
2.683056118257809430e-05
2.681218029465526342e-05
2.685728941287379712e-05
2.680579564184881747e-05
2.678827149793505669e-05
2.676658368727657944e-05
2.674319330253638327e-05
2.674862298590596765e-05
2.673284689080901444e-05
2.670293179107829928e-05
2.668681190698407590e-05
2.666632281034253538e-05
2.665147258085198700e-05
2.660841892065946013e-05
2.656858305272180587e-05
2.654215313668828458e-05
2.651879185577854514e-05
2.649785710673313588e-05
2.645480162755120546e-05
2.642358595039695501e-05
2.638369005580898374e-05
2.634904740261845291e-05
2.631923234730493277e-05
2.628321999509353191e-05
2.625100751174613833e-05
2.622216197778470814e-05
2.620801205921452492e-05
2.618818325572647154e-05
2.616631536511704326e-05
2.615459925436880440e-05
2.613132164697162807e-05
2.611470154079142958e-05
2.610261799418367445e-05
2.609435978229157627e-05
2.607570422696880996e-05
2.602291351649910212e-05
2.594650504761375487e-05
2.588935240055434406e-05
2.583622699603438377e-05
2.579670217528473586e-05
2.578650673967786133e-05
2.576408223831094801e-05
2.573253368609584868e-05
2.571317963884212077e-05
2.575189864728599787e-05
2.570233664300758392e-05
2.567065166658721864e-05
2.563487214501947165e-05
2.558386040618643165e-05
2.555634637246839702e-05
2.553284321038518101e-05
2.550996578065678477e-05
2.549342207203153521e-05
2.548171687521971762e-05
2.547424992371816188e-05
2.546592440921813250e-05
2.551131183281540871e-05
2.546271753089968115e-05
2.545179086155258119e-05
2.542613037803675979e-05
2.540644709370099008e-05
2.539455454098060727e-05
2.536758256610482931e-05
2.534527811803855002e-05
2.530769597797188908e-05
2.550487806729506701e-05
2.528806908230762929e-05
2.523426155676133931e-05
2.526313437556382269e-05
2.521376882214099169e-05
2.517274879210162908e-05
2.513078470656182617e-05
2.509789555915631354e-05
2.508578108972869813e-05
2.505876182112842798e-05
2.505227894289419055e-05
2.504792064428329468e-05
2.504214535292703658e-05
2.502986171748489141e-05
2.500727168808225542e-05
2.498230605851858854e-05
2.493711872375570238e-05
2.490267434041015804e-05
2.486860103090293705e-05
2.483691605448257178e-05
2.481239425833337009e-05
2.486872290319297463e-05
2.480065450072288513e-05
2.476399458828382194e-05
2.473011227266397327e-05
2.469920582370832562e-05
2.495611443009693176e-05
2.468773163855075836e-05
2.466393198119476438e-05
2.459625466144643724e-05
2.455055437167175114e-05
2.550379940657876432e-05
2.453659544698894024e-05
2.447370025038253516e-05
2.440182288410142064e-05
2.435190435789991170e-05
2.430129097774624825e-05
2.426260471111163497e-05
2.417563518974930048e-05
2.414060872979462147e-05
2.408657746855169535e-05
2.403676990070380270e-05
2.401028905296698213e-05
2.397657954134047031e-05
2.395124101894907653e-05
2.393946306256111711e-05
2.392201713519170880e-05
2.390225745330099016e-05
2.388454595347866416e-05
2.386760570516344160e-05
2.397067328274715692e-05
2.386436426604632288e-05
2.385212428634986281e-05
2.384180334047414362e-05
2.382988532190211117e-05
2.381790545769035816e-05
2.379548095632344484e-05
2.378886529186274856e-05
2.375399708398617804e-05
2.374130235693883151e-05
2.372751805523876101e-05
2.371549635427072644e-05
2.369982939853798598e-05
2.369013964198529720e-05
2.367434171901550144e-05
2.366461376368533820e-05
2.365368709433823824e-05
2.363556268392130733e-05
2.360648250032681972e-05
2.358266465307679027e-05
2.358946403546724468e-05
2.356929508096072823e-05
2.355527067265938967e-05
2.353594754822552204e-05
2.355134893150534481e-05
2.351731563976500183e-05
2.347627741983160377e-05
2.341163781238719821e-05
2.336474244657438248e-05
2.365763793932273984e-05
2.335958015464711934e-05
2.334326381969731301e-05
2.332224903511814773e-05
2.330147253815084696e-05
2.328105983906425536e-05
2.325312198081519455e-05
2.322517502761911601e-05
2.319087798241525888e-05
2.316095924470573664e-05
2.313618097105063498e-05
2.311954813194461167e-05
2.309875708306208253e-05
2.308243165316525847e-05
2.307048271177336574e-05
2.305502493982203305e-05
2.304324698343407363e-05
2.302938446518965065e-05
2.301459608133882284e-05
2.300318192283157259e-05
2.299337211297824979e-05
2.297353239555377513e-05
2.296181992278434336e-05
2.295248123118653893e-05
2.293831130373291671e-05
2.291008786414749920e-05
2.287457027705386281e-05
2.283539288328029215e-05
2.279099862789735198e-05
2.279859836562536657e-05
2.275699807796627283e-05
2.270522782055195421e-05
2.261851477669551969e-05
2.258692984469234943e-05
2.254918763355817646e-05
2.253775528515689075e-05
2.252623016829602420e-05
2.251661499030888081e-05
2.250645047752186656e-05
2.249643330287653953e-05
2.248492819489911199e-05
2.246901749458629638e-05
2.245506038889288902e-05
2.242466507595963776e-05
2.238716842839494348e-05
2.235355714219622314e-05
2.232834049209486693e-05
2.230961217719595879e-05
2.229502752015832812e-05
2.227932054665870965e-05
