3.864671936035156250e+02
3.329402465820312500e+02
2.648881225585937500e+02
2.220042114257812500e+02
1.944988098144531250e+02
1.699791564941406250e+02
1.528492736816406250e+02
1.241949768066406250e+02
1.095290069580078125e+02
1.013326339721679688e+02
9.609031677246093750e+01
8.819470977783203125e+01
8.286582183837890625e+01
6.967046356201171875e+01
8.298182983398437500e+02
6.005480194091796875e+01
7.512824096679687500e+02
5.498095703125000000e+01
6.746337127685546875e+01
4.727127838134765625e+01
4.486111068725585938e+01
3.634186935424804688e+01
3.486601638793945312e+01
3.214717864990234375e+01
2.791535186767578125e+01
2.439083290100097656e+01
2.159075546264648438e+01
1.980611801147460938e+01
1.822146415710449219e+01
1.707417869567871094e+01
1.554334640502929688e+01
1.477902793884277344e+01
1.345131111145019531e+01
1.208514785766601562e+01
1.106597137451171875e+01
1.015026569366455078e+01
9.274211883544921875e+00
8.274486541748046875e+00
7.448498725891113281e+00
6.678453922271728516e+00
5.914317607879638672e+00
5.542593955993652344e+00
5.341640472412109375e+00
5.009509086608886719e+00
4.549530029296875000e+00
4.314445972442626953e+00
4.066458702087402344e+00
3.812119483947753906e+00
3.500370979309082031e+00
3.266085147857666016e+00
3.005236148834228516e+00
2.836619853973388672e+00
2.527391433715820312e+00
2.121756076812744141e+00
1.880766391754150391e+00
1.783572077751159668e+00
1.616457939147949219e+00
1.494706511497497559e+00
1.438205361366271973e+00
1.389908790588378906e+00
1.337722301483154297e+00
1.301590681076049805e+00
1.261763095855712891e+00
1.227646470069885254e+00
1.198995351791381836e+00
1.159253358840942383e+00
1.128661990165710449e+00
1.102118253707885742e+00
1.067745923995971680e+00
1.017807960510253906e+00
9.533282518386840820e-01
8.769747018814086914e-01
8.230274915695190430e-01
7.869313359260559082e-01
7.511206269264221191e-01
7.448416948318481445e-01
7.314305305480957031e-01
7.151468992233276367e-01
6.993113160133361816e-01
6.831750869750976562e-01
6.697838902473449707e-01
6.560606360435485840e-01
6.407492160797119141e-01
6.188478469848632812e-01
5.966022014617919922e-01
5.963585972785949707e-01
5.869469642639160156e-01
5.789099931716918945e-01
5.721079111099243164e-01
5.637026429176330566e-01
5.416575074195861816e-01
5.108358860015869141e-01
4.878076612949371338e-01
4.617057740688323975e-01
4.421053230762481689e-01
4.294369220733642578e-01
4.143882691860198975e-01
4.028049409389495850e-01
3.825530707836151123e-01
3.768773674964904785e-01
3.570125699043273926e-01
3.489867150783538818e-01
3.399920165538787842e-01
3.307607769966125488e-01
3.227782547473907471e-01
3.126812577247619629e-01
3.070664703845977783e-01
3.032048642635345459e-01
2.974262833595275879e-01
2.898018360137939453e-01
2.818818986415863037e-01
2.767831385135650635e-01
2.743183374404907227e-01
2.721990346908569336e-01
2.690521776676177979e-01
2.618988752365112305e-01
2.521915435791015625e-01
2.436748892068862915e-01
2.370902299880981445e-01
2.321572005748748779e-01
2.295237779617309570e-01
2.273027896881103516e-01
2.224036455154418945e-01
2.181233614683151245e-01
2.146831601858139038e-01
2.125300019979476929e-01
2.111198008060455322e-01
2.092790454626083374e-01
2.070804387331008911e-01
2.038140892982482910e-01
2.008700668811798096e-01
1.960597038269042969e-01
1.906888782978057861e-01
1.842070370912551880e-01
1.788292229175567627e-01
1.738817989826202393e-01
1.725711375474929810e-01
1.686059534549713135e-01
1.652707159519195557e-01
1.632051169872283936e-01
1.637905836105346680e-01
1.612468212842941284e-01
1.595236361026763916e-01
1.568872928619384766e-01
1.560141146183013916e-01
1.546653807163238525e-01
1.534807682037353516e-01
1.515590548515319824e-01
1.488237529993057251e-01
1.464088261127471924e-01
1.449313163757324219e-01
1.423099637031555176e-01
1.396088004112243652e-01
1.370888352394104004e-01
1.354079842567443848e-01
1.335459649562835693e-01
1.317337453365325928e-01
1.287498921155929565e-01
1.258830279111862183e-01
1.234876811504364014e-01
1.223049461841583252e-01
1.211865246295928955e-01
1.205943375825881958e-01
1.193957328796386719e-01
1.216115951538085938e-01
1.184217110276222229e-01
1.166547536849975586e-01
1.144875586032867432e-01
1.122498810291290283e-01
1.106156855821609497e-01
1.096431016921997070e-01
1.092351526021957397e-01
1.084744334220886230e-01
1.070607453584671021e-01
1.058382689952850342e-01
1.047623008489608765e-01
1.038536727428436279e-01
1.032244116067886353e-01
1.025996506214141846e-01
1.018500030040740967e-01
1.009990125894546509e-01
1.000868827104568481e-01
9.848996996879577637e-02
9.653080999851226807e-02
9.468927979469299316e-02
9.363734722137451172e-02
9.295952320098876953e-02
9.212833642959594727e-02
9.151813387870788574e-02
9.063310921192169189e-02
8.938644081354141235e-02
8.864723145961761475e-02
8.813461661338806152e-02
8.786916732788085938e-02
8.749569207429885864e-02
8.693759143352508545e-02
8.616183698177337646e-02
8.515538275241851807e-02
8.429329097270965576e-02
8.316975831985473633e-02
8.144013583660125732e-02
8.046732097864151001e-02
7.971281558275222778e-02
7.917883992195129395e-02
7.861357927322387695e-02
7.806835323572158813e-02
7.736838608980178833e-02
7.685005664825439453e-02
7.642184942960739136e-02
7.602453231811523438e-02
7.547263801097869873e-02
7.490703463554382324e-02
7.419538497924804688e-02
7.346488535404205322e-02
7.278876006603240967e-02
7.225157320499420166e-02
7.151508331298828125e-02
7.042976468801498413e-02
6.973988562822341919e-02
6.934355199337005615e-02
6.896078586578369141e-02
6.860683113336563110e-02
6.820806860923767090e-02
6.767560541629791260e-02
6.714852899312973022e-02
6.653682142496109009e-02
6.611180305480957031e-02
6.589944660663604736e-02
6.571780145168304443e-02
6.559249758720397949e-02
6.541380286216735840e-02
6.509499251842498779e-02
6.451261043548583984e-02
6.373336911201477051e-02
6.306596845388412476e-02
6.215672194957733154e-02
6.119541451334953308e-02
6.055274605751037598e-02
6.022738292813301086e-02
5.997131764888763428e-02
5.987355858087539673e-02
5.974330753087997437e-02
5.952269956469535828e-02
5.917345359921455383e-02
5.885670706629753113e-02
5.828106775879859924e-02
5.767032504081726074e-02
5.725014209747314453e-02
5.681262165307998657e-02
5.635966360569000244e-02
5.582166090607643127e-02
5.548467487096786499e-02
5.523116886615753174e-02
5.501514300704002380e-02
5.484948307275772095e-02
5.458954349160194397e-02
5.433400720357894897e-02
5.415007844567298889e-02
5.402839183807373047e-02
5.395457148551940918e-02
5.387109145522117615e-02
5.368953570723533630e-02
5.348338186740875244e-02
5.324385315179824829e-02
5.289172753691673279e-02
5.240106582641601562e-02
5.191081762313842773e-02
5.165123939514160156e-02
5.147803947329521179e-02
5.137182772159576416e-02
5.124436318874359131e-02
5.112803727388381958e-02
5.097581446170806885e-02
5.081827193498611450e-02
5.063319951295852661e-02
5.038223415613174438e-02
5.000117421150207520e-02
5.019618570804595947e-02
4.983849823474884033e-02
4.968806356191635132e-02
4.948863387107849121e-02
4.930504038929939270e-02
4.901473969221115112e-02
4.854628816246986389e-02
4.795639961957931519e-02
4.858757182955741882e-02
4.767733812332153320e-02
4.721131548285484314e-02
4.690567404031753540e-02
4.664217680692672729e-02
4.640126973390579224e-02
4.622442647814750671e-02
4.588311165571212769e-02
4.569420590996742249e-02
4.522440582513809204e-02
4.470699280500411987e-02
4.489947110414505005e-02
4.420701414346694946e-02
4.346556961536407471e-02
4.298406839370727539e-02
4.269240424036979675e-02
4.245775938034057617e-02
4.218088835477828979e-02
4.185503721237182617e-02
4.151064157485961914e-02
4.114349931478500366e-02
4.082743823528289795e-02
4.061403125524520874e-02
4.042644426226615906e-02
4.034579545259475708e-02
4.020027071237564087e-02
4.008780419826507568e-02
4.002176970243453979e-02
3.994834423065185547e-02
3.982803970575332642e-02
3.967054560780525208e-02
3.952208906412124634e-02
3.930918127298355103e-02
3.916773200035095215e-02
3.892835229635238647e-02
3.884282708168029785e-02
3.839208185672760010e-02
3.823631629347801208e-02
3.792309015989303589e-02
3.770475089550018311e-02
3.750289976596832275e-02
3.724495694041252136e-02
3.690823912620544434e-02
3.658446297049522400e-02
3.640623390674591064e-02
3.627461567521095276e-02
3.615659475326538086e-02
3.601660206913948059e-02
3.577752783894538879e-02
3.561296314001083374e-02
3.551431000232696533e-02
3.539106622338294983e-02
3.524923324584960938e-02
3.509889915585517883e-02
3.501252830028533936e-02
3.493357449769973755e-02
3.480059653520584106e-02
3.464354574680328369e-02
3.449005633592605591e-02
3.433457762002944946e-02
3.422756493091583252e-02
3.412801027297973633e-02
3.399906307458877563e-02
3.374745324254035950e-02
3.348652273416519165e-02
3.321228921413421631e-02
3.301134333014488220e-02
3.285566344857215881e-02
3.267820551991462708e-02
3.244733810424804688e-02
3.234080970287322998e-02
3.224745392799377441e-02
3.218131884932518005e-02
3.209012001752853394e-02
3.197240084409713745e-02
3.188700228929519653e-02
3.181840851902961731e-02
3.174728527665138245e-02
3.163707256317138672e-02
3.149768710136413574e-02
3.130046278238296509e-02
3.099083900451660156e-02
3.069991245865821838e-02
3.049090504646301270e-02
3.023235686123371124e-02
3.006363101303577423e-02
2.989255078136920929e-02
2.977051585912704468e-02
2.967199310660362244e-02
2.958858385682106018e-02
2.943665161728858948e-02
2.925212122499942780e-02
2.910730987787246704e-02
2.896869927644729614e-02
2.875042706727981567e-02
2.862699702382087708e-02
2.847127616405487061e-02
2.830767631530761719e-02
2.818740345537662506e-02
2.805767953395843506e-02
2.793761156499385834e-02
2.785180881619453430e-02
2.778537571430206299e-02
2.769334800541400909e-02
2.754348888993263245e-02
2.744647860527038574e-02
2.726205997169017792e-02
2.709167823195457458e-02
2.698735147714614868e-02
2.683920040726661682e-02
2.668775245547294617e-02
2.655706368386745453e-02
2.642463706433773041e-02
2.627551555633544922e-02
2.610496431589126587e-02
2.593863569200038910e-02
2.582071907818317413e-02
2.568694576621055603e-02
2.556187286972999573e-02
2.540738135576248169e-02
2.519912645220756531e-02
2.505131810903549194e-02
2.497482858598232269e-02
2.474961616098880768e-02
2.471030876040458679e-02
2.466973662376403809e-02
2.460704185068607330e-02
2.456351742148399353e-02
2.450205013155937195e-02
2.444410324096679688e-02
2.438761293888092041e-02
2.427774295210838318e-02
2.414687722921371460e-02
2.397003397345542908e-02
2.381887659430503845e-02
2.370697632431983948e-02
2.353233844041824341e-02
2.337132766842842102e-02
2.323603443801403046e-02
2.301738038659095764e-02
2.286287024617195129e-02
2.271280623972415924e-02
2.258017659187316895e-02
2.239431813359260559e-02
2.220463193953037262e-02
2.203713357448577881e-02
2.192286774516105652e-02
2.175765670835971832e-02
2.163830772042274475e-02
2.149138599634170532e-02
2.138861268758773804e-02
2.127378620207309723e-02
2.109499834477901459e-02
2.093354240059852600e-02
2.079620584845542908e-02
2.066217362880706787e-02
2.055336348712444305e-02
2.043545991182327271e-02
2.028377912938594818e-02
2.016155421733856201e-02
1.992787420749664307e-02
1.977551355957984924e-02
1.995587721467018127e-02
1.966846920549869537e-02
1.954702287912368774e-02
1.943494006991386414e-02
1.937066018581390381e-02
1.928945258259773254e-02
1.916425302624702454e-02
1.901912316679954529e-02
1.884969137609004974e-02
1.872552558779716492e-02
1.856778748333454132e-02
1.846828497946262360e-02
1.825659349560737610e-02
1.816437020897865295e-02
1.807924546301364899e-02
1.800473779439926147e-02
1.795758306980133057e-02
1.791528239846229553e-02
1.787015050649642944e-02
1.780327409505844116e-02
1.790513470768928528e-02
1.775959134101867676e-02
1.766899228096008301e-02
1.755797490477561951e-02
1.744822412729263306e-02
1.732536032795906067e-02
1.726628094911575317e-02
1.719074882566928864e-02
1.710050180554389954e-02
1.699994504451751709e-02
1.697597652673721313e-02
1.687036827206611633e-02
1.683816127479076385e-02
1.679063960909843445e-02
1.665521599352359772e-02
1.650487817823886871e-02
1.638044416904449463e-02
1.628356054425239563e-02
1.620070636272430420e-02
1.604019105434417725e-02
1.586863398551940918e-02
1.583029702305793762e-02
1.568366028368473053e-02
1.565055921673774719e-02
1.562203466892242432e-02
1.559109985828399658e-02
1.555259246379137039e-02
1.551055256277322769e-02
1.547641959041357040e-02
1.572910323739051819e-02
1.546769402921199799e-02
1.544142700731754303e-02
1.539702899754047394e-02
1.534612011164426804e-02
1.528818905353546143e-02
1.522673573344945908e-02
1.516467332839965820e-02
1.511426176875829697e-02
1.508773770183324814e-02
1.503947190940380096e-02
1.498989574611186981e-02
1.493101008236408234e-02
1.486416440457105637e-02
1.481582596898078918e-02
1.473783142864704132e-02
1.472820714116096497e-02
1.461721863597631454e-02
1.456834375858306885e-02
1.449558325111865997e-02
1.442827098071575165e-02
1.436114124953746796e-02
1.429259404540061951e-02
1.423072628676891327e-02
1.419386267662048340e-02
1.412195712327957153e-02
1.407423801720142365e-02
1.402700319886207581e-02
1.398188993334770203e-02
1.393866073340177536e-02
1.388210989534854889e-02
1.383867021650075912e-02
1.376710552722215652e-02
1.373065821826457977e-02
1.368438359349966049e-02
1.363813877105712891e-02
1.357837207615375519e-02
1.347048394381999969e-02
1.338936574757099152e-02
1.331007480621337891e-02
1.325550116598606110e-02
1.320304721593856812e-02
1.316334307193756104e-02
1.311570219695568085e-02
1.306657213717699051e-02
1.302266865968704224e-02
1.297122426331043243e-02
1.291753910481929779e-02
1.287561841309070587e-02
1.282963901758193970e-02
1.279215607792139053e-02
1.274944096803665161e-02
1.269901916384696960e-02
1.265426538884639740e-02
1.261893846094608307e-02
1.258780248463153839e-02
1.256118714809417725e-02
1.252674404531717300e-02
1.246954128146171570e-02
1.241914276033639908e-02
1.238200441002845764e-02
1.234509609639644623e-02
1.231291517615318298e-02
1.227433606982231140e-02
1.223701424896717072e-02
1.219391822814941406e-02
1.217740960419178009e-02
1.213538832962512970e-02
1.210647448897361755e-02
1.205907389521598816e-02
1.199663616716861725e-02
1.193080283701419830e-02
1.199153997004032135e-02
1.188817899674177170e-02
1.178502943366765976e-02
1.169453561305999756e-02
1.158314570784568787e-02
1.148989982903003693e-02
1.139715686440467834e-02
1.132263801991939545e-02
1.127164810895919800e-02
1.122186332941055298e-02
1.117628626525402069e-02
1.114053465425968170e-02
1.110342424362897873e-02
1.107224356383085251e-02
1.104548014700412750e-02
1.099980250000953674e-02
1.093454193323850632e-02
1.084046252071857452e-02
1.079863868653774261e-02
1.071128062903881073e-02
1.066309586167335510e-02
1.058414950966835022e-02
1.063588541001081467e-02
1.050466112792491913e-02
1.039790548384189606e-02
1.030541025102138519e-02
1.025875192135572433e-02
1.020513009279966354e-02
1.017014123499393463e-02
1.012119837105274200e-02
1.004906743764877319e-02
9.957974776625633240e-03
9.869262576103210449e-03
9.759150445461273193e-03
9.653961285948753357e-03
9.563768282532691956e-03
9.468553587794303894e-03
9.427620097994804382e-03
9.339968673884868622e-03
9.227247908711433411e-03
9.142827242612838745e-03
9.046441875398159027e-03
8.964582346379756927e-03
8.915673941373825073e-03
8.871699683368206024e-03
8.825335651636123657e-03
8.764415048062801361e-03
8.694825693964958191e-03
8.656937628984451294e-03
8.620012551546096802e-03
8.582754991948604584e-03
8.552411571145057678e-03
8.524973876774311066e-03
8.492809720337390900e-03
8.460631594061851501e-03
8.426259271800518036e-03
8.392498828470706940e-03
8.351108059287071228e-03
8.307651616632938385e-03
8.246691897511482239e-03
8.224372752010822296e-03
8.162578567862510681e-03
8.123949170112609863e-03
8.057331666350364685e-03
7.992086932063102722e-03
7.926452904939651489e-03
7.874909788370132446e-03
7.832759991288185120e-03
7.781814783811569214e-03
7.731218822300434113e-03
7.664190605282783508e-03
7.627779152244329453e-03
7.600809447467327118e-03
7.582709658890962601e-03
7.567834109067916870e-03
7.535134442150592804e-03
7.489803712815046310e-03
7.440966553986072540e-03
7.395934313535690308e-03
7.363081909716129303e-03
7.361340336501598358e-03
7.332879118621349335e-03
7.300057448446750641e-03
7.257886230945587158e-03
7.223988883197307587e-03
7.200660184025764465e-03
7.160633336752653122e-03
7.111486978828907013e-03
7.216543890535831451e-03
7.078526075929403305e-03
7.050111424177885056e-03
7.031762972474098206e-03
7.020719815045595169e-03
7.008083164691925049e-03
6.992833688855171204e-03
6.959078833460807800e-03
7.005688734352588654e-03
6.948187015950679779e-03
6.929835770279169083e-03
6.906169001013040543e-03
6.880830973386764526e-03
6.858800537884235382e-03
6.839789915829896927e-03
6.822134368121623993e-03
6.804058328270912170e-03
6.777977570891380310e-03
6.740672513842582703e-03
6.710875779390335083e-03
6.680939346551895142e-03
6.658411584794521332e-03
6.636809557676315308e-03
6.619777064770460129e-03
6.605824455618858337e-03
6.598273757845163345e-03
6.576396059244871140e-03
6.546437740325927734e-03
6.627591326832771301e-03
6.534019019454717636e-03
6.499319337308406830e-03
6.470985244959592819e-03
6.442827172577381134e-03
6.418923847377300262e-03
6.399753969162702560e-03
6.371887866407632828e-03
6.362001411616802216e-03
6.336283870041370392e-03
6.320658139884471893e-03
6.309298332780599594e-03
6.299296393990516663e-03
6.279755383729934692e-03
6.251651328057050705e-03
6.211064755916595459e-03
6.175229325890541077e-03
6.137256044894456863e-03
6.098506972193717957e-03
6.034258287400007248e-03
5.994398146867752075e-03
5.971816834062337875e-03
5.959236063063144684e-03
5.940930917859077454e-03
5.915486253798007965e-03
5.894536618143320084e-03
5.883755162358283997e-03
5.876155570149421692e-03
5.867058411240577698e-03
5.851722322404384613e-03
5.832390394061803818e-03
5.870983935892581940e-03
5.807294510304927826e-03
5.785260349512100220e-03
5.764784291386604309e-03
5.731869488954544067e-03
5.708301439881324768e-03
5.665722303092479706e-03
5.636151880025863647e-03
5.712142214179039001e-03
5.616928450763225555e-03
5.578712560236454010e-03
5.547907203435897827e-03
5.526699125766754150e-03
5.503836087882518768e-03
5.478820763528347015e-03
5.455746315419673920e-03
5.431179888546466827e-03
5.409708246588706970e-03
5.390216130763292313e-03
5.373721010982990265e-03
5.346509627997875214e-03
5.329588893800973892e-03
5.304984748363494873e-03
5.291149951517581940e-03
5.272202193737030029e-03
5.232963711023330688e-03
5.204901564866304398e-03
5.173949524760246277e-03
5.150819197297096252e-03
5.126314703375101089e-03
5.080685019493103027e-03
5.028338637202978134e-03
4.963357467204332352e-03
4.953526891767978668e-03
4.939315840601921082e-03
4.922364838421344757e-03
4.906128160655498505e-03
4.872413352131843567e-03
4.867923911660909653e-03
4.822563380002975464e-03
4.809641279280185699e-03
4.794731736183166504e-03
4.777162335813045502e-03
4.748497623950242996e-03
4.720957018435001373e-03
4.688340239226818085e-03
4.659370519220829010e-03
4.624722991138696671e-03
4.586994647979736328e-03
4.568781703710556030e-03
4.553709179162979126e-03
4.534334875643253326e-03
4.510914906859397888e-03
4.475906491279602051e-03
4.437893163412809372e-03
4.395067226141691208e-03
4.368193447589874268e-03
4.348209127783775330e-03
4.336907062679529190e-03
4.329870454967021942e-03
4.322054795920848846e-03
4.308657255023717880e-03
4.290846642106771469e-03
4.266239702701568604e-03
4.245383664965629578e-03
4.231615457683801651e-03
4.226561635732650757e-03
4.216592293232679367e-03
4.207383375614881516e-03
4.200272262096405029e-03
4.193117376416921616e-03
4.187212325632572174e-03
4.179455339908599854e-03
4.165967460721731186e-03
4.156587179750204086e-03
4.133932758122682571e-03
4.119099117815494537e-03
4.106101114302873611e-03
4.094520583748817444e-03
4.085242748260498047e-03
4.074372816830873489e-03
4.062168765813112259e-03
4.048564471304416656e-03
4.033535253256559372e-03
4.026285372674465179e-03
4.014680627733469009e-03
4.005989991128444672e-03
3.997405525296926498e-03
3.989291843026876450e-03
3.981162793934345245e-03
3.974247723817825317e-03
3.965625539422035217e-03
3.954225219786167145e-03
3.957479260861873627e-03
3.944494295865297318e-03
3.932587802410125732e-03
3.918908536434173584e-03
3.907287027686834335e-03
3.898418042808771133e-03
3.874578280374407768e-03
3.854296635836362839e-03
3.832426853477954865e-03
3.804244799539446831e-03
4.247135948389768600e-03
3.789291717112064362e-03
3.772956319153308868e-03
3.751296550035476685e-03
3.737643826752901077e-03
3.718410618603229523e-03
3.704323433339595795e-03
3.696400206536054611e-03
3.686802694573998451e-03
3.676556982100009918e-03
3.666158299893140793e-03
3.646795637905597687e-03
3.629074431955814362e-03
3.616547677665948868e-03
3.608661238104104996e-03
3.599602030590176582e-03
3.586964914575219154e-03
3.565641585737466812e-03
3.572820918634533882e-03
3.554778872057795525e-03
3.538133576512336731e-03
3.529937705025076866e-03
3.517148550599813461e-03
3.520493395626544952e-03
3.513131290674209595e-03
3.506767563521862030e-03
3.500784747302532196e-03
3.495659213513135910e-03
3.490270581096410751e-03
3.486727830022573471e-03
3.483715467154979706e-03
3.480382030829787254e-03
3.473731456324458122e-03
3.466210328042507172e-03
3.457153681665658951e-03
3.450829768553376198e-03
3.443901892751455307e-03
3.438648767769336700e-03
3.429614938795566559e-03
3.421627450734376907e-03
3.411809448152780533e-03
3.402555827051401138e-03
3.382972441613674164e-03
3.374681342393159866e-03
3.354596905410289764e-03
3.338549984619021416e-03
3.327412763610482216e-03
3.316806862130761147e-03
3.311185166239738464e-03
3.304729703813791275e-03
3.298597410321235657e-03
3.289801068603992462e-03
3.273594193160533905e-03
3.262871643528342247e-03
3.254432231187820435e-03
3.246847772970795631e-03
3.239818615838885307e-03
3.233741503208875656e-03
3.229207126423716545e-03
3.224137239158153534e-03
3.217372111976146698e-03
3.205549670383334160e-03
3.195361699908971786e-03
3.187223337590694427e-03
3.179440042003989220e-03
3.171677934005856514e-03
3.160222433507442474e-03
3.151361132040619850e-03
3.145087976008653641e-03
3.137297229841351509e-03
3.126780502498149872e-03
3.117566462606191635e-03
3.148775082081556320e-03
3.114655148237943649e-03
3.107094205915927887e-03
3.098481334745883942e-03
3.089158795773983002e-03
3.078629029914736748e-03
3.133395686745643616e-03
3.074213862419128418e-03
3.065223339945077896e-03
3.055178094655275345e-03
3.041334915906190872e-03
3.030220512300729752e-03
3.021079115569591522e-03
3.012475557625293732e-03
3.004097845405340195e-03
2.994496142491698265e-03
2.982431789860129356e-03
2.972717862576246262e-03
2.962629310786724091e-03
2.952887909486889839e-03
2.969693392515182495e-03
2.948626875877380371e-03
2.943324390798807144e-03
2.937259385362267494e-03
2.932227216660976410e-03
2.926923567429184914e-03
2.920942613855004311e-03
2.912594936788082123e-03
2.905196044594049454e-03
2.899474464356899261e-03
2.896077698096632957e-03
2.891548443585634232e-03
2.889126539230346680e-03
2.886504400521516800e-03
2.883266657590866089e-03
2.877882216125726700e-03
2.870303578674793243e-03
2.864834619686007500e-03
2.857532119378447533e-03
2.851337427273392677e-03
2.842931542545557022e-03
2.828209195286035538e-03
2.812162972986698151e-03
2.798256929963827133e-03
2.780625363811850548e-03
2.767289988696575165e-03
2.752167172729969025e-03
2.739901188760995865e-03
2.725559286773204803e-03
2.721848199144005775e-03
2.706802682951092720e-03
2.700078301131725311e-03
2.696065697818994522e-03
2.692451234906911850e-03
2.691906876862049103e-03
2.688811160624027252e-03
2.682721009477972984e-03
2.678307704627513885e-03
2.674437128007411957e-03
2.669434994459152222e-03
2.664206549525260925e-03
2.658647019416093826e-03
2.653006929904222488e-03
2.652877476066350937e-03
2.649673959240317345e-03
2.645317465066909790e-03
2.639000304043292999e-03
2.631841693073511124e-03
2.625297289341688156e-03
2.616797573864459991e-03
2.612127689644694328e-03
2.603904809802770615e-03
2.599178347736597061e-03
2.594199264422059059e-03
2.589167095720767975e-03
2.583387307822704315e-03
2.576587256044149399e-03
2.569870324805378914e-03
2.564383903518319130e-03
2.558531938120722771e-03
2.551778452470898628e-03
2.541742287576198578e-03
2.535642823204398155e-03
2.530432306230068207e-03
2.527178730815649033e-03
2.521674148738384247e-03
2.515976782888174057e-03
2.545089693740010262e-03
2.513869199901819229e-03
2.507766708731651306e-03
2.503280760720372200e-03
2.499254886060953140e-03
2.493955660611391068e-03
2.509798854589462280e-03
2.491187769919633865e-03
2.484958618879318237e-03
2.478716894984245300e-03
2.472434658557176590e-03
2.466416917741298676e-03
2.464133780449628830e-03
2.452929038554430008e-03
2.448149956762790680e-03
2.441319171339273453e-03
2.436770126223564148e-03
2.431213855743408203e-03
2.424113452434539795e-03
2.421240787953138351e-03
2.415244933217763901e-03
2.412976464256644249e-03
2.409324981272220612e-03
2.405181759968400002e-03
2.395740244537591934e-03
2.388461492955684662e-03
2.381203230470418930e-03
2.373909810557961464e-03
2.370114671066403389e-03
2.374661620706319809e-03
2.366848755627870560e-03
2.363723702728748322e-03
2.361212857067584991e-03
2.357849618420004845e-03
2.354311291128396988e-03
2.349784830585122108e-03
2.346141031011939049e-03
2.340740524232387543e-03
2.336375648155808449e-03
2.350821625441312790e-03
2.334789372980594635e-03
2.332302974537014961e-03
2.331892959773540497e-03
2.328812144696712494e-03
2.327049849554896355e-03
2.323215827345848083e-03
2.320134080946445465e-03
2.324157627299427986e-03
2.318728249520063400e-03
2.316774800419807434e-03
2.314372453838586807e-03
2.310503972694277763e-03
2.306913956999778748e-03
2.301770495250821114e-03
2.293640980497002602e-03
2.288948278874158859e-03
2.285445574671030045e-03
2.276505110785365105e-03
2.270509023219347000e-03
2.260400215163826942e-03
2.250292338430881500e-03
2.261610934510827065e-03
2.246931660920381546e-03
2.240072935819625854e-03
2.235871739685535431e-03
2.230592072010040283e-03
2.220493042841553688e-03
2.249326556921005249e-03
2.215449232608079910e-03
2.201446797698736191e-03
2.189077436923980713e-03
2.180246170610189438e-03
2.174271270632743835e-03
2.169727813452482224e-03
2.162011805921792984e-03
2.152918837964534760e-03
2.164578065276145935e-03
2.150021027773618698e-03
2.145181875675916672e-03
2.138551324605941772e-03
2.130208536982536316e-03
2.121440600603818893e-03
2.117851050570607185e-03
2.112338319420814514e-03
2.110244240611791611e-03
2.107962965965270996e-03
2.102474216371774673e-03
2.097667660564184189e-03
2.093080664053559303e-03
2.092836191877722740e-03
2.090648282319307327e-03
2.087690401822328568e-03
2.083744853734970093e-03
2.081793267279863358e-03
2.077238634228706360e-03
2.073622774332761765e-03
2.070472575724124908e-03
2.064210362732410431e-03
2.078626537695527077e-03
2.060920000076293945e-03
2.055407036095857620e-03
2.052098978310823441e-03
2.050059614703059196e-03
2.045861678197979927e-03
2.041850006207823753e-03
2.037841361016035080e-03
2.035229001194238663e-03
2.033143769949674606e-03
2.031272277235984802e-03
2.027947455644607544e-03
2.024354413151741028e-03
2.019690116867423058e-03
2.014583675190806389e-03
2.006470225751399994e-03
1.998261548578739166e-03
1.991544850170612335e-03
1.986086834222078323e-03
1.981896813958883286e-03
1.977508887648582458e-03
1.972386613488197327e-03
1.967738615348935127e-03
1.963328337296843529e-03
1.959377666935324669e-03
1.955320360139012337e-03
1.950709265656769276e-03
1.946509932167828083e-03
1.943577197380363941e-03
1.940942020155489445e-03
1.938726520165801048e-03
1.939456444233655930e-03
1.937529304996132851e-03
1.935936626978218555e-03
1.934899250045418739e-03
1.933683641254901886e-03
1.932266866788268089e-03
1.930078025907278061e-03
1.927984645590186119e-03
1.926076482050120831e-03
1.925010466948151588e-03
1.922655850648880005e-03
1.921700779348611832e-03
1.917934976518154144e-03
1.916007371619343758e-03
1.914002699777483940e-03
1.912091975100338459e-03
1.909627346321940422e-03
1.905695185996592045e-03
1.902293763123452663e-03
1.897962763905525208e-03
1.894695917144417763e-03
1.892164582386612892e-03
1.886634505353868008e-03
1.882115146145224571e-03
1.881340169347822666e-03
1.878462033346295357e-03
1.873283763416111469e-03
1.868548104539513588e-03
1.861808123067021370e-03
1.857965718954801559e-03
1.853011664934456348e-03
1.849919091910123825e-03
1.846117665991187096e-03
1.842897618189454079e-03
1.838458119891583920e-03
1.836023875512182713e-03
1.832753769122064114e-03
1.827951520681381226e-03
1.821461366489529610e-03
1.816747128032147884e-03
1.812515314668416977e-03
1.808532746508717537e-03
1.804855302907526493e-03
1.800908008590340614e-03
1.796960597857832909e-03
1.789341680705547333e-03
1.778635545633733273e-03
1.769148744642734528e-03
1.756918383762240410e-03
1.761930063366889954e-03
1.753135467879474163e-03
1.746141584590077400e-03
1.736953738145530224e-03
1.729201292619109154e-03
1.724920934066176414e-03
1.721583888866007328e-03
1.719370484352111816e-03
1.717764651402831078e-03
1.715233898721635342e-03
1.713469624519348145e-03
1.717580598779022694e-03
1.709991134703159332e-03
1.706961076706647873e-03
1.703714951872825623e-03
1.701519242487847805e-03
1.699871383607387543e-03
1.698280218988656998e-03
1.697425032034516335e-03
1.695973798632621765e-03
1.693602418527007103e-03
1.692632213234901428e-03
1.688336720690131187e-03
1.686530420556664467e-03
1.684505376033484936e-03
1.682164031080901623e-03
1.686347415670752525e-03
1.680484041571617126e-03
1.677460735663771629e-03
1.674118568189442158e-03
1.672218320891261101e-03
1.668924232944846153e-03
1.665729214437305927e-03
1.663296716287732124e-03
1.661518123000860214e-03
1.659804023802280426e-03
1.657194923609495163e-03
1.654272666200995445e-03
1.652578124776482582e-03
1.650782069191336632e-03
1.649765996262431145e-03
1.647143159061670303e-03
1.643500989302992821e-03
1.640176633372902870e-03
1.636902219615876675e-03
1.635784865356981754e-03
1.634834799915552139e-03
1.632261672057211399e-03
1.630533952265977859e-03
1.628628815524280071e-03
1.626472920179367065e-03
1.623018295504152775e-03
1.621550880372524261e-03
1.621532253921031952e-03
1.620394876226782799e-03
1.618884969502687454e-03
1.618176000192761421e-03
1.616604859009385109e-03
1.614961307495832443e-03
1.612680032849311829e-03
1.614215318113565445e-03
1.611720654182136059e-03
1.610147068277001381e-03
1.606990001164376736e-03
1.604399760253727436e-03
1.601640135049819946e-03
1.598482718691229820e-03
1.596545916981995106e-03
1.594221452251076698e-03
1.592059386894106865e-03
1.590080093592405319e-03
1.588412327691912651e-03
1.587006496265530586e-03
1.587721286341547966e-03
1.586179714649915695e-03
1.584844663739204407e-03
1.582130906172096729e-03
1.577688381075859070e-03
1.573686720803380013e-03
1.568385865539312363e-03
1.565604237839579582e-03
1.564862322993576527e-03
1.558757736347615719e-03
1.556492410600185394e-03
1.552676549181342125e-03
1.550130546092987061e-03
1.546498388051986694e-03
1.544652157463133335e-03
1.542668091133236885e-03
1.541206729598343372e-03
1.536932191811501980e-03
1.532916794531047344e-03
1.529797795228660107e-03
1.528411637991666794e-03
1.527017215266823769e-03
1.523947459645569324e-03
1.522061182186007500e-03
1.521242782473564148e-03
1.518615870736539364e-03
1.517590368166565895e-03
1.515995594672858715e-03
1.514262286946177483e-03
1.512810587882995605e-03
1.510919071733951569e-03
1.509629888460040092e-03
1.507980749011039734e-03
1.503886072896420956e-03
1.500987447798252106e-03
1.497924793511629105e-03
1.494406256824731827e-03
1.491468865424394608e-03
1.489535090513527393e-03
1.488230889663100243e-03
1.486405963078141212e-03
1.484662992879748344e-03
1.482891617342829704e-03
1.481170766055583954e-03
1.479448284953832626e-03
1.478109275922179222e-03
1.474465825594961643e-03
1.470184070058166981e-03
1.466917339712381363e-03
1.464633387513458729e-03
1.463316613808274269e-03
1.459698891267180443e-03
1.456745900213718414e-03
1.454097218811511993e-03
1.452437136322259903e-03
1.450475072488188744e-03
1.448567956686019897e-03
1.447518821805715561e-03
1.446669921278953552e-03
1.445891684852540493e-03
1.445055240765213966e-03
1.443897257559001446e-03
1.442046719603240490e-03
1.439128071069717407e-03
1.434488571248948574e-03
1.470288727432489395e-03
1.433473196811974049e-03
1.430267933756113052e-03
1.429062569513916969e-03
1.427895156666636467e-03
1.426170114427804947e-03
1.424773130565881729e-03
1.423191046342253685e-03
1.422182540409266949e-03
1.421446795575320721e-03
1.420505461283028126e-03
1.419138512574136257e-03
1.416752464137971401e-03
1.415692153386771679e-03
1.414265483617782593e-03
1.413637073710560799e-03
1.411989098414778709e-03
1.410554861649870872e-03
1.409014454111456871e-03
1.406449591740965843e-03
1.403450267389416695e-03
1.399413682520389557e-03
1.397257554344832897e-03
1.395184779539704323e-03
1.393425860442221165e-03
1.388904405757784843e-03
1.388964708894491196e-03
1.387148397043347359e-03
1.384230563417077065e-03
1.379901194013655186e-03
1.376901986077427864e-03
1.373301260173320770e-03
1.370166661217808723e-03
1.366782234981656075e-03
1.363465096801519394e-03
1.358653185889124870e-03
1.355840358883142471e-03
1.353868748992681503e-03
1.351095270365476608e-03
1.350549980998039246e-03
1.348718302324414253e-03
1.347840996459126472e-03
1.346847275272011757e-03
1.345068449154496193e-03
1.356455031782388687e-03
1.343841664493083954e-03
1.340916147455573082e-03
1.337892375886440277e-03
1.335127744823694229e-03
1.334951492026448250e-03
1.333749270997941494e-03
1.332033541984856129e-03
1.330283936113119125e-03
1.328432932496070862e-03
1.324502518400549889e-03
1.319949631579220295e-03
1.317031448706984520e-03
1.314786262810230255e-03
1.313173794187605381e-03
1.311784377321600914e-03
1.308434293605387211e-03
1.313258195295929909e-03
1.307341968640685081e-03
1.303640892729163170e-03
1.300545758567750454e-03
1.298169372603297234e-03
1.297095557674765587e-03
1.295857829973101616e-03
1.294626155868172646e-03
1.293169800192117691e-03
1.290886895731091499e-03
1.288865692913532257e-03
1.287163468077778816e-03
1.285997219383716583e-03
1.284640515223145485e-03
1.282054465264081955e-03
1.279959455132484436e-03
1.278018346056342125e-03
1.276851631700992584e-03
1.275446964427828789e-03
1.274254871532320976e-03
1.271441578865051270e-03
1.268835272639989853e-03
1.265792991034686565e-03
1.260174904018640518e-03
1.266739564016461372e-03
1.256691757589578629e-03
1.249788212589919567e-03
1.245247432962059975e-03
1.242382568307220936e-03
1.238162862136960030e-03
1.233786693774163723e-03
1.229017507284879684e-03
1.223807223141193390e-03
1.221903017722070217e-03
1.220331876538693905e-03
1.219246769323945045e-03
1.218172255903482437e-03
1.217101351357996464e-03
1.216110540553927422e-03
1.212970819324254990e-03
1.210391405038535595e-03
1.207130728289484978e-03
1.203614869154989719e-03
1.200551632791757584e-03
1.197473146021366119e-03
1.195579068735241890e-03
1.192291732877492905e-03
1.185839762911200523e-03
1.181007479317486286e-03
1.177986967377364635e-03
1.179739483632147312e-03
1.176194637082517147e-03
1.174984499812126160e-03
1.173440366983413696e-03
1.172413816675543785e-03
1.171289943158626556e-03
1.169888302683830261e-03
1.167809357866644859e-03
1.165727386251091957e-03
1.163671840913593769e-03
1.161704072728753090e-03
1.162366941571235657e-03
1.160569721832871437e-03
1.159363659098744392e-03
1.157179125584661961e-03
1.154907862655818462e-03
1.151460921391844749e-03
1.147543895058333874e-03
1.144116278737783432e-03
1.141535583883523941e-03
1.141013810411095619e-03
1.138091553002595901e-03
1.137044979259371758e-03
1.135376631282269955e-03
1.134283142164349556e-03
1.132695237174630165e-03
1.130796154029667377e-03
1.128461211919784546e-03
1.125694019719958305e-03
1.130727818235754967e-03
1.124331494793295860e-03
1.122012385167181492e-03
1.120666507631540298e-03
1.119536114856600761e-03
1.118250424042344093e-03
1.116887200623750687e-03
1.115252147428691387e-03
1.114319544285535812e-03
1.113194157369434834e-03
1.112140249460935593e-03
1.119825057685375214e-03
1.111843157559633255e-03
1.111150602810084820e-03
1.110792974941432476e-03
1.110436161980032921e-03
1.109944423660635948e-03
1.109047327190637589e-03
1.110030687414109707e-03
1.108553027734160423e-03
1.107321702875196934e-03
1.106070820242166519e-03
1.104867202229797840e-03
1.103498623706400394e-03
1.101515954360365868e-03
1.099571702070534229e-03
1.098011154681444168e-03
1.096113817766308784e-03
1.093207858502864838e-03
1.088686054572463036e-03
1.084337010979652405e-03
1.079441863112151623e-03
1.077766530215740204e-03
1.076209358870983124e-03
1.075605279766023159e-03
1.074395840987563133e-03
1.073207822628319263e-03
1.072500483132898808e-03
1.073236227966845036e-03
1.072120037861168385e-03
1.071406877599656582e-03
1.070543075911700726e-03
1.069518155418336391e-03
1.067508128471672535e-03
1.066507422365248203e-03
1.061188406310975552e-03
1.059123314917087555e-03
1.057317014783620834e-03
1.057703746482729912e-03
1.056493259966373444e-03
1.055411994457244873e-03
1.052941544912755489e-03
1.051648752763867378e-03
1.049950486049056053e-03
1.048551639541983604e-03
1.044725067913532257e-03
1.041543553583323956e-03
1.038059126585721970e-03
1.035167602822184563e-03
1.032240572385489941e-03
1.030194107443094254e-03
1.026639016345143318e-03
1.023388118483126163e-03
1.031573629006743431e-03
1.021694974042475224e-03
1.018860610201954842e-03
1.017039641737937927e-03
1.016259891912341118e-03
1.015635672956705093e-03
1.014715177007019520e-03
1.014349400065839291e-03
1.013212138786911964e-03
1.012641470879316330e-03
1.011697459034621716e-03
1.010321546345949173e-03
1.008833758533000946e-03
1.006789039820432663e-03
1.004656427539885044e-03
1.003411016426980495e-03
1.001862226985394955e-03
1.000272110104560852e-03
9.986236691474914551e-04
9.973607957363128662e-04
9.965323843061923981e-04
9.955376153811812401e-04
9.940458694472908974e-04
1.001259312033653259e-03
9.935630951076745987e-04
9.927330538630485535e-04
9.917074348777532578e-04
9.908436331897974014e-04
9.893137030303478241e-04
9.850277565419673920e-04
9.866801556199789047e-04
9.838542900979518890e-04
9.824420558288693428e-04
9.816227247938513756e-04
9.811758063733577728e-04
9.804037399590015411e-04
9.787807939574122429e-04
9.777031373232603073e-04
9.757014340721070766e-04
9.745642310008406639e-04
9.736521169543266296e-04
9.731029858812689781e-04
9.728948352858424187e-04
9.725315030664205551e-04
9.719468653202056885e-04
9.706252021715044975e-04
9.688115096651017666e-04
9.665801189839839935e-04
9.644258534535765648e-04
9.625809034332633018e-04
9.615723392926156521e-04
9.623261867091059685e-04
9.603995713405311108e-04
9.583791252225637436e-04
9.571474511176347733e-04
9.543725172989070415e-04
9.614678565412759781e-04
9.536643046885728836e-04
9.517899015918374062e-04
9.498634608462452888e-04
9.508724906481802464e-04
9.491856908425688744e-04
9.482925524935126305e-04
9.474309626966714859e-04
9.462038287892937660e-04
9.484030306339263916e-04
9.458311833441257477e-04
9.449477074667811394e-04
9.437842527404427528e-04
9.425237076357007027e-04
9.414121741428971291e-04
9.401245624758303165e-04
9.384829318150877953e-04
9.377275709994137287e-04
9.354986250400543213e-04
9.359954856336116791e-04
9.345950093120336533e-04
9.333805064670741558e-04
9.314318303950130939e-04
9.298108052462339401e-04
9.283524705097079277e-04
9.282482205890119076e-04
9.276983328163623810e-04
9.269925067201256752e-04
9.263972751796245575e-04
9.256432531401515007e-04
9.248783462680876255e-04
9.232463780790567398e-04
9.230957366526126862e-04
9.221843793056905270e-04
9.207460097968578339e-04
9.192335419356822968e-04
9.182799840345978737e-04
9.168112301267683506e-04
9.181965142488479614e-04
9.159201872535049915e-04
9.139514295384287834e-04
9.121058974415063858e-04
9.110091486945748329e-04
9.097828879021108150e-04
9.118792368099093437e-04
9.093183325603604317e-04
9.081517346203327179e-04
9.068335639312863350e-04
9.050644584931433201e-04
9.032044326886534691e-04
9.010066860355436802e-04
8.982649305835366249e-04
8.980890270322561264e-04
8.970033377408981323e-04
8.957078680396080017e-04
8.944504079408943653e-04
8.922886336222290993e-04
8.954816730692982674e-04
8.912758785299956799e-04
8.888154989108443260e-04
8.865502895787358284e-04
8.858653018251061440e-04
8.833382744342088699e-04
8.824826218187808990e-04
8.805379620753228664e-04
8.935346850194036961e-04
8.800755022093653679e-04
8.783972007222473621e-04
8.766403188928961754e-04
8.752550929784774780e-04
8.743630023673176765e-04
8.731430862098932266e-04
8.724979124963283539e-04
8.716051816008985043e-04
8.708676905371248722e-04
8.695915457792580128e-04
8.679707534611225128e-04
8.665061905048787594e-04
8.654255652800202370e-04
8.778328774496912956e-04
8.646923815831542015e-04
8.624398615211248398e-04
8.607101626694202423e-04
8.586831390857696533e-04
8.565628668293356895e-04
8.551460341550409794e-04
8.536782115697860718e-04
8.525606244802474976e-04
8.512411150150001049e-04
8.490509353578090668e-04
8.451845496892929077e-04
8.507940219715237617e-04
8.443670812994241714e-04
8.420743979513645172e-04
8.390827570110559464e-04
8.374956669285893440e-04
8.361885556951165199e-04
8.351077558472752571e-04
8.350732387043535709e-04
8.345809765160083771e-04
8.336224127560853958e-04
8.326292154379189014e-04
8.319263579323887825e-04
8.314051665365695953e-04
8.303736685775220394e-04
8.297673193737864494e-04
8.291212143376469612e-04
8.281993214040994644e-04
8.267868543043732643e-04
8.254890562966465950e-04
8.246716461144387722e-04
8.237669244408607483e-04
8.232904365286231041e-04
8.225527126342058182e-04
8.220114978030323982e-04
8.209008374251425266e-04
8.379102800972759724e-04
8.205366320908069611e-04
8.193302201107144356e-04
8.182030869647860527e-04
8.182192686945199966e-04
8.177034324035048485e-04
8.172771194949746132e-04
8.166370680555701256e-04
8.156038820743560791e-04
8.142468286678195000e-04
8.134495001286268234e-04
8.126831380650401115e-04
8.118979167193174362e-04
8.115553064271807671e-04
8.109650225378572941e-04
8.102411520667374134e-04
8.090349147096276283e-04
8.079292019829154015e-04
8.068955503404140472e-04
8.062225533649325371e-04
8.057906525209546089e-04
8.045650320127606392e-04
8.034263737499713898e-04
8.021300309337675571e-04
8.000636007636785507e-04
7.987827411852777004e-04
7.973691681399941444e-04
7.953766034916043282e-04
7.938624476082623005e-04
7.919128984212875366e-04
7.911435095593333244e-04
7.906183600425720215e-04
7.903447840362787247e-04
7.893127622082829475e-04
7.887670071795582771e-04
7.877852767705917358e-04
7.868242100812494755e-04
7.857484160922467709e-04
7.853080751374363899e-04
7.833108538761734962e-04
7.820532773621380329e-04
7.798561709932982922e-04
7.867569802328944206e-04
7.792314281687140465e-04
7.782644825056195259e-04
7.770472439005970955e-04
7.759634172543883324e-04
7.744228350929915905e-04
7.724569877609610558e-04
7.732680533081293106e-04
7.717648986726999283e-04
7.700294372625648975e-04
7.689889753237366676e-04
7.681642891839146614e-04
7.674785447306931019e-04
7.670122431591153145e-04
7.665596203878521919e-04
7.663359283469617367e-04
7.661206182092428207e-04
7.656059460714459419e-04
7.652674685232341290e-04
7.643456920050084591e-04
7.639239775016903877e-04
7.633842178620398045e-04
7.625222206115722656e-04
7.627303712069988251e-04
7.617514929734170437e-04
7.600928656756877899e-04
7.589920423924922943e-04
7.576828356832265854e-04
7.565703708678483963e-04
7.549544097855687141e-04
7.540007354691624641e-04
7.530030561611056328e-04
7.521958905272185802e-04
7.511440198868513107e-04
7.491642609238624573e-04
7.479923660866916180e-04
7.467437535524368286e-04
7.458720356225967407e-04
7.452775025740265846e-04
7.439833134412765503e-04
7.432813290506601334e-04
7.420772453770041466e-04
7.412862032651901245e-04
7.401900365948677063e-04
7.391906110569834709e-04
7.385023054666817188e-04
7.376963039860129356e-04
7.397455628961324692e-04
7.373018888756632805e-04
7.364606717601418495e-04
7.348457584157586098e-04
7.336587877944111824e-04
7.322579622268676758e-04
7.315556285902857780e-04
7.308250060304999352e-04
7.304566679522395134e-04
7.302752928808331490e-04
7.295355899259448051e-04
7.287557236850261688e-04
7.277893600985407829e-04
7.270069909282028675e-04
7.262256694957613945e-04
7.254839874804019928e-04
7.250978378579020500e-04
7.245690794661641121e-04
7.238183170557022095e-04
7.224887376651167870e-04
7.272132206708192825e-04
7.212791824713349342e-04
7.241310086101293564e-04
7.208748720586299896e-04
7.196856895461678505e-04
7.185639115050435066e-04
7.178146624937653542e-04
7.165113929659128189e-04
7.328696083277463913e-04
7.163152331486344337e-04
7.155843777582049370e-04
7.139595109038054943e-04
7.115040207281708717e-04
7.182674016803503036e-04
7.101870724000036716e-04
7.084209355525672436e-04
7.063744124025106430e-04
7.046952378004789352e-04
7.019180338829755783e-04
7.000369951128959656e-04
6.992327980697154999e-04
6.981306942179799080e-04
6.974984426051378250e-04
6.967564113438129425e-04
6.955403368920087814e-04
6.940889870747923851e-04
6.926622008904814720e-04
6.910883821547031403e-04
6.893563549965620041e-04
6.873180391266942024e-04
6.849133060313761234e-04
6.813145009800791740e-04
6.793562788516283035e-04
6.814724765717983246e-04
6.781340343877673149e-04
6.760490359738469124e-04
6.739062955603003502e-04
6.715806666761636734e-04
6.709250155836343765e-04
6.693073664791882038e-04
6.687862332910299301e-04
6.677309283986687660e-04
6.665643304586410522e-04
6.645795656368136406e-04
6.694738985970616341e-04
6.638514460064470768e-04
6.619042251259088516e-04
6.605904200114309788e-04
6.644073873758316040e-04
6.601270288228988647e-04
6.593009456992149353e-04
6.581976776942610741e-04
6.565762450918555260e-04
6.554122082889080048e-04
6.544789648614823818e-04
6.537508452311158180e-04
6.531829712912440300e-04
6.521926843561232090e-04
6.511370302177965641e-04
6.497837603092193604e-04
6.486615748144686222e-04
6.472708191722631454e-04
6.459647556766867638e-04
6.450534565374255180e-04
6.431419169530272484e-04
6.472663953900337219e-04
6.425221217796206474e-04
6.409819470718502998e-04
6.393163930624723434e-04
6.379502592608332634e-04
6.371735944412648678e-04
6.361845880746841431e-04
6.355848163366317749e-04
6.348725873976945877e-04
6.340073305182158947e-04
6.331754848361015320e-04
6.317007355391979218e-04
6.311926408670842648e-04
6.308804731816053391e-04
6.304669659584760666e-04
6.295699859037995338e-04
6.286267307586967945e-04
6.275854539126157761e-04
6.263776449486613274e-04
6.258199573494493961e-04
6.248223362490534782e-04
6.239858339540660381e-04
6.229802966117858887e-04
6.220900686457753181e-04
6.213930901139974594e-04
6.210478022694587708e-04
6.206854595802724361e-04
6.202554795891046524e-04
6.198898190632462502e-04
6.190260173752903938e-04
6.179859628900885582e-04
6.176646566018462181e-04
6.166360690258443356e-04
6.162412464618682861e-04
6.157360039651393890e-04
6.152708083391189575e-04
6.144556100480258465e-04
6.134622963145375252e-04
6.123982602730393410e-04
6.114674615673720837e-04
6.105492357164621353e-04
6.100126774981617928e-04
6.094558630138635635e-04
6.087713991291821003e-04
6.082289619371294975e-04
6.078378064557909966e-04
6.073354743421077728e-04
6.063370383344590664e-04
6.054041441529989243e-04
6.048216018825769424e-04
6.042881868779659271e-04
6.040704902261495590e-04
6.038438295945525169e-04
6.032258970662951469e-04
6.032891105860471725e-04
6.028443458490073681e-04
6.022988818585872650e-04
6.016646511852741241e-04
6.011364748701453209e-04
6.019663996994495392e-04
6.007651099935173988e-04
5.999667337164282799e-04
5.989790661260485649e-04
5.981413996778428555e-04
5.976266693323850632e-04
5.968235782347619534e-04
5.964274751022458076e-04
5.959868431091308594e-04
5.955424858257174492e-04
5.947886966168880463e-04
5.953341606073081493e-04
5.944310687482357025e-04
5.939964903518557549e-04
5.937224486842751503e-04
5.935658700764179230e-04
5.931752966716885567e-04
5.927028250880539417e-04
5.921211559325456619e-04
5.916318623349070549e-04
5.908742314204573631e-04
5.903937271796166897e-04
5.900560645386576653e-04
5.894729401916265488e-04
5.890092579647898674e-04
5.884603597223758698e-04
5.876448703929781914e-04
5.871488247066736221e-04
5.864565027877688408e-04
5.856960196979343891e-04
5.853871698491275311e-04
5.849490407854318619e-04
5.845829728059470654e-04
5.840476951561868191e-04
5.843291291967034340e-04
5.837429198436439037e-04
5.832521710544824600e-04
5.828518187627196312e-04
5.824866238981485367e-04
5.821188678964972496e-04
5.822878447361290455e-04
5.818615318275988102e-04
5.814469186589121819e-04
5.811036098748445511e-04
5.801601218990981579e-04
5.793621530756354332e-04
5.789986462332308292e-04
5.787399131804704666e-04
5.782183725386857986e-04
5.778012564405798912e-04
5.773562006652355194e-04
5.769184208475053310e-04
5.763566587120294571e-04
5.760489730164408684e-04
5.756832542829215527e-04
5.752779543399810791e-04
5.748046678490936756e-04
5.741704953834414482e-04
5.734072183258831501e-04
5.726737435907125473e-04
5.720195476897060871e-04
5.718077300116419792e-04
5.711792036890983582e-04
5.705511430278420448e-04
5.700718029402196407e-04
5.693039856851100922e-04
5.684075877070426941e-04
5.678002489730715752e-04
5.668122903443872929e-04
5.661675240844488144e-04
5.654222331941127777e-04
5.653075641021132469e-04
5.648417281918227673e-04
5.646331701427698135e-04
5.643997574225068092e-04
5.641463794745504856e-04
5.638395668938755989e-04
5.632843240164220333e-04
5.629217484965920448e-04
5.625188350677490234e-04
5.621032323688268661e-04
5.613687681034207344e-04
5.638267612084746361e-04
5.611843662336468697e-04
5.608074716292321682e-04
5.604363395832479000e-04
5.601033335551619530e-04
5.594642134383320808e-04
5.587105406448245049e-04
5.580526776611804962e-04
5.573310190811753273e-04
5.558158154599368572e-04
5.557480617426335812e-04
5.551298381760716438e-04
5.543940933421254158e-04
5.570200737565755844e-04
5.542348953895270824e-04
5.540114361792802811e-04
5.537855904549360275e-04
5.532873328775167465e-04
5.526318564079701900e-04
5.612811655737459660e-04
5.525365704670548439e-04
5.521986167877912521e-04
5.518274265341460705e-04
5.512814968824386597e-04
5.506741581484675407e-04
5.507196183316409588e-04
5.502543062902987003e-04
5.496859084814786911e-04
5.491835763677954674e-04
5.488021415658295155e-04
5.481034168042242527e-04
5.473240744322538376e-04
5.465637659654021263e-04
5.455774953588843346e-04
5.451270844787359238e-04
5.446670111268758774e-04
5.439026281237602234e-04
5.448580486699938774e-04
5.437338841147720814e-04
5.434220656752586365e-04
5.427595460787415504e-04
5.421591922640800476e-04
5.419040098786354065e-04
5.412019672803580761e-04
5.408994620665907860e-04
5.399931687861680984e-04
5.389534053392708302e-04
5.389431025832891464e-04
5.380918155424296856e-04
5.387021810747683048e-04
5.375261534936726093e-04
5.365042597986757755e-04
5.358905182220041752e-04
5.351841100491583347e-04
5.351089639589190483e-04
5.346878315322101116e-04
5.337023758329451084e-04
5.326428217813372612e-04
5.316013121046125889e-04
5.310990381985902786e-04
5.304250516928732395e-04
5.296085146255791187e-04
5.287469248287379742e-04
5.289685796014964581e-04
5.283231730572879314e-04
5.277551244944334030e-04
5.275770672596991062e-04
5.273270071484148502e-04
5.270775873214006424e-04
5.266832886263728142e-04
5.261303158476948738e-04
5.252828123047947884e-04
5.245928186923265457e-04
5.239353049546480179e-04
5.232776748016476631e-04
5.223903572186827660e-04
5.213937256485223770e-04
5.206837086006999016e-04
5.200307932682335377e-04
5.193718243390321732e-04
5.178674473427236080e-04
5.170937511138617992e-04
5.164133035577833652e-04
5.159688298590481281e-04
5.153476959094405174e-04
5.148292402736842632e-04
5.141890142112970352e-04
5.138158448971807957e-04
5.130097852088510990e-04
5.124463932588696480e-04
5.113884690217673779e-04
5.106686148792505264e-04
5.101008573547005653e-04
5.097832763567566872e-04
5.095061496831476688e-04
5.087237805128097534e-04
5.077848327346146107e-04
5.071608466096222401e-04
5.061686388216912746e-04
5.052309716120362282e-04
5.046895821578800678e-04
5.041721742600202560e-04
5.036700167693197727e-04
5.030594184063374996e-04
5.039091338403522968e-04
5.027525476180016994e-04
5.023232661187648773e-04
5.008986336179077625e-04
5.000943783670663834e-04
4.994543851353228092e-04
4.989645094610750675e-04
4.988773143850266933e-04
4.981389502063393593e-04
4.977097269147634506e-04
4.971737507730722427e-04
4.966404521837830544e-04
4.961430677212774754e-04
4.959679208695888519e-04
4.955260083079338074e-04
4.953088937327265739e-04
4.948540590703487396e-04
4.941922379657626152e-04
4.934932803735136986e-04
4.935296601615846157e-04
4.931694129481911659e-04
4.927968257106840611e-04
4.923369269818067551e-04
4.918987397104501724e-04
4.910461138933897018e-04
4.898086772300302982e-04
4.885297385044395924e-04
4.891823045909404755e-04
4.879781627096235752e-04
4.872952995356172323e-04
4.866310628131031990e-04
4.860959015786647797e-04
4.849604738410562277e-04
4.842453636229038239e-04
4.834198625758290291e-04
4.828102537430822849e-04
4.825349897146224976e-04
4.822025075554847717e-04
4.817782028112560511e-04
4.815546271856874228e-04
4.812256665900349617e-04
4.810212994925677776e-04
4.807221121154725552e-04
4.805596545338630676e-04
4.802457406185567379e-04
4.799322341568768024e-04
4.798870068043470383e-04
4.796708817593753338e-04
4.792718100361526012e-04
4.789898521266877651e-04
4.787939833477139473e-04
4.785471246577799320e-04
4.782729083672165871e-04
4.777847789227962494e-04
4.780046874657273293e-04
4.773957771249115467e-04
4.769141087308526039e-04
4.762018506880849600e-04
4.754778055939823389e-04
4.750201769638806581e-04
4.746146150864660740e-04
4.743238969240337610e-04
4.740741860587149858e-04
4.737793060485273600e-04
4.734138492494821548e-04
4.729464999400079250e-04
4.726297920569777489e-04
4.723453894257545471e-04
4.717950068879872561e-04
4.715159884653985500e-04
4.729858483187854290e-04
4.713641828857362270e-04
4.710476496256887913e-04
4.707717744167894125e-04
4.703996528405696154e-04
4.699552664533257484e-04
4.694509552791714668e-04
4.691117792390286922e-04
4.688386688940227032e-04
4.687304899562150240e-04
4.683868028223514557e-04
4.680064739659428596e-04
4.676621756516396999e-04
4.672973882406949997e-04
4.677404067479074001e-04
4.671328642871230841e-04
4.669042536988854408e-04
4.666586755774915218e-04
4.662848368752747774e-04
4.655595112126320601e-04
4.644793516490608454e-04
4.633881617337465286e-04
4.631264600902795792e-04
4.623273562174290419e-04
4.620499094016849995e-04
4.618146340362727642e-04
4.615393700078129768e-04
4.611910262610763311e-04
4.608011222444474697e-04
4.669596964959055185e-04
4.606577276717871428e-04
4.604414862114936113e-04
4.600481479428708553e-04
4.598238738253712654e-04
4.593927296809852123e-04
4.589651362039148808e-04
4.585330316331237555e-04
4.581271205097436905e-04
4.574754566419869661e-04
4.567425639834254980e-04
4.559251829050481319e-04
4.614955396391451359e-04
4.556496860459446907e-04
4.550926096271723509e-04
4.545901902019977570e-04
4.539869842119514942e-04
4.533046740107238293e-04
4.528145364020019770e-04
4.523559473454952240e-04
4.519386275205761194e-04
4.516176122706383467e-04
4.511135921347886324e-04
4.506654804572463036e-04
4.503533418755978346e-04
4.500302020460367203e-04
4.496318870224058628e-04
4.492051666602492332e-04
4.486607504077255726e-04
4.500733921304345131e-04
4.483334487304091454e-04
4.476293397601693869e-04
4.469814011827111244e-04
4.465265665203332901e-04
4.461038624867796898e-04
4.456954775378108025e-04
4.451016720850020647e-04
4.442712815944105387e-04
4.439910990186035633e-04
4.433727590367197990e-04
4.431266570463776588e-04
4.427411477081477642e-04
4.423971986398100853e-04
4.419016186147928238e-04
4.412525449879467487e-04
4.404414212331175804e-04
4.400094621814787388e-04
4.393448180053383112e-04
4.389106179587543011e-04
4.383849154692143202e-04
4.379098827484995127e-04
4.372707044240087271e-04
4.374831914901733398e-04
4.367629298940300941e-04
4.362285253591835499e-04
4.358555597718805075e-04
4.356369609013199806e-04
4.351538373157382011e-04
4.349256050772964954e-04
4.343621840234845877e-04
4.341581661719828844e-04
4.338665457908064127e-04
4.335534758865833282e-04
4.329569055698812008e-04
4.324648180045187473e-04
4.321632732171565294e-04
4.319822473917156458e-04
4.317606799304485321e-04
4.314757534302771091e-04
4.308380302973091602e-04
4.300759173929691315e-04
4.294288228265941143e-04
4.290192446205765009e-04
4.285936593078076839e-04
4.282636800780892372e-04
4.274828534107655287e-04
4.271997022442519665e-04
4.270102363079786301e-04
4.267049953341484070e-04
4.277052648831158876e-04
4.265365423634648323e-04
4.261393332853913307e-04
4.257883701939135790e-04
4.254651721566915512e-04
4.251688951626420021e-04
4.253100487403571606e-04
4.249988996889442205e-04
4.247205797582864761e-04
4.245179006829857826e-04
4.242785216774791479e-04
4.239159461576491594e-04
4.232909413985908031e-04
4.225352022331207991e-04
4.225221346132457256e-04
4.220192204229533672e-04
4.213516949675977230e-04
4.208107129670679569e-04
4.201671690680086613e-04
4.195611691102385521e-04
4.191484185867011547e-04
4.188010061625391245e-04
4.185256548225879669e-04
4.178647359367460012e-04
4.171911277808248997e-04
4.168943560216575861e-04
4.163710982538759708e-04
4.161647520959377289e-04
4.157906514592468739e-04
4.153566551394760609e-04
4.151728644501417875e-04
4.147666622884571552e-04
4.146566498093307018e-04
4.144882550463080406e-04
4.142068501096218824e-04
4.143586265854537487e-04
4.140475357417017221e-04
4.138111253269016743e-04
4.133905749768018723e-04
4.130317247472703457e-04
4.125104169361293316e-04
4.120901867281645536e-04
4.118116339668631554e-04
4.116320633329451084e-04
4.113516770303249359e-04
4.111283924430608749e-04
4.108842695131897926e-04
4.108482971787452698e-04
4.106133128516376019e-04
4.105189582332968712e-04
4.103702958673238754e-04
4.101847298443317413e-04
4.102337406948208809e-04
4.100322548765689135e-04
4.097742203157395124e-04
4.095438052900135517e-04
4.092779126949608326e-04
4.098394419997930527e-04
4.091995069757103920e-04
4.090779984835535288e-04
4.088788991793990135e-04
4.086240078322589397e-04
4.082459490746259689e-04
4.083273233845829964e-04
4.080302314832806587e-04
4.075697506777942181e-04
4.072657611686736345e-04
4.070103168487548828e-04
4.067082481924444437e-04
4.065777757205069065e-04
4.062103107571601868e-04
4.060156061314046383e-04
4.057163023389875889e-04
4.053279990330338478e-04
4.055141180288046598e-04
4.050623974762856960e-04
4.045088717248290777e-04
4.040396597702056170e-04
4.034781595692038536e-04
4.030459385830909014e-04
4.024392110295593739e-04
4.021819331683218479e-04
4.014821606688201427e-04
4.011387936770915985e-04
4.007522948086261749e-04
4.005239461548626423e-04
4.002199566457420588e-04
3.996328450739383698e-04
3.990112454630434513e-04
3.989666001871228218e-04
3.987421805504709482e-04
3.984904906246811152e-04
3.982444759458303452e-04
3.980914189014583826e-04
3.977992455475032330e-04
3.974352148361504078e-04
3.971322439610958099e-04
3.969429235439747572e-04
3.967005759477615356e-04
3.963337512686848640e-04
3.960769972763955593e-04
3.957022563554346561e-04
3.954754793085157871e-04
3.953151172026991844e-04
3.950732643716037273e-04
3.948730882257223129e-04
3.977755841333419085e-04
3.947733785025775433e-04
3.944584459532052279e-04
3.940071328543126583e-04
3.939010784961283207e-04
3.933589905500411987e-04
3.931570972781628370e-04
3.928774967789649963e-04
3.925627679564058781e-04
3.926353820133954287e-04
3.922634350601583719e-04
3.918561851605772972e-04
3.913333057425916195e-04
3.910103696398437023e-04
3.903461911249905825e-04
3.900875453837215900e-04
3.893815155606716871e-04
3.890606458298861980e-04
3.887283382937312126e-04
3.884647449012845755e-04
3.897527931258082390e-04
3.883180615957826376e-04
3.880857257172465324e-04
3.876880509778857231e-04
3.874030662700533867e-04
3.869285574182868004e-04
3.867897030431777239e-04
3.864448226522654295e-04
3.863301826640963554e-04
3.862032317556440830e-04
3.860158321913331747e-04
3.857982228510081768e-04
3.856850962620228529e-04
3.854185924865305424e-04
3.853036032523959875e-04
3.851782530546188354e-04
3.850293578580021858e-04
3.847524058073759079e-04
3.848921915050595999e-04
3.846434410661458969e-04
3.844833117909729481e-04
3.843416343443095684e-04
3.841756260953843594e-04
3.840764693450182676e-04
3.836187534034252167e-04
3.834422386717051268e-04
3.832582442555576563e-04
3.830912173725664616e-04
3.826620522886514664e-04
3.823310835286974907e-04
3.821096033789217472e-04
3.820005804300308228e-04
3.819231060333549976e-04
3.817097749561071396e-04
3.813810471910983324e-04
3.824784071184694767e-04
3.812421346083283424e-04
3.808689943980425596e-04
3.806031309068202972e-04
3.803825238719582558e-04
3.802197461482137442e-04
3.800365375354886055e-04
3.797874378506094217e-04
3.794243093580007553e-04
3.790238406509160995e-04
3.788638277910649776e-04
3.784396103583276272e-04
3.782330313697457314e-04
3.779013641178607941e-04
3.774697543121874332e-04
3.770026669371873140e-04
3.766546433325856924e-04
3.763957647606730461e-04
3.757836529985070229e-04
3.752293123397976160e-04
3.748842864297330379e-04
3.743699053302407265e-04
3.741671098396182060e-04
3.739220555871725082e-04
3.735395148396492004e-04
3.729943127837032080e-04
3.746264264918863773e-04
3.728160227183252573e-04
3.723387490026652813e-04
3.716733772307634354e-04
3.707547148223966360e-04
3.701137320604175329e-04
3.692763857543468475e-04
3.686379059217870235e-04
3.681383677758276463e-04
3.678167122416198254e-04
3.674305044114589691e-04
3.669406578410416842e-04
3.663020906969904900e-04
3.670120495371520519e-04
3.661165246739983559e-04
3.658253699541091919e-04
3.652769664768129587e-04
3.648950951173901558e-04
3.645592951215803623e-04
3.643253876361995935e-04
3.641940711531788111e-04
3.639823698904365301e-04
3.637660993263125420e-04
3.634267486631870270e-04
3.635189495980739594e-04
3.631950821727514267e-04
3.628304693847894669e-04
3.623519151005893946e-04
3.621438518166542053e-04
3.618529299274086952e-04
3.616693138610571623e-04
3.613458829931914806e-04
3.610723942983895540e-04
3.607072576414793730e-04
3.605426754802465439e-04
3.602522192522883415e-04
3.598789335228502750e-04
3.596074529923498631e-04
3.591812856029719114e-04
3.589704283513128757e-04
3.595624875742942095e-04
3.586074162740260363e-04
3.583270008675754070e-04
3.581320925150066614e-04
3.579201293177902699e-04
3.577021998353302479e-04
3.576003946363925934e-04
3.573714348021894693e-04
3.570221015252172947e-04
3.567348467186093330e-04
3.563729114830493927e-04
3.561536141205579042e-04
3.555717994458973408e-04
3.552023263182491064e-04
3.547088708728551865e-04
3.545334329828619957e-04
3.542301128618419170e-04
3.540375037118792534e-04
3.538527525961399078e-04
3.534835122991353273e-04
3.532939008437097073e-04
3.528303932398557663e-04
3.525334759615361691e-04
3.520690661389380693e-04
3.518756711855530739e-04
3.514210111461579800e-04
3.512157709337770939e-04
3.509449888952076435e-04
3.506276989355683327e-04
3.508489753585308790e-04
3.502382605802267790e-04
3.498527221381664276e-04
3.493236727081239223e-04
3.492456744424998760e-04
3.490382805466651917e-04
3.488653164822608232e-04
3.487521898932754993e-04
3.485636552795767784e-04
3.482414467725902796e-04
3.480033483356237411e-04
3.477133577689528465e-04
3.475217090453952551e-04
3.472987446002662182e-04
3.469090443104505539e-04
3.464477777015417814e-04
3.461963788140565157e-04
3.457863349467515945e-04
3.455638070590794086e-04
3.453895915299654007e-04
3.450497169978916645e-04
3.445417387410998344e-04
3.443906898610293865e-04
3.436981060076504946e-04
3.433573874644935131e-04
3.430171636864542961e-04
3.426274925004690886e-04
3.421252476982772350e-04
3.418301930651068687e-04
3.415415994822978973e-04
3.411877551116049290e-04
3.404392627999186516e-04
3.452486707828938961e-04
3.402805305086076260e-04
3.398070402909070253e-04
3.392997896298766136e-04
3.385081363376230001e-04
3.378937835805118084e-04
3.372633364051580429e-04
3.367936005815863609e-04
3.365291049703955650e-04
3.362794232089072466e-04
3.359424881637096405e-04
3.355706576257944107e-04
3.352115745656192303e-04
3.346785088069736958e-04
3.343773132655769587e-04
3.340657276567071676e-04
3.334888897370547056e-04
3.330467734485864639e-04
3.328251186758279800e-04
3.322653938084840775e-04
3.315081412438303232e-04
3.309298190288245678e-04
3.304512356407940388e-04
3.300719836261123419e-04
3.297840303275734186e-04
3.295562346465885639e-04
3.294143825769424438e-04
3.292302717454731464e-04
3.290000895503908396e-04
3.287386207375675440e-04
3.284799167886376381e-04
3.280693490523844957e-04
3.278232179582118988e-04
3.274815389886498451e-04
3.271193709224462509e-04
3.266898856963962317e-04
3.264513507019728422e-04
3.260876110289245844e-04
3.256961936131119728e-04
3.249169676564633846e-04
3.243283426854759455e-04
3.235935582779347897e-04
3.228546993341296911e-04
3.221498918719589710e-04
3.216466284357011318e-04
3.212708979845046997e-04
3.210658906027674675e-04
3.208777634426951408e-04
3.207239788025617599e-04
3.205243847332894802e-04
3.205665270797908306e-04
3.203547094017267227e-04
3.201235085725784302e-04
3.199122147634625435e-04
3.198732156306505203e-04
3.196737961843609810e-04
3.195652388967573643e-04
3.193826414644718170e-04
3.191806317772716284e-04
3.189863346051424742e-04
3.185257955919951200e-04
3.182392683811485767e-04
3.179194463882595301e-04
3.176242753397673368e-04
3.172662691213190556e-04
3.169931005686521530e-04
3.166929236613214016e-04
3.163105866406112909e-04
3.160921623930335045e-04
3.159398620482534170e-04
3.157306928187608719e-04
3.155405865982174873e-04
3.151622076984494925e-04
3.148149116896092892e-04
3.144782385788857937e-04
3.141618217341601849e-04
3.138283500447869301e-04
3.132715355604887009e-04
3.130008699372410774e-04
3.127503150608390570e-04
3.123388742096722126e-04
3.122633788734674454e-04
3.119435859844088554e-04
3.118043532595038414e-04
3.116523439530283213e-04
3.114160499535501003e-04
3.118152671959251165e-04
3.112570266239345074e-04
3.109147073701024055e-04
3.105980576947331429e-04
3.101751208305358887e-04
3.097861481364816427e-04
3.092295373789966106e-04
3.086179494857788086e-04
3.079458256252110004e-04
3.076756547670811415e-04
3.072634281124919653e-04
3.070738748647272587e-04
3.069114172831177711e-04
3.067308571189641953e-04
3.065245109610259533e-04
3.062702598981559277e-04
3.065194177906960249e-04
3.060806775465607643e-04
3.056705463677644730e-04
3.049005754292011261e-04
3.041916643269360065e-04
3.036363923456519842e-04
3.033445100300014019e-04
3.032069362234324217e-04
3.030578955076634884e-04
3.029747458640486002e-04
3.028726496268063784e-04
3.027663042303174734e-04
3.026291378773748875e-04
3.025367914233356714e-04
3.024027100764214993e-04
3.022774471901357174e-04
3.021516604349017143e-04
3.019117284566164017e-04
3.018959541805088520e-04
3.017522685695439577e-04
3.015554393641650677e-04
3.013983950950205326e-04
3.012746747117489576e-04
3.013242094311863184e-04
3.011910594068467617e-04
3.010524378623813391e-04
3.009440551977604628e-04
3.008422208949923515e-04
3.006740007549524307e-04
3.006080805789679289e-04
3.004553145729005337e-04
3.004002501256763935e-04
3.003499587066471577e-04
3.002491139341145754e-04
3.000604338012635708e-04
3.003189922310411930e-04
2.999816788360476494e-04
2.998403215315192938e-04
2.996842085849493742e-04
2.996083931066095829e-04
2.994293754454702139e-04
2.999784192070364952e-04
2.993791131302714348e-04
2.992671506945043802e-04
2.990940993186086416e-04
2.989084459841251373e-04
2.987991902045905590e-04
2.984735183417797089e-04
2.982434525620192289e-04
2.980586723424494267e-04
2.979010459966957569e-04
2.976052055601030588e-04
2.973918744828552008e-04
2.972202491946518421e-04
2.970846253447234631e-04
2.968830522149801254e-04
2.967145992442965508e-04
2.962863945867866278e-04
2.961861609946936369e-04
2.958317636512219906e-04
2.955585368908941746e-04
2.953350776806473732e-04
2.951643837150186300e-04
2.950140042230486870e-04
2.948958426713943481e-04
2.948191249743103981e-04
2.946845197584480047e-04
2.945981395896524191e-04
2.944698790088295937e-04
2.942252322100102901e-04
2.939198166131973267e-04
2.938913530670106411e-04
2.936925156973302364e-04
2.933579089585691690e-04
2.930324990302324295e-04
2.927562163677066565e-04
2.925444277934730053e-04
2.924147411249577999e-04
2.921335399150848389e-04
2.917733218055218458e-04
2.912554191425442696e-04
2.914259675890207291e-04
2.910100156441330910e-04
2.906427544075995684e-04
2.903528511524200439e-04
2.901482221204787493e-04
2.902318956330418587e-04
2.899418177548795938e-04
2.895271754823625088e-04
2.891267067752778530e-04
2.887405862566083670e-04
2.883696870412677526e-04
2.897035155910998583e-04
2.883039123844355345e-04
2.881413674913346767e-04
2.879478852264583111e-04
2.878102241083979607e-04
2.877059159800410271e-04
2.876145299524068832e-04
2.874901110772043467e-04
2.874157507903873920e-04
2.872618206311017275e-04
2.870894968509674072e-04
2.868158626370131969e-04
2.865089336410164833e-04
2.861401881091296673e-04
2.856753417290747166e-04
2.853482437785714865e-04
2.855045022442936897e-04
2.851632307283580303e-04
2.850308082997798920e-04
2.848565927706658840e-04
2.846846473403275013e-04
2.843898837454617023e-04
2.843577531166374683e-04
2.841638925019651651e-04
2.840950619429349899e-04
2.839338849298655987e-04
2.837718056980520487e-04
2.839464868884533644e-04
2.836811472661793232e-04
2.835076884366571903e-04
2.834068727679550648e-04
2.833080652635544538e-04
2.832108875736594200e-04
2.831332967616617680e-04
2.829829463735222816e-04
2.828450524248182774e-04
2.825913834385573864e-04
2.837263746187090874e-04
2.825218252837657928e-04
2.823675167746841908e-04
2.822791284415870905e-04
2.821988309733569622e-04
2.820851514115929604e-04
2.818975190166383982e-04
2.815744664985686541e-04
2.812009188346564770e-04
2.813650644384324551e-04
2.809603174682706594e-04
2.807148557621985674e-04
2.805669791996479034e-04
2.802513190545141697e-04
2.800339716486632824e-04
2.796436310745775700e-04
2.793853054754436016e-04
2.792106533888727427e-04
2.794656029436737299e-04
2.791170845739543438e-04
2.789936261251568794e-04
2.787987468764185905e-04
2.786071272566914558e-04
2.785028773359954357e-04
2.784128300845623016e-04
2.783380623441189528e-04
2.782864903565496206e-04
2.781263901852071285e-04
2.780066570267081261e-04
2.779312198981642723e-04
2.778207708615809679e-04
2.776091278064996004e-04
2.774368622340261936e-04
2.772341831587255001e-04
2.770462888292968273e-04
2.767740515992045403e-04
2.765458193607628345e-04
2.763658994808793068e-04
2.762821968644857407e-04
2.762199146673083305e-04
2.761612704489380121e-04
2.760630159173160791e-04
2.759399358183145523e-04
2.757713082246482372e-04
2.756212779786437750e-04
2.754760207608342171e-04
2.752452273853123188e-04
2.751878055278211832e-04
2.751103602349758148e-04
2.749980194494128227e-04
2.749298873823136091e-04
2.747313119471073151e-04
2.745684760157018900e-04
2.744555822573602200e-04
2.742009237408638000e-04
2.740293857641518116e-04
2.739238261710852385e-04
2.738341572694480419e-04
2.737170434556901455e-04
2.734735608100891113e-04
2.732287975959479809e-04
2.729713451117277145e-04
2.728262625169008970e-04
2.725489903241395950e-04
2.722861827351152897e-04
2.720689517445862293e-04
2.718259638641029596e-04
2.721349883358925581e-04
2.717509050853550434e-04
2.716482849791646004e-04
2.715226728469133377e-04
2.713006688281893730e-04
2.711926354095339775e-04
2.708950778469443321e-04
2.707120147533714771e-04
2.704609069041907787e-04
2.705834340304136276e-04
2.703547361306846142e-04
2.701364574022591114e-04
2.696164301596581936e-04
2.692010893952101469e-04
2.717380993999540806e-04
2.690727997105568647e-04
2.688141830731183290e-04
2.686976804398000240e-04
2.686062653083354235e-04
2.684991923160851002e-04
2.683339116629213095e-04
2.686409570742398500e-04
2.682469785213470459e-04
2.681058249436318874e-04
2.680012548808008432e-04
2.678521559573709965e-04
2.676197909750044346e-04
2.673123672138899565e-04
2.670421672519296408e-04
2.666547952685505152e-04
2.663947816472500563e-04
2.661038888618350029e-04
2.658530720509588718e-04
2.656757715158164501e-04
2.655116259120404720e-04
2.653723931871354580e-04
2.652088296599686146e-04
2.650890965014696121e-04
2.653782721608877182e-04
2.650390961207449436e-04
2.649304806254804134e-04
2.647925284691154957e-04
2.646074863150715828e-04
2.645217755343765020e-04
2.643269544932991266e-04
2.642142935656011105e-04
2.641182218212634325e-04
2.639921149238944054e-04
2.642149338498711586e-04
2.638811129145324230e-04
2.637008146848529577e-04
2.634417614899575710e-04
2.632057294249534607e-04
2.634031698107719421e-04
2.630981034599244595e-04
2.628887305036187172e-04
2.627407957334071398e-04
2.626087225507944822e-04
2.625600318424403667e-04
2.625060442369431257e-04
2.624755143187940121e-04
2.624074404593557119e-04
2.622392785269767046e-04
2.620888408273458481e-04
2.619139850139617920e-04
2.617288846522569656e-04
2.613539109006524086e-04
2.611580130178481340e-04
2.608926733955740929e-04
2.605910704005509615e-04
2.603187458589673042e-04
2.603210450615733862e-04
2.602422027848660946e-04
2.601091982796788216e-04
2.599615545477718115e-04
2.598207793198525906e-04
2.597054699435830116e-04
2.595275873318314552e-04
2.592926903162151575e-04
2.591074444353580475e-04
2.590291551314294338e-04
2.588986826594918966e-04
2.588014467619359493e-04
2.586863702163100243e-04
2.584782196208834648e-04
2.583844179753214121e-04
2.582152374088764191e-04
2.580603759270161390e-04
2.579043502919375896e-04
2.576942206360399723e-04
2.574354002717882395e-04
2.572370576672255993e-04
2.569738717284053564e-04
2.568349591456353664e-04
2.566210750956088305e-04
2.564901369623839855e-04
2.563112066127359867e-04
2.561441506259143353e-04
2.574812970124185085e-04
2.560380380600690842e-04
2.556770632509142160e-04
2.553222584538161755e-04
2.548736229073256254e-04
2.547027834225445986e-04
2.543762093409895897e-04
2.541643916629254818e-04
2.538852859288454056e-04
2.536674437578767538e-04
2.533382503315806389e-04
2.530259953346103430e-04
2.528319018892943859e-04
2.535109233576804399e-04
2.527356846258044243e-04
2.525013987906277180e-04
2.523613511584699154e-04
2.520375419408082962e-04
2.518494147807359695e-04
2.517028478905558586e-04
2.517426619306206703e-04
2.516462700441479683e-04
2.515822125133126974e-04
2.515169326215982437e-04
2.514522639103233814e-04
2.513381768949329853e-04
2.511488564778119326e-04
2.510524354875087738e-04
2.511202765163034201e-04
2.508996112737804651e-04
2.506571763660758734e-04
2.504525182303041220e-04
2.502171555534005165e-04
2.499367401469498873e-04
2.496930537745356560e-04
2.494631626177579165e-04
2.493181091267615557e-04
2.491427585482597351e-04
2.490593760740011930e-04
2.489562320988625288e-04
2.488592872396111488e-04
2.487799793016165495e-04
2.486732264515012503e-04
2.485298027750104666e-04
2.483307034708559513e-04
2.482081181369721889e-04
2.480017137713730335e-04
2.478989772498607635e-04
2.477711532264947891e-04
2.476361114531755447e-04
2.474611974321305752e-04
2.472060150466859341e-04
2.469333703629672527e-04
2.468169550411403179e-04
2.466959995217621326e-04
2.466422738507390022e-04
2.465986181050539017e-04
2.464921271894127131e-04
2.463300479575991631e-04
2.468315651640295982e-04
2.462325792293995619e-04
2.460018149577081203e-04
2.457664231769740582e-04
2.454958739690482616e-04
2.451828040648251772e-04
2.449181629344820976e-04
2.447743027005344629e-04
2.446740109007805586e-04
2.445606514811515808e-04
2.444837300572544336e-04
2.443737757857888937e-04
2.442766563035547733e-04
2.441517426632344723e-04
2.439063100609928370e-04
2.436143986415117979e-04
2.436625072732567787e-04
2.434938505757600069e-04
2.432775509078055620e-04
2.431717584840953350e-04
2.431108878226950765e-04
2.430453023407608271e-04
2.429622400086373091e-04
2.428187581244856119e-04
2.426004211883991957e-04
2.425518759991973639e-04
2.422925026621669531e-04
2.421797835268080235e-04
2.420495438855141401e-04
2.418844815110787749e-04
2.418117073830217123e-04
2.415220224065706134e-04
2.413797337794676423e-04
2.411935711279511452e-04
2.419843222014605999e-04
2.411120658507570624e-04
2.409609442111104727e-04
2.407162683084607124e-04
2.405242848908528686e-04
2.402922109467908740e-04
2.401075907982885838e-04
2.401043311692774296e-04
2.400119847152382135e-04
2.398882788838818669e-04
2.397437929175794125e-04
2.396087948000058532e-04
2.393931208644062281e-04
2.391991001786664128e-04
2.394156472291797400e-04
2.390670997556298971e-04
2.388890425208956003e-04
2.387135464232414961e-04
2.388244174653664231e-04
2.386264386586844921e-04
2.384195686317980289e-04
2.380058867856860161e-04
2.376790362177416682e-04
2.373933384660631418e-04
2.378458302700892091e-04
2.372698800172656775e-04
2.369965950492769480e-04
2.367447887081652880e-04
2.365463151363655925e-04
2.364349784329533577e-04
2.363394742133095860e-04
2.361939405091106892e-04
2.361244405619800091e-04
2.359923964831978083e-04
2.358673518756404519e-04
2.357606135774403811e-04
2.355854521738365293e-04
2.355023316340520978e-04
2.354286261834204197e-04
2.352833253098651767e-04
2.355267642997205257e-04
2.351974253542721272e-04
2.349976857658475637e-04
2.347425324842333794e-04
2.347330882912501693e-04
2.345743123441934586e-04
2.342735970159992576e-04
2.339335333090275526e-04
2.335882745683193207e-04
2.335917088203132153e-04
2.333618467673659325e-04
2.332229050807654858e-04
2.330475545022636652e-04
2.328060800209641457e-04
2.326788380742073059e-04
2.324383385712280869e-04
2.322396903764456511e-04
2.320292114745825529e-04
2.318528713658452034e-04
2.317217295058071613e-04
2.315667225047945976e-04
2.313471341039985418e-04
2.309507399331778288e-04
2.308149996679276228e-04
2.303142100572586060e-04
2.300865889992564917e-04
2.297012833878397942e-04
2.294502919539809227e-04
2.292358840350061655e-04
2.290768898092210293e-04
2.289942931383848190e-04
2.287765382789075375e-04
2.284775255247950554e-04
2.281871566083282232e-04
2.279460750287398696e-04
2.277402381878346205e-04
2.275302540510892868e-04
2.272941346745938063e-04
2.271593257319182158e-04
2.269164397148415446e-04
2.267975651193410158e-04
2.265822986373677850e-04
2.264968352392315865e-04
2.264343056594952941e-04
2.263775095343589783e-04
2.262926282128319144e-04
2.259874454466626048e-04
2.258005260955542326e-04
2.255546860396862030e-04
2.253721322631463408e-04
2.251804107800126076e-04
2.261142362840473652e-04
2.251207188237458467e-04
2.250694960821419954e-04
2.249586395919322968e-04
2.248812670586630702e-04
2.247677184641361237e-04
2.247149532195180655e-04
2.246379735879600048e-04
2.245846844743937254e-04
2.245160139864310622e-04
2.244055795017629862e-04
2.243061317130923271e-04
2.241103211417794228e-04
2.240448957309126854e-04
2.239525201730430126e-04
2.238710294477641582e-04
2.237850130768492818e-04
2.236925211036577821e-04
2.235247811768203974e-04
2.234158600913360715e-04
2.232849656138569117e-04
2.231180551461875439e-04
2.229550736956298351e-04
2.228359226137399673e-04
2.227246295660734177e-04
2.225832431577146053e-04
2.223094343207776546e-04
2.223606570623815060e-04
2.221487811766564846e-04
2.219057641923427582e-04
2.217206056229770184e-04
2.247542433906346560e-04
2.216508146375417709e-04
2.214615815319120884e-04
2.209265803685411811e-04
2.207550278399139643e-04
2.204574411734938622e-04
2.203774638473987579e-04
2.202987961936742067e-04
2.202599862357601523e-04
2.201931201852858067e-04
2.201210882049053907e-04
2.200482122134417295e-04
2.199739974457770586e-04
2.198446309193968773e-04
2.197017456637695432e-04
2.195023262174800038e-04
